-2.8215151e-37  1.4746185e-37  -9.452227e-38
-0.004944042  0.0025824963  -2.2923712e-06
0.004956162  0.0025824963  2.2923712e-06
2.826194e-37  1.4746185e-37  9.452227e-38
-0.004956162  -0.0025824963  2.2923712e-06
0.004944042  -0.0025824963  -2.2923712e-06
-2.826194e-37  -1.4746185e-37  9.452227e-38
2.8215151e-37  -1.4746185e-37  -9.452227e-38
-0.00011604459  6.0634542e-05  -2.2923712e-07
-0.0004329527  0.00022621857  -4.5847423e-07
-0.0009069305  0.00047386397  -6.8771135e-07
-0.001494184  0.0007806826  -9.1694847e-07
-0.0021509195  0.0011237863  -1.1461856e-06
-0.002833343  0.0014802869  -1.3754227e-06
-0.003497661  0.0018272963  -1.6046598e-06
-0.004100079  0.0021419264  -1.8338969e-06
-0.0045968043  0.002401289  -2.0631342e-06
-0.004156682  0.0025824963  -9.835358e-05
-0.0032342153  0.0025824963  -0.00013006834
-0.0022104182  0.0025824963  -0.000113523245
-0.0011190674  0.0025824963  -6.480493e-05
6.0602088e-06  0.0025824963  -2.5140883e-18
0.0011311879  0.0025824963  6.480493e-05
0.0022225387  0.0025824963  0.000113523245
0.0032463358  0.0025824963  0.00013006834
0.0041688024  0.0025824963  9.835358e-05
0.00011627624  6.0634542e-05  2.2923712e-07
0.00043382752  0.00022621857  4.5847423e-07
0.00090878736  0.00047386397  6.8771135e-07
0.0014972893  0.0007806826  9.1694847e-07
0.002155467  0.0011237863  1.1461856e-06
0.0028394535  0.0014802869  1.3754227e-06
0.003505383  0.0018272963  1.6046598e-06
0.004109388  0.0021419264  1.8338969e-06
0.0046076034  0.002401289  2.0631342e-06
-0.00495495  -0.0019286681  -0.0001832575
-0.004953738  -0.0013663926  -0.0002456552
-0.0049525257  -0.0008727815  -0.00021565845
-0.004951314  -0.0004249467  -0.00012402511
-0.004950102  1.4137996e-15  -1.5129485e-06
-0.00494889  0.0004249467  0.000121120254
-0.0049476777  0.0008727815  0.0002131167
-0.0049464656  0.0013663926  0.0002437186
-0.0049452535  0.0019286681  0.00018216818
0.0049452535  -0.0019286681  0.00018216818
0.0049464656  -0.0013663926  0.0002437186
0.0049476777  -0.0008727815  0.0002131167
0.00494889  -0.0004249467  0.000121120254
0.004950102  1.3823442e-15  -1.5129485e-06
0.004951314  0.0004249467  -0.00012402511
0.0049525257  0.0008727815  -0.00021565845
0.004953738  0.0013663926  -0.0002456552
0.00495495  0.0019286681  -0.0001832575
-0.0041688024  -0.0025824963  9.835358e-05
-0.0032463358  -0.0025824963  0.00013006834
-0.0022225387  -0.0025824963  0.000113523245
-0.0011311879  -0.0025824963  6.480493e-05
-6.0602088e-06  -0.0025824963  -1.177197e-17
0.0011190674  -0.0025824963  -6.480493e-05
0.0022104182  -0.0025824963  -0.000113523245
0.0032342153  -0.0025824963  -0.00013006834
0.004156682  -0.0025824963  -9.835358e-05
-0.00011627624  -6.0634542e-05  2.2923712e-07
-0.00043382752  -0.00022621857  4.5847423e-07
-0.00090878736  -0.00047386397  6.8771135e-07
-0.0014972893  -0.0007806826  9.1694847e-07
-0.002155467  -0.0011237863  1.1461856e-06
-0.0028394535  -0.0014802869  1.3754227e-06
-0.003505383  -0.0018272963  1.6046598e-06
-0.004109388  -0.0021419264  1.8338969e-06
-0.0046076034  -0.002401289  2.0631342e-06
0.00011604459  -6.0634542e-05  -2.2923712e-07
0.0004329527  -0.00022621857  -4.5847423e-07
0.0009069305  -0.00047386397  -6.8771135e-07
0.001494184  -0.0007806826  -9.1694847e-07
0.0021509195  -0.0011237863  -1.1461856e-06
0.002833343  -0.0014802869  -1.3754227e-06
0.003497661  -0.0018272963  -1.6046598e-06
0.004100079  -0.0021419264  -1.8338969e-06
0.0045968043  -0.002401289  -2.0631342e-06
