-1.91121639660273e-05	-0.000535584996050622	0.135348038568339
-0.000932585581294888	-0.00051823918476378	0.727485613013613
-0.00110757325831168	-0.00175566552849024	1.93206322843192
-0.00208387640496288	-0.00216524661355832	3.71721073797048
-0.00183602913126993	-0.00285770418851932	6.06052057672292
-0.00171776364977451	-0.00350364380632656	8.61866351121143
-0.00170866689047719	-0.00392277753116893	11.1486187300516
-0.00151036908275775	-0.00419061078204109	13.447994599051
0	0	0
-0.00150483260984921	-0.00445234703999638	15.5212905324954
-0.00165614252824295	-0.0043789497085958	15.2919237212982
-0.00193168006747159	-0.0042672113904756	14.2337450322944
-0.0023250026944267	-0.00417634122071808	13.3727830858849
-0.00269867278289417	-0.00411791594367612	13.0748802333046
-0.0031109544841745	-0.00414379616966261	13.6546645108359
-0.00333323060617061	-0.0043222501004754	14.6819037801808
-0.00393035118944503	-0.00446364084524798	16.0264503149489
-0.0042138734314892	-0.00448782035937461	16.5292492156198
-0.00402864824554159	-0.00420357897920502	14.2336747535273
-0.00362159882514326	-0.00381234080769341	11.7437734428767
-0.00342089307229563	-0.00346460351536437	9.07177140886657
-0.0029277583887125	-0.0034144267198929	6.38164088442927
-0.00248374929359973	-0.00252944680646791	3.94590758713383
-0.00118045151540164	-0.00166961069728354	1.97347464478255
-0.00142657035838519	-0.00162483931662063	0.744510124191615
-0.000208990973927938	4.16818797376572e-05	0.108437815520072
0	0	0
0	0	0
0	0	0
-0.0029037732463221	-0.00382196624806348	11.1186276430388
-0.00330844842316982	-0.00380531355249804	11.5113214522639
-0.0024264092816648	-0.00382777933503018	10.9710655359135
-0.00209468373984534	-0.00389854494873679	11.1545851145608
0.000130188346099023	-0.000117476860952081	0.0919708160504525
-0.00218689507546032	-0.00263013384479012	5.95882060555103
-0.00290342472695259	-0.0030170932563033	6.07037875229787
-0.0033652564494157	-0.00342339432317958	8.74437137893235
-0.00226765936063298	-0.00342631279855925	8.51257963274096
-0.0017715993214492	-0.00191846070068225	3.42799109134258
-0.00106677960089018	-0.00194296891969214	1.42102156672179
0.000469200791411982	-0.000414697212314181	0.444232249969074
-0.00263083802860195	-0.00340995377614101	8.50944764320328
