-0.00734081759036428	-0.00677153915126311	1.14140804152645
-0.0252109444968601	-0.00165211761862711	4.79445045922538
-0.0260817712475578	-0.0125153642407063	10.7742168542803
-0.0322526531881296	-0.013507374839569	18.4497683040743
-0.0311360154319824	-0.0155694960149648	27.438075862564
-0.0307508733006264	-0.0169684540768608	36.7481598261791
-0.0297406152581495	-0.0175844880395313	45.7621100123852
-0.0283374214442045	-0.0186941294192605	53.9448980104521
0	0	0
-0.0265897405219493	-0.0201931882681879	61.3297054464008
-0.0290881214458462	-0.0199906129376226	60.7836061335752
-0.0309795882278767	-0.0189801632260477	57.1352876493544
-0.0320718579301944	-0.0181691906094705	54.1014669383535
-0.0329846719496187	-0.017541739496913	53.0641789565753
-0.033549977847181	-0.0169328360835681	55.1680284503189
-0.0332611256067709	-0.0164299286031736	58.9056569635085
-0.0321736931027718	-0.0158003352827627	63.8966498997542
-0.0307887551314078	-0.01558707248507	66.0424925159862
-0.0319131934816736	-0.0164905730458207	57.734239983479
-0.0325036529584839	-0.0168357078455818	48.7114817596318
-0.0329791979492777	-0.0164339952981971	38.9415620903516
-0.0316269071104079	-0.0178420793594279	28.9126176734129
-0.0302997607402343	-0.0155205052933987	19.3752371628645
-0.0229724762352621	-0.0132506911216816	10.9903958987784
-0.0257461895950919	-0.016251892427073	4.81649439938453
-0.00685705131590387	0.00135110664414236	0.926863072685511
0	0	0
0	0	0
0	0	0
-0.0333437908666035	-0.0170837869869384	46.0729821728266
-0.033425918863136	-0.0168056523407176	47.6167168492208
-0.0323538293921767	-0.0173161802316176	45.443116955392
-0.0313832998005189	-0.0175228838680923	45.9885835723534
-0.00670469487350753	-0.00200792900997593	0.664033753081747
-0.0321971106869505	-0.0145039898611744	27.0621852991548
-0.0340817767234084	-0.0159601826607845	27.5719482690543
-0.0344634767477514	-0.0163539753169016	37.5578506262481
-0.032052680286329	-0.0167673907637432	36.4740999735237
-0.0291035156706932	-0.0125942192347714	17.088415003667
-0.024733303996659	-0.0155910213278442	8.14577787470511
-0.00292790849618416	-0.00382973771927051	2.98587959325565
-0.0326221733869732	-0.0166725180212936	36.5703819955242
