-0.00100066715383487	-0.000921895108111708	0.401683906163468
-0.00264209307098993	-0.000621834087618895	1.63702863898652
-0.00262451476666894	-0.0015591594491877	3.55948918627892
-0.00314172602967622	-0.00174323390208271	5.92073191974741
-0.00316984398594199	-0.00190763117834265	8.57992740620234
-0.00329774824180452	-0.00198522336236767	11.2781615231837
-0.00341939019333349	-0.00196772472361232	13.8589287436561
-0.00340206212031142	-0.00194367377809363	16.187585275681
0	0	0
-0.0035541654595627	-0.00190857122913291	18.2812299083424
-0.00337336350349964	-0.00190311689924003	18.1931491368444
-0.00337021123659428	-0.0019532317738686	17.1897012384673
-0.00339006987746039	-0.00197121163499295	16.3361973555452
-0.00339300881970282	-0.00200798262894556	16.045233585672
-0.00349700909969137	-0.00203272477752181	16.6485304202347
-0.00351246038537337	-0.00211157829624189	17.7169007260174
-0.00371674191795243	-0.00217979639794645	19.1405725618435
-0.00381525763473916	-0.00219413695095721	19.7541480083558
-0.00375609144228919	-0.00208744627881606	17.382765550255
-0.0035132488935338	-0.00199723465704146	14.7967033773134
-0.00347510857592877	-0.00196395728500217	11.9723929836579
-0.00326888313700862	-0.00203186562471248	9.03785252896163
-0.00296906035713272	-0.00188283781626487	6.19491358927004
-0.00237757776834993	-0.00178400057821814	3.62073469619644
-0.00277322708868524	-0.00193868795473762	1.63317990614581
-0.00096578048172222	0.000135923755032807	0.319562997802648
0	0	0
0	0	0
0	0	0
-0.00339584368277041	-0.00200738695000738	14.0258356485036
-0.00346856742771113	-0.00200100656121246	14.474975253453
-0.0033344635153163	-0.00199983594523431	13.8336168826845
-0.00334448745464956	-0.00197672190420745	13.9684124797389
-0.00101986606858185	-0.000310459528070582	0.238719021786506
-0.00320188095935113	-0.00180981903260031	8.48037391802336
-0.00339657524425363	-0.00191177544971678	8.63822710322434
-0.003518915043428	-0.00195529779817399	11.5617078915342
-0.00328470594312977	-0.00197549495587143	11.2222213628823
-0.00299143005683886	-0.00164411059856162	5.50577414828688
-0.00252285395268897	-0.00194957470185149	2.73050395069724
-0.000625568639978654	-0.00067609058937353	1.04448330809697
-0.00329842331008147	-0.00196665271127411	11.2666051382258
