-0.000100207831753507	-0.00197220511471865	0.383982325432133
-0.00209162266762833	-0.00125776316361338	1.78848168893169
-0.000721327356645706	-0.00436537924762545	4.32963150724792
-0.00133001037128587	-0.00519847894599385	7.8240323471867
0.000356885161085533	-0.00626940791241611	12.1684724377079
0.00180897096760212	-0.00748027072963901	16.8173766214457
0.00406610550924682	-0.00845416175992171	21.403156548647
0.00689718482434554	-0.010491670563866	25.5957585900141
0	0	0
0.00989592832348283	-0.0132034535541894	29.3932940189567
0.00548420519234808	-0.0128052001499635	28.9663870722948
0.00228269653440563	-0.0110143952671675	27.0224203974734
0.00042689504844086	-0.00958860575721958	25.4459363958014
-0.000803077223053527	-0.00846392605642324	24.8997700220725
-0.000988160586437546	-0.00757131217797251	25.9576571208818
-0.000387791696506596	-0.006711645573871	27.8466114820485
0.00134658617421867	-0.00545574786240937	30.3623408222807
0.00420688097508624	-0.0050369544023548	31.4020472577407
0.00217991708177785	-0.00686770276666587	27.1826040591532
0.000422470794348523	-0.00767730089661382	22.6185309958749
-0.00101231728419746	-0.0072559680224516	17.729208881765
-0.0012838789846039	-0.00730584230488319	12.7958444952029
-0.00153242040261011	-0.00559000384104662	8.24312324316461
-0.000265858099714602	-0.00340049006585246	4.40810006931638
-0.00262890783683974	-0.00420405111484934	1.80415676033962
-1.53635155839197e-05	0.000983276817081509	0.30561166688262
0	0	0
0	0	0
0	0	0
-0.00115189563551742	-0.00785894508085899	21.3733415923805
-0.000958147799538984	-0.00763206618013858	22.1194447929471
-0.000304906494045417	-0.00808127851755992	21.0914173296955
0.00125659485165544	-0.00842393573452852	21.4194440088333
0.000270559618258556	-0.000247983795285026	0.240093336100273
-0.000997829861150265	-0.00574588961918187	11.9751345445254
-0.00218041509767839	-0.00639737571058427	12.1927614736413
-0.00193490744316447	-0.00721651619207693	17.0906392286664
5.50916146289047e-05	-0.00725842855401486	16.6318996316309
-0.00106802236697906	-0.00446971561203037	7.22727926973085
-0.000870675363245923	-0.00467490468759751	3.23323005470364
0.00229647882581711	-0.0009911761696842	1.10771499597689
-0.000895078859534029	-0.0072685493823715	16.6389573419146
