0.000266061462336239	-0.00083445662834965	-0.353706323382143
0.000507062351476925	-0.00054611616528621	-1.373567082247
0.00203112110359934	-0.00101547932612649	-2.83733727811901
0.00332157604688149	-0.00136467589589075	-4.49776359356165
0.00441200333522193	-0.00113318384140712	-6.21733657225195
0.00558621908277942	-0.00125036660763465	-7.89357098305792
0.00680218990885123	-0.00158163821324715	-9.49190191662603
0.0084249042508493	-0.00259375608621221	-10.9628840961254
0	0	0
0.00989439807683773	-0.00412929013330912	-12.3061993516033
0.00758726501352944	-0.00386027282650947	-12.2233943753215
0.00596639521475443	-0.0028152036578542	-11.5662260694256
0.00502103375490059	-0.00201627626879344	-11.0210786521495
0.00460995654927766	-0.00124499425872409	-10.8395757034186
0.0050468423461624	-0.000525689594037687	-11.2287209143315
0.00582404891699282	0.000167352298760742	-11.9295161945002
0.00728951181395576	0.00127728017547617	-12.9156122446767
0.00995861882009078	0.0016508022410929	-13.460113410587
0.00809098146288012	-1.39524791700269e-05	-11.9141591309436
0.00661526041720876	-0.000950630020105446	-10.2474907290482
0.00517344248407113	-0.00119499016953296	-8.44353692320533
0.00412431674573151	-0.00100290383756922	-6.56909301617945
0.00313358043392509	-0.00074162408114309	-4.6927663127062
0.00180249852544528	-0.000330902596141467	-2.89144333017709
0.000386306296048537	-0.000727435931747808	-1.3680398507045
0.000186417861550144	0.000622895698466241	-0.283416068308136
0	0	0
0	0	0
0	0	0
0.00461909767734067	-0.00114738436865116	-9.62226116061634
0.00521635232577595	-0.000944674131734408	-9.94737692322192
0.00464632230868331	-0.00132708912190592	-9.48172885243014
0.00532630218887709	-0.00158311966229705	-9.55878639634556
9.69399156234138e-06	-6.88953375579461e-05	-0.206881757341016
0.00379822421967416	-0.00106902138560807	-6.15791372535385
0.00375848234848321	-0.00104241673642126	-6.27901545751377
0.00446192151214905	-0.00122600209138812	-8.13194778550075
0.00459157918484635	-0.00115553278813069	-7.86811188621932
0.00251306753414278	-0.00102843397627043	-4.19883534987828
0.00137111481796119	-0.000710429389062581	-2.20652816621498
0.00109078712727736	-0.000354898905002112	-0.887107352212848
0.00421639027359988	-0.00119644888779044	-7.91475936134836
