0.000868430914427605	-0.00188432199832855	0.409048669513273
0.00117940968859677	-0.00115572489806764	1.77059445866229
0.00449484809285191	-0.00295050597376409	4.04065115306618
0.00694296798453059	-0.00373222856093711	6.96597555568959
0.00968962527668288	-0.00363157845937047	10.3960940603928
0.0126151237154221	-0.00414828304548219	13.952032659715
0.0165563400006147	-0.0050628292818298	17.39614480235
0.0214293129939572	-0.00819849692485534	20.5209541842026
0	0	0
0.0266400654264812	-0.0127584786638522	23.33952183302
0.0190094783956252	-0.0120929510417594	23.1319927129081
0.0138427655019361	-0.00894510788607895	21.7395324565417
0.0111815828625036	-0.0065106979017478	20.5802389416298
0.00987541113663153	-0.00442134308837822	20.1810945286324
0.0107853072023432	-0.00253517310188997	20.979679128071
0.0127191071713944	-0.000478687404448662	22.4000076164882
0.0172943105789886	0.00252188046754964	24.2913756437428
0.0242770699680308	0.00350179372441382	25.0889521501676
0.0193787915392432	-0.00104846281916488	21.9256513501218
0.0150230818153178	-0.00367153148303922	18.4878491588424
0.0113553989593136	-0.00401730959572122	14.7637263735188
0.00896470191667263	-0.00373196939977796	10.9397454704899
0.00680728196203924	-0.00283840373049046	7.30547959472574
0.00453238262722117	-0.00119057121637991	4.10898014744859
0.00094877336745796	-0.00232065163581329	1.7743048285185
0.000976650999646812	0.00155800582074112	0.324947060770105
0	0	0
0	0	0
0	0	0
0.00979530780162409	-0.00407302294618081	17.5061222904493
0.0113136042532857	-0.00361984956057215	18.0859218292787
0.0100785384189347	-0.00449541131630179	17.2711782721987
0.0121654566319637	-0.0050684698874387	17.4818047736543
0.00072054187007988	-3.77403083454822e-05	0.24851305691546
0.00795085640866352	-0.00334273148406465	10.2555116573667
0.00762731150026297	-0.00344958567978199	10.4434256684751
0.00944420721515204	-0.00406047160970339	14.2481207887319
0.0102062231998867	-0.00389309017275526	13.846884232431
0.00563116939817595	-0.00291139962379928	6.4558520570839
0.00341241154383253	-0.00248874955234372	3.06044024807101
0.00340162098867361	-0.00066364603790606	1.11407627857563
0.00915369648427919	-0.00401303982861456	13.8804672770586
