-0.000723642540932478	-0.000775538817771343	0.384045457551255
-0.00208416820464685	-0.000483786708786222	1.54233277009335
-0.00193019496097659	-0.00115907900979921	3.27025210189416
-0.00206478828535237	-0.00136245267050818	5.24730168097749
-0.0020691204725105	-0.00129534417128069	7.24193164631136
-0.00208093633913343	-0.00127654616567705	9.07680057809606
-0.00232378101160025	-0.00128568375968503	10.6741381339435
-0.00243499344035021	-0.00116906797784811	12.0216507231296
0	0	0
-0.00281090997254728	-0.00107078860231991	13.1822255396348
-0.00241092208003134	-0.001045611702449	13.4343295732506
-0.00218771419862997	-0.00113105097973165	13.0190722073538
-0.0021787364146557	-0.0012137619671026	12.5728567608917
-0.00212264050949334	-0.00121474428531313	12.4290612494472
-0.00207057057621966	-0.00118668334251033	12.8073641519871
-0.00201188824713268	-0.00124837390591795	13.4463842370911
-0.00220781269297383	-0.00121820377989594	14.2511958779905
-0.00203582491047944	-0.00119468698901873	14.540203739221
-0.00215822012043006	-0.00122313165636053	13.1478595223641
-0.00203645780799036	-0.00119236540785835	11.5733337097187
-0.00211382596912791	-0.00127555014476074	9.73409043104112
-0.00209153320966733	-0.00129683140876917	7.65997502710027
-0.00204628533587601	-0.00123872954986689	5.47202872087696
-0.00195768702943652	-0.00134683657332833	3.32653504000966
-0.00223856369487487	-0.00145369393758041	1.53822095431564
-0.000801157145866254	0.000120231060274028	0.306969394726497
0	0	0
0	0	0
0	0	0
-0.00210908925268616	-0.00123228136871524	11.0875834421501
-0.00209640187035164	-0.0011954083773337	11.382659611528
-0.00213773939640163	-0.0012610561536844	10.9237568887725
-0.00220967600332794	-0.00129258497653879	10.9224441691108
-0.00087136701311332	-0.000264823315581595	0.226791223113786
-0.002035815481024	-0.00127562448551542	7.18675725578568
-0.00210530400262971	-0.00130972006722482	7.32967691097033
-0.00218011901970691	-0.00127271780056296	9.42811054621695
-0.0021872788419822	-0.00128658608388569	9.11453762706479
-0.00221369967470966	-0.00126705072782591	4.88589233931739
-0.00205491872893583	-0.00137333453303815	2.52014550492664
-0.000554906769426036	-0.000569824886940648	0.986602175147521
-0.00216702888232082	-0.00128189692323603	9.19630715593649
