-0.00511055725269333	-0.00373462177469485	0.935803924987873
-0.0123617459589606	-0.00176317445937291	3.71959513820109
-0.0112230510064702	-0.00501783305356438	7.89347417376693
-0.0113781061426193	-0.005692391388576	12.7516133851596
-0.0111805608494168	-0.00550514175168254	17.809776749278
-0.0110766324242173	-0.00526597190672786	22.6330601512384
-0.0108880355610008	-0.00512830680963196	27.0294348283693
-0.0105926792706489	-0.00521902270665542	30.8979485374771
0	0	0
-0.0103353625150462	-0.00544358014835913	34.330129872598
-0.0107257046488405	-0.00541158791442617	34.52243431198
-0.0109528737392233	-0.0052455042708141	33.031330433728
-0.0110573398657398	-0.00509959929754778	31.6584354871085
-0.011000317005934	-0.00494974884004749	31.1928991835755
-0.0107939764359962	-0.00475979500966578	32.2175261106648
-0.0104790420974335	-0.00454973990606639	34.0137479882989
-0.00992493358335328	-0.00423685001244388	36.3845277496499
-0.00915116918758721	-0.00414095880223325	37.4097430271669
-0.00970465809058324	-0.00463810938883715	33.4469464862872
-0.0101154895238836	-0.00499825215898048	29.0632330549366
-0.0105313716611107	-0.00516053086832612	24.122642429274
-0.010668999406403	-0.00531558979849748	18.7610649874768
-0.0106730556845116	-0.00543796540836158	13.2701821133033
-0.0104705070907387	-0.00579698927880899	8.00433157071627
-0.0122153472888066	-0.00686671919807602	3.69160067942535
-0.00471726008202702	0.000637124533183741	0.743554868404734
0	0	0
0	0	0
0	0	0
-0.0109498113069018	-0.00506323155531931	27.667535443449
-0.0106444763745211	-0.00498857122518256	28.4705633655352
-0.0110758429625976	-0.00513021715831217	27.2845378812174
-0.0110436652040517	-0.00515051075647147	27.4196213254359
-0.00543080880990264	-0.00135685370648128	0.540760292375441
-0.0113396871159384	-0.00536200949574327	17.6266916296328
-0.0113568174381423	-0.00527077626198324	17.9531961238187
-0.0109326311410221	-0.00516529515299435	23.3291735075482
-0.0111068693327575	-0.00527384936662866	22.6142960374253
-0.0118011451228614	-0.00535232972211355	11.848085831266
-0.0113038813371684	-0.00622269819392869	6.06079347983828
-0.00384615150856743	-0.00246871048066474	2.36213157061414
-0.0110745184691067	-0.00525918963515042	22.7545043850014
