-0.000728654188305239	-0.000749704005930149	0.376986657035924
-0.00210147551436936	-0.000484329279877922	1.51530910082853
-0.00201632955198401	-0.00118641600921254	3.22108591764961
-0.00221060035708818	-0.00141576816655852	5.18626601104169
-0.0022332582595551	-0.00139600768048285	7.18736273583865
-0.00224441367060607	-0.00141025509651832	9.0523541682718
-0.00250085334388773	-0.0014404256732524	10.7159104772075
-0.00262536841530661	-0.00132814124309626	12.1612492347978
0	0	0
-0.00301081926355193	-0.00122277545083717	13.4349766379339
-0.00259975265391237	-0.00120009028879319	13.5709621934918
-0.00236912851164844	-0.00129643646692098	13.0483442698084
-0.00237396214642151	-0.00138708374626584	12.5470129480196
-0.00234167420672193	-0.00141200606810868	12.3833914867743
-0.00233551262491244	-0.00141942117725044	12.7812099860302
-0.00231595474753001	-0.0015157262139332	13.4703028647869
-0.002598868070521	-0.00153058109043412	14.3814328658759
-0.00252555947662656	-0.00152046710732544	14.7938846212268
-0.00257781854726799	-0.00147959301456002	13.2880879512412
-0.00239051036286655	-0.00138957473203023	11.6152046953385
-0.0024129176299006	-0.00143050632586399	9.70715896943669
-0.00235237844496894	-0.00140703623734325	7.60354971645984
-0.00226126416618531	-0.00131051694943359	5.41175795967192
-0.00209073477608245	-0.0014064085847031	3.2776078052915
-0.00229530828217334	-0.00146953698223716	1.51212068564687
-0.000825732129762383	8.22537768916463e-05	0.301545533506765
0	0	0
0	0	0
0	0	0
-0.00234152808253101	-0.00141514588992846	11.0389458381753
-0.00237875405615943	-0.00138983479445195	11.3628968904638
-0.00233506370890136	-0.0014221210444449	10.8751366800396
-0.00239047129443907	-0.0014474155813822	10.9037215011392
-0.000867686451382038	-0.000266289877605523	0.222828400904424
-0.0022170994024587	-0.00137148396421829	7.1238327668104
-0.0023265773234516	-0.0014142410620351	7.26654199858933
-0.00243780985196146	-0.00142330485080226	9.37681811511715
-0.002370397948468	-0.00141390863747516	9.06405575279719
-0.00236274307967674	-0.00131829405114945	4.8266205307502
-0.00213882975608363	-0.00140551680190155	2.48089984764133
-0.00059439539911921	-0.000571451821902194	0.969447710986787
-0.00238083545322594	-0.00141504717440973	9.13616915780128
