0.000615866898194002	-0.00164262062318104	0.431745221101073
0.000881452860782602	-0.00123876236452562	1.76318554182904
0.00356158547976031	-0.00266907616732914	3.84160354091387
0.00561879510607629	-0.00360452288358586	6.41101980319501
0.00765927057087496	-0.00379445451843982	9.33790930278406
0.00982735398613259	-0.00449003198362058	12.3451195883431
0.0125395555339586	-0.00544166457268509	15.2651026060149
0.0159534951074174	-0.00778531432321263	17.9342981769699
0	0	0
0.0194050823064736	-0.01103667056159	20.3544495769857
0.01423133439547	-0.0105296440666779	20.158096160896
0.0105404936267862	-0.00835277154606516	18.9534605217636
0.00844355869250813	-0.00663824660512487	17.9596259639875
0.00734257130846532	-0.00518478540373643	17.6200680372895
0.00770615446577151	-0.00398704406675385	18.306204582122
0.00871693556384751	-0.00283381633670501	19.5325520847215
0.0110886297335722	-0.00105657587287484	21.193896784351
0.0152033913536736	-0.000463279936269262	21.9594084053219
0.0123231054070229	-0.0030808038712121	19.2348685149443
0.00993874600551571	-0.00441859198451278	16.2847371945689
0.00766592468924252	-0.00434561635932922	13.100530824198
0.00615601298330357	-0.0037510640797878	9.83809762525772
0.00471529378733335	-0.00278329874723748	6.71414810468198
0.00296808113261254	-0.0014308075292983	3.91055710572092
0.000343462031040578	-0.00197172248974952	1.76043169845901
0.000427011294255211	0.00110675005118733	0.344106795126508
0	0	0
0	0	0
0	0	0
0.00718532263092709	-0.00468199454045746	15.3718468633151
0.00787551317397368	-0.00438861873637069	15.8891855926205
0.00764619201802354	-0.00498002395464076	15.1607114873455
0.00931660954834884	-0.00543172770723405	15.3359535625355
0.000222045537478207	-0.000128701835493591	0.25676149777081
0.00617955119750742	-0.00355982637852344	9.22407778208217
0.00564199496488864	-0.00358769302283394	9.39679292149723
0.0067290040802135	-0.00435281279251043	12.6334073848599
0.00783835306810875	-0.00428644769861102	12.26298029288
0.00413261787770443	-0.00289146947489283	5.96227987472548
0.00238509952705958	-0.00217378125852571	2.94651696743118
0.00229332606867668	-0.000765252553291626	1.12452812131447
0.00682761723659321	-0.0043254346044773	12.303041081294
