-0.00753927935545563	-0.00694292375485518	1.14988951381098
-0.0266685870337874	-0.00145651104416617	4.85189232889012
-0.028300169817911	-0.0131216358802206	10.9670984230582
-0.0357647915075824	-0.0140230073309759	18.8682274810217
-0.034578385132858	-0.0163783181124249	28.1631344454579
-0.0344453964522357	-0.0179618297869594	37.8081975875534
-0.0334629282043936	-0.0186574735803629	47.1556443942427
-0.0322849996429061	-0.0197189489645688	55.6492208611051
0	0	0
-0.0307022930581044	-0.0210629622006691	63.3220910349163
-0.0329650779807399	-0.0208918533115699	62.6928276137009
-0.0346756874334789	-0.0199981335532153	58.8711374063896
-0.0357315890191668	-0.0192885463151452	55.7074707623484
-0.0367619381794355	-0.0187576878084061	54.6164912156826
-0.0375117941675017	-0.0182731552228986	56.7814361421912
-0.0374255000618288	-0.017906825658809	60.6396170567771
-0.036778904089643	-0.0174976559089222	65.7924935136291
-0.0358922662141727	-0.017355970903385	67.9993222197721
-0.0366057910131814	-0.01791219193061	59.4079812895802
-0.0369841053969049	-0.0179845950609668	50.0802774141042
-0.0371450546821788	-0.0173776032760389	39.9843410297918
-0.0353967611683471	-0.0188639211651666	29.6263606236818
-0.0337382919227847	-0.0163736123391256	19.7876764801075
-0.0249956799183515	-0.0141045620970406	11.1630712001749
-0.0272504310257346	-0.0172005613880469	4.86133260003652
-0.00702288314701788	0.00127809561079973	0.927320763857778
0	0	0
0	0	0
0	0	0
-0.0372379672577484	-0.0181936060523147	47.3827450831233
-0.0375414703914677	-0.0179502350268918	48.9644867439933
-0.0360816535678168	-0.0184016787221133	46.7506716771379
-0.035076354017729	-0.0185933939706478	47.343368939264
-0.00678270862226462	-0.00207661407687877	0.667102653066885
-0.0356996240253112	-0.0152420697251175	27.7514170965241
-0.0377792278437608	-0.0168359295888647	28.2577114375765
-0.0384848050402042	-0.0172822494343945	38.5706217819576
-0.0356836984332267	-0.0177805754036681	37.4931398256087
-0.0319323228628493	-0.0131529054195713	17.4476869857793
-0.0266523237988504	-0.0164967224675823	8.2637625707883
-0.00291862757680643	-0.00391856048243863	3.00892741450959
-0.036328531311573	-0.0176521232485898	37.568141105569
