-0.00129441592438168	-0.00391093002393007	0.797497092214099
-0.00445795377181813	-0.00205928247171932	3.24394725176988
-8.74605376932215e-05	-0.00543988377926698	7.02335877685334
0.00289532620838817	-0.00657966684565099	11.5856414444346
0.00602818955444538	-0.00611585438549907	16.5798599296859
0.0093964159384925	-0.00633048276619844	21.5317463559218
0.0136393425739037	-0.0071443832941501	26.1844213949651
0.0189166896550489	-0.0104467984247515	30.344236277461
0	0	0
0.0244238352482684	-0.0153864049972288	34.066198773031
0.0162910737845814	-0.0146385469007583	34.0464138444632
0.0107537025239468	-0.0112133769425822	32.3270777016912
0.00790258950015433	-0.00856521917573974	30.8250796358434
0.00664685403075373	-0.00620227966804997	30.3214383625261
0.00793791109536264	-0.00399951491010776	31.4210681675707
0.0103221709487289	-0.00164709289740382	33.3545269325329
0.0155878904345151	0.00182549078619222	35.9280012656439
0.0237022695995736	0.00296049793146946	37.0573566020486
0.0180201438587832	-0.00231564878698315	32.786388772855
0.0131194650830427	-0.0054423263253334	28.1097501173892
0.00880200095858611	-0.00610706649110491	22.9496515199546
0.0058525892229731	-0.0058600634255254	17.5067996088933
0.00318951910677613	-0.00520968982453864	12.1274578841954
0.00028622970598801	-0.00384963808413039	7.15761072470486
-0.00462714432047558	-0.00566962799594903	3.24646731809052
-0.00109317819213472	0.00212898873556777	0.641958467629037
0	0	0
0	0	0
0	0	0
0.00671298195225734	-0.00597513640105806	26.6507749357734
0.00867611396247458	-0.00540296083056199	27.4907742572609
0.00679451457156814	-0.00648733522214369	26.2712292863134
0.00895430718819493	-0.00715682777679371	26.4690467662643
-0.00179163666686264	-0.000673141165130028	0.468639804007211
0.00411332259798747	-0.00577390207539661	16.4042826850802
0.00397397734405004	-0.00571678435356122	16.723367262557
0.00641658297435241	-0.00618934407347065	22.1571955307827
0.00676072240983535	-0.00606160422457465	21.468805305188
0.00103680297601611	-0.00552258773157117	10.7755378791434
-0.00147471921910196	-0.00543271625410039	5.38420449847469
0.00200005751029998	-0.00189865775835306	2.06045597507542
0.00571623724097634	-0.00617723781451008	21.5839814183123
