0.00149474424289597	-0.00138660947981972	-0.349700114292015
0.0034857630845348	-0.000894661736053524	-1.42574428306376
0.00724783096618076	-0.00160849319205537	-3.09770525809769
0.0106108709880549	-0.00221884353883918	-5.14905619518792
0.0133344938246668	-0.00179676186459461	-7.46483438189394
0.015981315148333	-0.002090163814075	-9.83054051087155
0.0192195947669399	-0.00272791871354029	-12.1183442136087
0.0230806275958727	-0.00518562124291548	-14.2054549182546
0	0	0
0.0271392988142044	-0.0087558767700336	-16.0960359989205
0.0211952510419516	-0.00823780739683567	-15.9522739465845
0.0171087167280237	-0.00576498424288248	-15.0153809135602
0.0149840593777847	-0.00380349499371567	-14.2384571903959
0.0139925291855874	-0.00204218140850363	-13.9703979474311
0.0149248248885602	-0.00043994011823287	-14.5027657537668
0.0165892018079835	0.00126445319909919	-15.456128959428
0.0203722826029846	0.00369523714018779	-16.7444722111973
0.0260101016846452	0.00447284604067759	-17.3298811314834
0.0220624026747346	0.00078863623116899	-15.206503852016
0.0185133479184427	-0.00141949565462228	-12.9039755729363
0.0153280499559633	-0.00181291836596513	-10.4120511299969
0.0128736564443605	-0.00148245172566472	-7.8482327948695
0.0103732715732336	-0.000964987765879028	-5.3786300416849
0.00698421555043383	0.000390686851801246	-3.14604970444951
0.0033869651190585	-0.000632598037419827	-1.41934015767941
0.0015573583788982	0.00160150109178277	-0.276979115773773
0	0	0
0	0	0
0	0	0
0.0139720776134662	-0.00181335066014745	-12.2035792522916
0.0153695309177922	-0.00139792544462687	-12.6031625925093
0.0140437452217728	-0.00221100559810463	-12.0410376866609
0.0157137186993873	-0.00272560757752492	-12.17818365018
0.00113390060347371	0.000146566194781293	-0.207787248507198
0.0117453529160685	-0.00160808268701255	-7.37113540203593
0.0117449526691814	-0.00146768853298822	-7.50353509269862
0.0137180830116331	-0.00190424067078269	-10.0501944490577
0.0140103909892951	-0.00185933044526791	-9.76542137808217
0.00891792377644978	-0.00148135015539848	-4.78474515775334
0.0058607040972939	-0.00072630840470991	-2.37530668420907
0.00374159997691632	-0.000272811020570754	-0.909066162452974
0.0131452871424263	-0.00192835527672442	-9.79473910709089
