-0.0049427516668909	-0.00349874669887188	0.913062550049052
-0.0117835332975092	-0.00166697166894809	3.62105847370652
-0.010767232103188	-0.00459252229775052	7.66240830298252
-0.0109441983004276	-0.00517526894546674	12.3354143625712
-0.0108941837557982	-0.00494707254470121	17.150762056101
-0.0109697258223265	-0.00466868335965854	21.6985422080079
-0.0110082347352218	-0.00445940924081452	25.8048642847012
-0.0110036830761649	-0.00435192441640486	29.3947826912923
0	0	0
-0.0110704253739563	-0.00429220339100126	32.5675145508165
-0.0109852836733393	-0.00430284216661123	32.8190171741218
-0.0108991472379049	-0.0043316122730609	31.4743917191918
-0.0108349325929718	-0.00433219059228682	30.2106552114617
-0.0106820487936816	-0.00429775462519899	29.7833833238563
-0.0104978612421246	-0.00420534134102372	30.7406899756345
-0.0102797360290218	-0.00410694586301752	32.4128351648091
-0.00996459547789037	-0.00396154927722094	34.6105026397105
-0.00957853590138314	-0.0039220510485861	35.5519672283995
-0.00985975970939025	-0.00416725091167563	31.869670274913
-0.0100307689139305	-0.00439529970050395	27.7821400765143
-0.0102675322773014	-0.00456097883971045	23.1441834201727
-0.0102950874707115	-0.0047605415745754	18.0702510996251
-0.0102224286487739	-0.00494568299121054	12.830983563311
-0.0100397738404207	-0.00540420709761723	7.76846720307889
-0.0115958611284076	-0.00638376359938981	3.59245805645885
-0.00455853822508165	0.000560805582495506	0.725116325625762
0	0	0
0	0	0
0	0	0
-0.0106185077551434	-0.00444291132620661	26.4708897577162
-0.0103754284127631	-0.00438961278148736	27.2262943329219
-0.010787050598952	-0.00449294758534127	26.1027578036045
-0.0108923388675617	-0.00448234898130504	26.2101042756966
-0.00526387733910778	-0.00129968157315076	0.527631315788028
-0.0109280105369618	-0.0048382551198481	16.9790517935092
-0.0108883077984521	-0.00473558533962185	17.2944124491842
-0.0105704761087058	-0.00456798396484665	22.3881435827008
-0.0108401301680564	-0.00469522748619683	21.6960284927646
-0.0113063706967776	-0.00489794446178204	11.4624539802375
-0.010813958615129	-0.00574757893985629	5.88738980939536
-0.00385773331409749	-0.00234197236185426	2.30160187887338
-0.0107160549470485	-0.00467262308383707	21.8389931171781
