0.00243270897965856	-0.000911427470937852	-0.134157261832831
0.00527088372834752	-0.00070551512335002	-0.553355413130073
0.00892081163963251	-0.00110617510342699	-1.19904823209919
0.0125331706523535	-0.00185891906086633	-1.96020070692025
0.0153756918298481	-0.00150900930617332	-2.76129180924857
0.0182418576340929	-0.00197428176671118	-3.53321696967009
0.0216032876562671	-0.00284945795694223	-4.24745400189222
0.025705679966777	-0.00552505255959179	-4.88577335706456
0	0	0
0.0297952220211492	-0.00934329862385865	-5.45837905423965
0.0236846926237265	-0.00875298575258941	-5.46155623739302
0.0193426549417556	-0.00616341272822757	-5.1996405792657
0.0169329556043579	-0.00410868217415011	-4.96925211210426
0.0157766915464615	-0.00225310574684495	-4.89176920209373
0.0166366299009301	-0.000646693807439629	-5.06049153687875
0.0182121390370555	0.000951433769791062	-5.35896290195743
0.0215996200653019	0.00334140375099789	-5.76208806603537
0.027167389636819	0.00412230708027786	-5.95418703013027
0.0233220835719463	0.000545136296512018	-5.29564831040399
0.0199663888689721	-0.00147826348763662	-4.57406724602019
0.016794425768947	-0.00174177662588899	-3.77207585399518
0.0142691747497194	-0.00108048480108103	-2.91416431727093
0.0116866758113834	-0.000394307838561006	-2.04482636585356
0.00806167500488148	0.000977165930121231	-1.21820485305431
0.00483647608399426	0.000261203760629631	-0.551837319120184
0.00216416288985678	0.00142934968360015	-0.106429726308082
0	0	0
0	0	0
0	0	0
0.0157421848986114	-0.00187020634974093	-4.3305247376701
0.0169924707999228	-0.00145733394144069	-4.46548302018752
0.0159552060705371	-0.00226069594407061	-4.26880295653693
0.0178327004767909	-0.00284493706601653	-4.29626731043523
0.00184948978665575	0.000312154667545939	-0.0801649773375391
0.0136374251655135	-0.00135058619508015	-2.73207596344213
0.0135105664192872	-0.0011681948442148	-2.78461864631159
0.0153844082706648	-0.00182817011708567	-3.64033468576109
0.0159626371936729	-0.00172550943985957	-3.52548709818226
0.0104678212143795	-0.00108632334964438	-1.82121756094983
0.0072236088406531	8.81883194137843e-05	-0.918935657669768
0.00424337448941448	-1.45753383209705e-05	-0.352111003513432
0.0149142047874342	-0.00179399739840418	-3.54651462757943
