0.000749072779056019	-0.00135530151559148	0.371768831017257
0.00149767853888123	-0.00112921283905288	1.51176861304964
0.00392694030289097	-0.00227113206650862	3.28401328968487
0.00590782137773379	-0.00313655289170511	5.48019037426179
0.0078335408972736	-0.0034018113346792	8.00446736417068
0.00981990134259847	-0.00413536843548764	10.6192062410934
0.0124439978728558	-0.00509694131138533	13.1716814430359
0.0156669396894584	-0.00736574848624816	15.5071027617157
0	0	0
0.0189329441185554	-0.0104565911883209	17.6234098171051
0.014056490309317	-0.00997739157120221	17.4503566962505
0.0104721628751862	-0.0079232186809487	16.3972753452673
0.00847560133095308	-0.00628989639367788	15.5291760153298
0.00734518313999104	-0.00492180681901514	15.2333427627853
0.00763474058274058	-0.00383202854682219	15.8345328568683
0.00851380595203143	-0.0027920528439689	16.9070251512456
0.0105903294968569	-0.00120203566731243	18.3547511134227
0.014246313712535	-0.000674181879033124	19.0068617821421
0.0117279561120683	-0.00300535634443858	16.6218604017332
0.00957300592200676	-0.00416581879049281	14.0406728512976
0.00752767123062405	-0.00401883869845197	11.263333806498
0.00618027325983178	-0.00336723797032853	8.43247039846332
0.00488785106129512	-0.00239645461598531	5.74208056890338
0.00324741925217474	-0.00107893165825386	3.34417610943959
0.000929852794203717	-0.00146771355902678	1.50902328745323
0.000544706104030225	0.000977798223593782	0.296170410450391
0	0	0
0	0	0
0	0	0
0.00719479066129062	-0.00439960051581139	13.2624831194752
0.00776509004455735	-0.00414375556891659	13.7089569472486
0.00769047877321899	-0.00466701714946511	13.0802830600644
0.00935147014271886	-0.00508048766779865	13.2338151017217
0.00038400624032107	-7.13731066560574e-05	0.221230147911038
0.00637559330038887	-0.00317730709848939	7.90929913565097
0.00583124645073133	-0.00320727762682529	8.05699436453438
0.00674734417771316	-0.00402302944211786	10.8659496861986
0.00796515894343808	-0.00393521065412192	10.5494224736568
0.00448171536651435	-0.00248907099636915	5.10095378532279
0.00278933271935139	-0.00171334457834562	2.52316465023547
0.00222731712154862	-0.000618288589440538	0.966334535853369
0.00695958992968735	-0.00397297668855819	10.5829724705086
