-0.00261900800287715	-0.00339308519788252	-0.835501045320897
-0.00618428637294446	-0.00178711309305482	-3.30211496292521
-0.00308323181184547	-0.00414502893389539	-6.96692279826153
-0.00104317462890818	-0.00487273553817863	-11.2141442249285
0.000704804937244545	-0.00435373149352406	-15.6395862985468
0.00249744091687103	-0.00424836050930061	-19.8807501296948
0.00479963302080159	-0.00452528057781405	-23.7769494884953
0.00772076341406225	-0.00625729518019793	-27.2302016294754
0	0	0
0.0106711015381976	-0.0089215844792339	-30.3085530910187
0.00630813716398559	-0.00851672613190131	-30.4119148084186
0.00331240311815336	-0.00666537682382402	-29.0419232162505
0.00185141596713362	-0.00522572696903137	-27.8050773216247
0.00127206833342972	-0.00393056723595651	-27.3838961450926
0.00211759702370576	-0.00267827686965794	-28.2923495084928
0.00357332198521462	-0.00132420998404439	-29.89419266345
0.00665934580292137	0.000655474218187319	-32.0272259289248
0.0113619710396582	0.00130197672584362	-32.9813027292257
0.00806095963026214	-0.00174564416505748	-29.4417087195568
0.00523606012316614	-0.00361246724329567	-25.5412725696112
0.0027145151766741	-0.00409788309607521	-21.1732129784206
0.000958157510230353	-0.00398677955773767	-16.4657788146177
-0.000577819335512152	-0.00388375001339528	-11.6661251022549
-0.00264340097428786	-0.00350038783542562	-7.06603331226417
-0.00602193037315175	-0.00485369737286564	-3.27651903767318
-0.00228480779533949	0.00143577468185033	-0.663559620859103
0	0	0
0	0	0
0	0	0
0.00138560861457923	-0.00391599666963661	-24.283442357046
0.00262548161005119	-0.00359178682057331	-24.9984500091132
0.00127111297490596	-0.00420736263876906	-23.9502295759811
0.00235228118179654	-0.00455090034048418	-24.0862800728167
-0.00308546866768509	-0.000847423803657664	-0.483848850587446
-0.000311475298165457	-0.00418464384512269	-15.4764844128129
-0.000196730569823944	-0.00401313199459249	-15.7602936456748
0.00132262283941545	-0.00415609783199744	-20.4719503242035
0.00121204363183491	-0.00412092848883227	-19.8513269926145
-0.00236382374279584	-0.00424355335652514	-10.4255770020793
-0.00397068551677333	-0.00442917518901311	-5.36245001807868
-0.000464543874448565	-0.00186342323168427	-2.10444682594222
0.000752339798252946	-0.00417792598229074	-19.967658611666
