-0.00313397855523111	-0.0037969482076166	0.717750071074796
-0.0117769857684128	-0.00158738239843586	3.14555393448054
-0.0121407427882953	-0.00786913778797415	7.29448065852604
-0.0159897391915939	-0.00875435982452758	12.7639600818677
-0.0151833509441864	-0.0104184401453116	19.296548400727
-0.0150413521812409	-0.011623094736697	26.1190869224196
-0.0144712802586557	-0.0122058782215789	32.7425057673839
-0.0136644610723659	-0.0129337564851245	38.7543862255214
0	0	0
-0.0128096286140864	-0.0137571881483265	44.1802961451715
-0.0140782664986909	-0.0136408010975341	43.7251377067834
-0.0151625330663996	-0.0131494322520121	41.0187113185529
-0.0159805430510957	-0.0127127186196946	38.7796362726854
-0.0167718987306146	-0.0124408080393333	38.0061896029132
-0.0174867535943558	-0.0122735171260673	39.5347580131443
-0.017634160280037	-0.0122194987780214	42.2551684209171
-0.0177134530625561	-0.0121886804323517	45.8714412051519
-0.0177016840649775	-0.0121737503963989	47.378558885436
-0.0177453797097667	-0.0121490058876614	41.3162581203456
-0.0177000823492016	-0.0118851555884359	34.7307071450145
-0.017522995404734	-0.0112544144838631	27.6033208691014
-0.01633346164831	-0.0119196908988361	20.3002823044431
-0.0152158005465307	-0.0101176795073207	13.4044551652221
-0.0104782806817474	-0.00813788596736471	7.42208573014176
-0.012293021494199	-0.00953995075296839	3.15803746803578
-0.00278943746263133	0.000873651684237042	0.574173153017229
0	0	0
0	0	0
0	0	0
-0.0171818042427388	-0.0119592775607994	32.8758922947276
-0.0176429673886652	-0.0118592961580102	33.9777134133208
-0.0162590327183257	-0.0120500264567386	32.4383011823262
-0.015498629875528	-0.0121607716953113	32.8647593933211
-0.00235941820209565	-0.00101191071773099	0.430431632884853
-0.0160645387702147	-0.00964814555370691	19.0107204086743
-0.0176169006890076	-0.0106351446514159	19.3581783091586
-0.0180906986485933	-0.0111855645271594	26.627844298676
-0.0159060618954272	-0.0114663134359185	25.8899617242602
-0.0141483160960276	-0.00805656421435276	11.7994840127669
-0.0112373097430094	-0.009686687347162	5.48105171371996
-5.22160313536301e-05	-0.00227185331674099	1.95395991998897
-0.0165068835188461	-0.011384977460822	25.9345858499978
