1.1397256323942e-21	0.0118852551405949	0.00443199673886183
0.0103583972717462	0.0020456625149215	-0.0159760293936199
0.0557517952030121	-8.29060632900976e-05	-0.00901303302852242
0.00985911880646094	0.082287276230068	0.0608078780437632
0.0053581633965387	0.107516367813515	-0.0568556995120304
0.126669764993963	0.0213565239670976	-0.106985991382551
0.000180575925727288	0.161042230284524	0.0109804100897032
0.13446222197345	0.0253225663216561	0.119791988525984
0.12045646523391	0.0367724072007531	0.136324189032093
0.00578614843155597	0.153354055835221	-0.0620971952638432
0.157477662208238	0.00299089295787723	-0.0453032784099569
0.00113397811098595	0.158828619789455	0.0268129455111756
0.0993710485976134	0.0562533074519203	-0.155118971508783
0.133628554211103	0.0232639612081945	0.115234846785268
0.0181583055924054	0.150850672107964	0.108791713325352
0.141916343989332	0.0252126448964272	-0.124461705629604
0.00958120293786608	0.156597719688834	-0.079469703191243
0.152827345957975	0.0112168050677635	0.0851997562657729
0.00117610558149842	0.161278633708913	0.0276667550832639
0.14687294100315	0.0122637914368177	-0.0891044691391133
0.140094228694287	0.0170168900935235	-0.10177742734015
0.106045863819541	0.0215142646075697	0.100110272948749
0.095051220191024	-0.0039086023028074	-0.00446998312019563
0.00933032557559498	0.0617372444390581	-0.0544946659767406
0.00472224296510689	0.0197270191956203	0.0253183928058505
3.92091330300726e-21	0.0145145442245724	-0.00179481083373451
0.0121576888661469	0.00343883510221844	0.0131079743724843
0.00453948303429262	0.153523243282699	-0.0546560643310386
0.115679140950672	0.0317717944738788	0.125862549562445
0.11175359785349	0.0448406552656294	0.145556992084186
0.00266064895107423	0.160803996556366	-0.0393840436871549
0.135172821812117	0.0237803612485213	-0.116534702470288
0.12581736212118	0.0312257412105136	-0.129837765199295
0.000242797376454169	0.166839433207153	-0.00954249281897315
0.126137493159232	0.0336972571371623	-0.135270550110397
0.00534675800567456	0.0298955351301686	-0.0305748128158316
-0.00205122079061656	0.0142538599727746	-0.00244690854185701
0.0974874343374803	0.0314387922553095	-0.115111182807289
0.126222754880248	0.0217278468256818	0.109007302989743
0.00393532251202674	0.138110130827506	-0.048892747150027
0.117295677531537	0.0138424115955865	-0.0861440090996252
0.119687006688608	0.037234871937554	0.137808343716169
0.113980211606682	0.0368275311741572	0.134563934260221
0.12577513724489	0.0220084859661869	-0.108996872460259
0.000133206387362413	0.15947705693093	-0.00385333715651024
0.0420912578449032	0.0566526230141265	-0.102908899821244
0.00249402115426734	0.127370168188764	0.040988259220335
0.00530915787983132	0.032623291897453	-0.0305784061400717
0.015100803167405	0.0509395379443672	-0.0630872009663481
0.0261377105603336	-0.00202565829281057	0.00489561109943814
0.00491597880311095	0.0489577775635031	0.0384273051616018
0.127900751285403	0.0287382575817077	0.124678915049357
0.00204278465188145	0.150913162418559	-0.0380689763641793
