-1.5125739534654e-22	-0.0104748043936918	-0.00389831696025408
-0.00952542562442094	-0.00104229601220716	0.0137417901286379
0.0533556060964128	0.00149308453290342	-0.0111621064427899
0.0187098253442579	0.11529170985352	0.0822849218971691
0.011597390081414	0.156511615012578	-0.0732828115725336
0.211136614744873	0.0311790635597615	-0.172691773735666
0.000322629246537244	0.275011915893788	0.0194954756048956
0.232142198296453	0.0374119528825752	0.200017541116765
0.210247987256838	0.0547278127370509	0.229420313252967
0.00919501035532817	0.263963831341049	-0.108124728726851
0.271665446738057	0.00458148013059805	-0.0804877137814771
0.0022481717052291	0.275292681280357	0.0544708797567984
0.173581070822974	0.090766830661717	-0.267299435300164
0.229526863782038	0.0347340273634236	0.190525586899373
0.0330446766612859	0.250065225434239	0.195209636798264
0.242111806157922	0.0392600047285945	-0.20852223694622
0.0160443216513418	0.266289593181569	-0.139754143955928
0.262307666148027	0.0163542356548222	0.14050791708236
0.00232535984346252	0.277992946415413	0.0559289522567147
0.250292000374129	0.0199036397892937	-0.150626033898929
0.238506146453484	0.0268991707095984	-0.169971143826859
0.167170688101229	0.0314498012297182	0.152368118276348
0.133934002877802	0.00344566000346238	-0.013549422998036
0.0179164056157617	0.0702342720233859	-0.0714297314848191
0.00548329527746658	0.00536677345311614	0.00609814044898404
-6.9098019765249e-21	-0.011663538617287	0.00125520804636573
-0.011804319732156	-0.00319774326103872	-0.0125004174284559
0.00749400829554051	0.255578719649312	-0.0906360404558649
0.195642589816719	0.0471061997154147	0.201430340385147
0.197223603773047	0.0676613193551866	0.245588936380338
0.0034319890356952	0.274525869023471	-0.0650543174579278
0.232965590059767	0.0354385838008101	-0.194637011111895
0.217450874322548	0.0480709333916815	-0.219708036952059
-0.000494698207307184	0.285086052550994	-0.014800833418166
0.217799881863682	0.0513914416937595	-0.226617240698397
0.00400869976884943	0.0155911021372976	-0.0112570748037702
0.00205389687348897	-0.0137460572930122	0.000176802767617733
0.163834287429034	0.0432839098069927	-0.17793573594357
0.210673506631262	0.0348468510808464	0.180143981604101
0.00645475163682974	0.217512384007578	-0.0753373938652165
0.184476606027975	0.0239945770178305	-0.131718211317026
0.207533236252741	0.0551381738411537	0.228226836866662
0.194549610080934	0.0528849696492994	0.214643272653122
0.214285959448743	0.0327830602088887	-0.178268376622563
-0.000352314486462993	0.271568277367594	-0.00678770170095601
0.0639869177128159	0.075328257537964	-0.143667382970472
0.00558828597983672	0.205407113485529	0.0565406977484069
0.00544548464020979	0.0180684559791811	-0.0119016817189069
0.023383212407692	0.0605629809321512	-0.0687601564875024
0.00688945456685023	0.00252197757057856	0.000403587896499069
0.00612922702000899	0.0510341348215701	0.0274451767146818
0.219276137377234	0.0422528754914526	0.205799014547598
0.00354365155496181	0.250151226223831	-0.0619310453615174
