-6.86554900729987e-22	-0.00786128856420328	-0.00278308196092935
-0.00735205729666498	-0.000779771582943384	0.0102971742975961
0.019555353420842	0.000778966104641457	-0.00414993140426208
0.00614149761383851	0.0345585751455779	0.0251121176627774
0.00315330900396649	0.0454831678948401	-0.0201504397552823
0.0440255159751196	0.00747601722088362	-0.0365811492283759
-1.6604416181726e-06	0.0525206167101179	0.000163690021840247
0.0425515809236637	0.00958766457292627	0.0407216232996912
0.0375860148405845	0.0126897944627969	0.0437061360776954
0.00200391576916284	0.0475405977014656	-0.0197319396968251
0.0477776075298801	0.000775865567524823	-0.0122015157583806
0.000231197930666507	0.0455673472991172	0.00589669170159732
0.0288555739484159	0.017180539979592	-0.0448869321012766
0.0421967650685738	0.00954638891757245	0.0405843131372449
0.00390045041546671	0.0529945987152114	0.0291957617502453
0.0489268175576571	0.00693230779967714	-0.0372409064818139
0.00466239645795785	0.0493488358329276	-0.0299395657470426
0.0486090789432715	0.00494618348334876	0.0318820158156583
0.000203938075187681	0.0483765543745206	0.00640292079546443
0.0476962991821147	0.0037792253000405	-0.027720958014729
0.0461252270554017	0.00573863278769135	-0.0330411303735018
0.0400610336237711	0.00945446039353817	0.0392220240379504
0.0399420650030499	0.00133284753131041	-0.002733204925617
0.00615962271140788	0.0253788214479892	-0.0234651018469174
0.00260825244925717	0.00135951449616116	0.00097338005771079
6.66683213771873e-21	-0.0087816826570908	0.000893326277830999
-0.00898821824320585	-0.00246204404462121	-0.00956209076843491
0.0018521585158824	0.0531573179652078	-0.0196985180619034
0.0393049075507823	0.0127922106571281	0.0451395890572411
0.0335365309833807	0.0150389096259973	0.0450064893649144
0.000987975593886322	0.0511876291409033	-0.0137929669478535
0.0445220246758083	0.00708916015728584	-0.0355777857047759
0.0407181789132198	0.010582115204416	-0.0417323297765583
0.00040421404392948	0.054404001813032	-0.00839445015243149
0.0422761344436394	0.0110721911809097	-0.0435203738371651
0.00182838961475626	0.00538041874610121	-0.00317356875596943
0.00142023594275784	-0.0103880032132535	0.000247477042484206
0.0367509196472656	0.0119558351921806	-0.0425403624793687
0.0422362138625674	0.00890706175003093	0.0394181046027532
0.0016884301908069	0.0525840475445213	-0.0183474696540872
0.0451944039643405	0.005951421536023	-0.0324716097372761
0.0379281870430507	0.013802251724621	0.0460883264914154
0.0382767456308289	0.0147764045831642	0.0484584567274045
0.0430713224744482	0.00739961456517758	-0.0361385609212768
0.000129585262609153	0.052330830567674	-0.00376687580256655
0.0178572481993268	0.0234934733369548	-0.0410108102400459
0.00142163215833053	0.0485756647143896	0.0143495433775898
0.00209090484846011	0.00662510431283752	-0.00281367249135035
0.00846656559390023	0.0214653034814697	-0.023559584432242
0.00151435591285412	0.00180405351509411	-0.000526770079829003
0.00278573732922638	0.0184872273869672	0.00969498627620138
0.0408562820053844	0.0110300628235869	0.0426933296357095
0.000951182033588067	0.0523954800826323	-0.0136428327627636
