1.87137224529606e-22	-0.00543913604713083	-0.00204683160777543
-0.0050381700724545	-0.000574334163724214	0.0072487435309413
0.00751089031684174	0.000591828505527429	-0.00195331747780747
0.00339594906540337	0.017853997118091	0.0118255968935095
0.00190941504789671	0.024274014772778	-0.00930940517400892
0.028654143814453	0.00511853433213636	-0.0244114963845606
3.73015983122815e-05	0.03676334637226	0.000825029746627231
0.0301415291351257	0.00676596982688414	0.0288022359283229
0.0269481258295706	0.0091777843577268	0.0316064450210933
0.00124240991017542	0.0346837045910784	-0.0132657004375321
0.0349331994358937	0.00074769113615404	-0.0105392228683031
0.000249410285299438	0.0345657264403649	0.00567670807604529
0.0211221614498493	0.0137487750197799	-0.0343190929877981
0.0296733504908049	0.00650110058708092	0.0279792740691999
0.00324991667153054	0.0362305297290406	0.0219474463431295
0.033238167404731	0.00577718388451519	-0.0279704292860983
0.00262918575017994	0.0355236740118302	-0.0192464096963748
0.0344316162014147	0.00333131908025294	0.0217710994071662
0.000237250364000288	0.0356679007498895	0.00596051149685687
0.0331269700797206	0.00321432203532267	-0.0208176279823833
0.0317181986407834	0.00449835209921462	-0.0238056980077522
0.0234393611650118	0.0057393889382005	0.0230183373658699
0.0203470333251763	0.00142773405697763	-0.00231307080121756
0.00329309090487453	0.0112434698782916	-0.0107315338274483
0.00116354210632359	-0.000885501020407125	-0.00165455399657234
1.28271449933227e-21	-0.00621861373846073	0.000734172498499887
-0.00613239844216447	-0.00168731141786727	-0.0065360598485859
0.00106729189807715	0.0353455103102519	-0.011814096792047
0.0259991583106451	0.00841690168698404	0.0292190895554748
0.024696546644631	0.0109694846957247	0.0329922301518784
0.00049051505088999	0.0363319768255416	-0.00834422996867694
0.031029150361932	0.00544833796407022	-0.0262368167559751
0.0285743958011918	0.00792955806087398	-0.0303066542340988
8.80504213852153e-05	0.0382395873265702	-0.00412047053110245
0.0291939339872209	0.00830707868640897	-0.0312911587871265
0.000652314514693282	0.000566257374195377	0.000859648986895183
0.00105618784317689	-0.00710265026937348	0.000311479974145561
0.0229700818945833	0.00711151127908612	-0.0256616386929127
0.0278438673933927	0.00632906020494274	0.0265557132726913
0.000926747442935109	0.0314542987149998	-0.00995488807479896
0.026356341557317	0.00426502487876315	-0.0196076646670041
0.0267628162950163	0.00951528689742915	0.0321059791962949
0.0257393932618251	0.0093532060040955	0.0312077194673505
0.0288888008037723	0.00524688737338097	-0.0247968811922941
3.81452003948935e-05	0.0363413901807355	-0.00198255389780449
0.00966102858290341	0.0120067207659597	-0.021037255317293
0.000955511198001214	0.0294528834708484	0.00698033803506322
0.000886634880180088	0.00106654498356594	0.000994991598171847
0.00439210131096104	0.00954763760615959	-0.00985261213766334
-0.00135513939061105	0.00125443115813732	-0.000697234646584681
0.00128716328581256	0.00765910734697958	0.00246723295274868
0.0284464802220856	0.00756403775464889	0.0295323478334441
0.000580212740937189	0.0343722633989092	-0.00804065100518135
