1.55409574187502e-22	0.00601379862590824	0.00250203943407605
0.00546788344321695	0.00077574670210642	-0.00826657878240275
0.022367629421439	-0.00026282404996927	-0.00384929981754117
0.00302949600089527	0.0331799081426559	0.0236016607934515
0.0015720361267996	0.043758326572638	-0.0234348791137774
0.0529775597393502	0.0101828030451023	-0.0466754996992886
0.000114124908111262	0.0681989053677508	0.00561389137165746
0.0566861964313473	0.0119872938934749	0.0517269715344333
0.0506202323547405	0.0174897624324878	0.0591074271202497
0.00243151877550858	0.0656722739570357	-0.0253903383879218
0.0673467785375741	0.00155179572187644	-0.0202717647027411
0.000518000393191353	0.0685889294652136	0.0111636599812829
0.0420342881598895	0.0263201507423449	-0.0675544684104279
0.0565758350980025	0.010727119761248	0.049577854662161
0.00790479536765699	0.0641045683912071	0.0455241381032768
0.0588842731312176	0.0124962394550168	-0.0551138817852589
0.00358525707116325	0.0672363906310098	-0.0308521354208667
0.0646813897001581	0.00523949133336856	0.0363785998729553
0.000550330826948039	0.0691790267183455	0.0114435155726527
0.0621828000128557	0.00590897073339542	-0.039368613956964
0.0590469898050311	0.00811025404372257	-0.0446869689279829
0.0436200199382489	0.00944661457796372	0.0422768897429169
0.0378156735349108	-0.00262874821436437	-0.00175238188593252
0.00266802476210056	0.0247700624499776	-0.0206174199754518
0.00156961159907692	0.00842074780602538	0.0111352600847241
-1.90541130384439e-21	0.00731590327203606	-0.00108078315135401
0.00645999139704777	0.0018151636642197	0.00694547342738024
0.00179087041639406	0.0650886908050666	-0.0220725145269408
0.0482948099726366	0.0144907898490704	0.0541573197234869
0.0470516784685615	0.021172844565955	0.0633039043877866
0.00119286091633995	0.068642805441375	-0.0159658385750339
0.0565513026866909	0.0117909448529111	-0.0516367032230226
0.0527076371044516	0.0148206936433631	-0.0563475610617905
0.000169276895252032	0.0705392576833802	-0.00233687339987645
0.0523709261239894	0.0161529917302966	-0.0588851744065136
0.00208302336912699	0.0124077799452862	-0.0134845545325762
-0.00128589779546471	0.00752287128505261	-0.000905389743229535
0.0396600067641512	0.0144869534931761	-0.0492184308030884
0.0532211256885108	0.00975403108456454	0.046715565515569
0.00149807265886068	0.0576965139511572	-0.0198097276743181
0.0481927830053466	0.00606214585304102	-0.0370430945721945
0.0503341025612887	0.0174314217184949	0.0596566563230209
0.0475776470722202	0.0169253996783771	0.0579008987654686
0.0524769017290921	0.010586655198086	-0.047817724028332
0.000106433004391393	0.0675411819257573	-0.000732171164769515
0.0165453680020221	0.0238472094883847	-0.0421209445898897
0.000714356501003832	0.0526129870059131	0.0170665414786062
0.00182598338742888	0.013604784611776	-0.0132220338196887
0.00532834453254149	0.0201182422218927	-0.0257319625632039
0.011273116384831	-0.00126413403458314	0.00248309879052615
0.00149356661182342	0.019501991263124	0.0160570961248363
0.0539964756400476	0.013461364577001	0.0539015532499496
0.000753273046400311	0.0637733360255012	-0.0154053129282331
