-5.38927950554357e-22	-0.00838007503282442	-0.00319172009716138
-0.00770558708279258	-0.000823209410151655	0.0111235761298175
0.0275963044419082	0.00113356389668154	-0.00613230202946082
0.0102156485018968	0.0603891480151379	0.0416137678777488
0.00601743324580986	0.0820323326911127	-0.0352430637221942
0.104373008799146	0.0173340109573502	-0.087964751998951
8.16783277460707e-05	0.135711098945946	0.00692266546541199
0.11298384542133	0.0215514012685526	0.102734524658401
0.101589728947242	0.0307013273482834	0.115763856032004
0.00437979528420317	0.129684943526807	-0.0507464143711052
0.132212901629825	0.00246566223574567	-0.0398385778471147
0.000899517621477306	0.133078341320195	0.023306327197559
0.0827126141241224	0.0486140443303999	-0.130806068051921
0.111542281325313	0.0203142806938812	0.0985773476265804
0.0144575729130074	0.128527585688726	0.089743895909032
0.120276834276037	0.0214082663887697	-0.105091905336146
0.00825113923765335	0.132157489373248	-0.0681952798113256
0.128577646828061	0.00982620436620308	0.0742708429632718
0.000921755577888826	0.135584759524194	0.0242506351308903
0.122856974167802	0.0110634026639372	-0.0763293682079481
0.117082210980938	0.0151077510270707	-0.0864531029581624
0.0837344881118519	0.0180164184208742	0.0793821512689205
0.0694437813196939	0.00268322513131243	-0.00734052308851187
0.0097103639920787	0.0376512418146662	-0.0367607374524643
0.00320962950449943	0.00164029987717779	0.00131404395714943
-2.33568772457247e-21	-0.00946120497498774	0.00109986412616213
-0.00948451565040039	-0.00258470130257216	-0.0100687910895827
0.00370817868063991	0.128014459296398	-0.0434721735416308
0.0958647960482921	0.0269964367975815	0.103421752760905
0.0943894316802256	0.0376184288352145	0.122691446354129
0.00169386574180924	0.135240731004631	-0.0312650629529649
0.114439332134079	0.0194119870588984	-0.0978340639639122
0.106061136399838	0.0267945554154047	-0.110931674231615
-0.000179381450456417	0.140988556514291	-0.00995125479085081
0.107033009642177	0.0284894505584834	-0.114515233450822
0.00221300649187488	0.00685746171642862	-0.00400325280797837
0.00168136094606141	-0.0110086005266526	0.000262354413137301
0.0818733412887909	0.023957288739834	-0.0909883598854629
0.103171295063403	0.0201198921246126	0.0931870311948229
0.00319581343594031	0.110796241329293	-0.0363042463545108
0.0930981320088476	0.0136588968244698	-0.0684692453074804
0.10053118587229	0.0313241999778142	0.116007507170127
0.0952226601851291	0.03020960749465	0.110308236093581
0.10568063559149	0.0180961914622653	-0.0902879747588411
-0.000127446255948687	0.133923299018717	-0.00479437276002311
0.0328405725622383	0.0404096179948003	-0.0734818318827901
0.00299062777284023	0.104019862248027	0.0268203840836625
0.00289042208495197	0.00835826192239314	-0.0039593960480163
0.013020299340019	0.0321853808614698	-0.0353377673423852
0.00190928047952847	0.00203042786551703	-0.000374135087801042
0.00355039014253908	0.0268327037278942	0.0128920484877896
0.106550601129564	0.0242781160178549	0.105468085996468
0.00180505812736561	0.124717241023412	-0.0296068368117827
