-2.27247779276194e-21	0.0164107246158621	0.00573353294198774
0.0138950958326009	0.00324491657041707	-0.0218135128436063
0.082062862709372	4.11329111051344e-05	-0.0124992917989386
0.0155103217925367	0.114784710976832	0.0887468113609158
0.00828843160337863	0.14846531188585	-0.0794310135639324
0.165142862623193	0.0258354398632398	-0.136166415644486
0.000148937071651009	0.205706304862933	0.0110631393741483
0.171609865934409	0.0305338552430762	0.152200080611054
0.154042346214738	0.0436330562643995	0.171249458189528
0.00730555462578814	0.193663351058025	-0.0798282433276369
0.197923413162993	0.00350820550098272	-0.0561296973518196
0.00144580524819065	0.197095463450588	0.0351730319695532
0.123928208001803	0.068139931553926	-0.192375653013218
0.170305809625305	0.0289078033983187	0.147353929600015
0.0213383313319355	0.193855877262089	0.135719115722541
0.184201581509113	0.0283194983070913	-0.151976311469662
0.0139865726903004	0.19650175700925	-0.10908278172273
0.194338938151041	0.0138721324378517	0.110514305102112
0.00143554836620461	0.201905784027211	0.0363060144275821
0.187364857098601	0.0146138134724248	-0.111000287958451
0.179762007432594	0.0204268338978567	-0.127739902729622
0.142822367105866	0.0276834135178983	0.132656649330706
0.134342331107957	-0.00430746399825547	-0.00547274496683104
0.015035028258663	0.0890606123242732	-0.080898148778658
0.00762836545540314	0.0291881236473331	0.0371138318110437
7.17807256302466e-21	0.0200977006340945	-0.00222319806380611
0.0162923149639526	0.00461390307844193	0.0175754344554946
0.00609948152974456	0.197992567206635	-0.0726394685371829
0.150753144232521	0.039644754156587	0.162029296533359
0.142286095629706	0.0531532376782004	0.181388318862445
0.00315929772571403	0.203756122363488	-0.0508797574247834
0.17386014425871	0.0272490779164386	-0.143542876711114
0.161420252867506	0.0375309583399519	-0.16347452055381
0.000394093909942503	0.212835325211139	-0.0183625786754418
0.163342028589154	0.0398799584881501	-0.16952894365324
0.00810335696062413	0.0445761812648673	-0.0444988331960566
-0.00245480814507399	0.0191801919797904	-0.00387649519053173
0.1303127162737	0.0397361622752176	-0.150751795220323
0.163488767165893	0.0271651969925351	0.139765504831348
0.00551256376455588	0.183444725985946	-0.0665955570208641
0.157942529606695	0.0174299131064707	-0.112717996495222
0.153420246913744	0.0451043823339949	0.174045571820224
0.148080018106497	0.0460124024030159	0.173234743163973
0.163323630554346	0.0263056590401709	-0.137327483281069
0.000135787987300283	0.204152968556017	-0.00722787513860111
0.0590488850712103	0.0773963120711097	-0.142697966539233
0.00388705316298052	0.16988841041956	0.0567011085600173
0.00832913287759836	0.0483452256900476	-0.0448320006728679
0.0226478360450949	0.0741604933169414	-0.091078906696886
0.0385810695717485	-0.00246460936686874	0.0064842263184654
0.00813938542642526	0.0716366050805097	0.0566390917926266
0.163791605199774	0.0350020409789083	0.158344819973443
0.00280114152577916	0.195593283177065	-0.0507225343819237
