-7.20627825865843e-22	-0.00778564447327166	-0.00293633413254848
-0.00719552158764501	-0.000765355425759031	0.0103324697762651
0.0214372461897526	0.000989413220283638	-0.00482042230640926
0.00803127590418073	0.0463601623354667	0.0317643367018211
0.00463946895707927	0.0628192005355165	-0.026340893422599
0.07775982957353	0.0132683670870992	-0.0659142591798144
4.60122390622437e-05	0.100844282277339	0.00435321299524325
0.083585798910362	0.0167273341420081	0.0771793040832597
0.074960502289819	0.0235626549393993	0.0863456987029597
0.00325279840855544	0.0960111884323339	-0.0372372300829119
0.0975689675219877	0.00186660222698142	-0.0294073022022889
0.000634814158232887	0.0977989522957901	0.0165444392469546
0.0605665797864369	0.0366919200000228	-0.0964291203289882
0.0824363589223715	0.0158734021608753	0.0743020669797896
0.01027781942662	0.0967552932184439	0.0651100640202498
0.0898293090749043	0.0161821026393355	-0.0782923348648033
0.00632061044412488	0.0982486449982684	-0.0509572937129691
0.095332909673356	0.00776761605712873	0.0564440031706937
0.000642205790106965	0.100025899626761	0.0173045554807578
0.0911052578676651	0.0084347582004744	-0.056919582443322
0.0869003123449807	0.0115796476281449	-0.0646360593771342
0.0628765831177893	0.0140739298226301	0.060293323874606
0.0532070410942811	0.00233081964321325	-0.00556295023267591
0.00767393114446547	0.0294345816343516	-0.028372046437047
0.00266079507406027	0.000928203830012026	0.000433016209206416
1.12253481814611e-21	-0.00879747446307023	0.00101991200412157
-0.00882947480822791	-0.00241337026661304	-0.00938493717112033
0.00278987756022752	0.095601349140561	-0.0322363796122287
0.071160578261592	0.0209678650557275	0.0778517059096652
0.0693584832305622	0.0287416599817194	0.0911326487789151
0.00127188717963053	0.100267991860772	-0.0231368621900012
0.0850044080487497	0.0147057522171641	-0.0727880108630301
0.0785739060856909	0.0205160039812304	-0.0827953769363472
-9.41975131537831e-05	0.104891531906885	-0.00831210059750891
0.0795835173412314	0.0217639046361648	-0.0855326794629339
0.00179306729180163	0.00501181135680258	-0.00254451052212044
0.00153840127187763	-0.0102358160467056	0.00027436025392145
0.0613610795006972	0.0184000366795893	-0.0685149166060818
0.0765290787074318	0.0156539834163412	0.0702857963605779
0.00241359729682954	0.0835114901207303	-0.0270519487480248
0.07012157686828	0.0105740275121124	-0.051817382727267
0.0742293668280313	0.0241767607092998	0.086826059598176
0.070616865663286	0.0234460392469948	0.0830553134880682
0.0786273425605842	0.0137893952238743	-0.067450061556033
-7.35784760237186e-05	0.0995022816805388	-0.00405091848778832
0.0250470139511169	0.0311362890166203	-0.0558721830821395
0.00231346596511203	0.0782948705584874	0.019865175744754
0.0022946115535869	0.00625994509815605	-0.00240385651858926
0.0103291789707189	0.0250643678688051	-0.0272122397065975
0.000968640424567567	0.00186444283521775	-0.000524034155834606
0.0029230655051279	0.0209105498035231	0.00969665708865826
0.0787695211905313	0.0188360357648151	0.0792003906174802
0.00138285350064529	0.0930712362108299	-0.0219597253625327
