-3.43653168248071e-22	-0.0134380175738602	-0.00460637585676801
-0.0124245499039796	-0.00123733486976655	0.0172418500495051
0.105941811129822	0.00169405463604435	-0.0193997646614032
0.0338532393343073	0.207232296782418	0.159512301072667
0.0220899437554244	0.277248154732231	-0.148084742780982
0.372297951610839	0.0452327875567839	-0.286793220148558
0.000545820926427984	0.474099194134354	0.0343836431819635
0.403364174652327	0.054209114626734	0.330316585811165
0.366912743484783	0.0799494438515043	0.380916094763777
0.0179335898734574	0.448306449853802	-0.203575687760141
0.467568403205656	0.00618734252531768	-0.127854219610538
0.00408896291141422	0.470615173528179	0.0990836689397453
0.30563090726412	0.133362744979664	-0.447131199587374
0.399377218929795	0.0504955409154732	0.315463613089081
0.0594269641490378	0.416307745056246	0.351982239119904
0.42198228323701	0.0544132727453899	-0.337908069988783
0.0312164645293982	0.447102524621712	-0.26283727201125
0.452549586839756	0.0235251269254654	0.231028826603257
0.00418752314285096	0.475564512121227	0.101473136136864
0.434876994407274	0.0274932378997255	-0.243596836195371
0.416200586051487	0.0376478697123593	-0.277310707650294
0.299664434347487	0.0481603644701383	0.261860899116821
0.245921432892213	0.00341819344649427	-0.0196443462759414
0.0342987806373639	0.129654016376889	-0.140144952977123
0.0102280529552194	0.0150592524975631	0.0185675178547366
-6.02909454200076e-21	-0.0145647968909023	0.00125268264842871
-0.015427521037692	-0.00417039847721499	-0.0163212382124394
0.0146687493745365	0.438593377756217	-0.174301950371886
0.344763115648344	0.0698199591477674	0.339674160840021
0.344484101832106	0.0993108718229202	0.409219328815883
0.00692357734323104	0.469967929345225	-0.125268406701077
0.406020865151629	0.0500014465598314	-0.317679447365307
0.380810251249113	0.0686791855751824	-0.361697401321238
-0.000416549524229299	0.489953807611387	-0.0322092592403944
0.381616533654377	0.0733659066797617	-0.373232168896445
0.00794396568521999	0.0363111426282224	-0.0292294174687839
0.00246514015719975	-0.0179535386204666	-0.000363692981456973
0.291897095717423	0.0658327952405194	-0.30431947283133
0.370400896189283	0.0507056648033204	0.299733658682004
0.0128458608791632	0.379847367305106	-0.148131569636363
0.330410398284991	0.0344241012226129	-0.221394817376033
0.362721090744989	0.0809282925297102	0.380552608144745
0.341888008599708	0.0792182258603199	0.362435495435224
0.376021482275284	0.0472736594046031	-0.294950034113698
-0.000493892237248978	0.469243666452523	-0.0148970500612463
0.118454898022272	0.12826495208444	-0.263504102164963
0.00961173198266267	0.361107655391601	0.110424875596572
0.0112566965801523	0.0405117211987794	-0.0324613220146387
0.0423642116760809	0.11251983252247	-0.134359470819518
0.0198447533408965	0.00317622941750712	0.00224203084871976
0.0117044901607841	0.0984281421178947	0.0605411313328063
0.382950957146554	0.0617485425924063	0.341999083910182
0.00704250227612345	0.433471187849347	-0.120871647303921
