2.60777859956429e-21	0.00406978073315007	0.00157285351480311
0.0036475140285988	0.000544804641731696	-0.0055306713705691
0.008295085908658	-0.000265786041732263	-0.0009416614572483
0.00086345506062691	0.00852080470118669	0.00696564116757817
0.000501155556051773	0.0103667827938897	-0.00601413267027264
0.00859031558400974	0.00142692553572457	-0.0072958924187844
-3.74269428807803e-05	0.00997460653070279	-0.000333003811500564
0.00795747892989	0.00156782652028536	0.00845072153826289
0.007129843314485	0.00200989240918446	0.00877367403530784
0.000158363714347089	0.00914846125575649	-0.00332329405849838
0.00885429693376285	0.00014243152619554	-0.00291458199713605
-2.72800566412908e-06	0.00827580076701116	0.00176513500825067
0.00503894337105669	0.00352243997982645	-0.00851546420085641
0.00785165014127218	0.00184194197949346	0.00817010264306048
0.000375442364845588	0.010223160344851	0.00472156475818461
0.00944464007676834	0.00117764896146785	-0.00675202506695977
0.000949259456002451	0.00931181815818328	-0.006147336003349
0.00906036077712381	0.000857002586437762	0.00690609997044186
-1.4940862889432e-05	0.00903026984991006	0.0017166759005199
0.00888426529123891	0.000837785519193104	-0.00555209860970238
0.00871426012067154	0.00111797816712169	-0.00647688727149578
0.00847596954221735	0.00199077263989865	0.00848664495428247
0.00998304181237078	-0.000880638195468425	0.000220204744004481
0.000865445142711625	0.0081439820019742	-0.00679240567387536
0.000598955579085363	0.00432045747663772	0.00576802306450811
2.72596266619355e-21	0.00486554633065862	-0.000673028739929758
0.00435978367258664	0.00121658294243802	0.00467394106045658
0.000298934277687419	0.0102115864599665	-0.00364325723362939
0.00760234156148715	0.00255110849103666	0.00903379983405192
0.0064992707651142	0.00242651260200757	0.00859596665557142
-8.10822043341729e-06	0.00965580084522843	-0.00219086255537887
0.00854362774273754	0.00112615991262657	-0.00661679949441808
0.00771523673368013	0.00193400022363112	-0.00833583165886325
-1.44634996963334e-05	0.0103379865322126	-0.00223471186049292
0.00822071844871931	0.00191678103085539	-0.00836111240444838
0.000856368285632145	0.00589624818734226	-0.00648591119732759
-0.000783923594083292	0.00508293510751967	-0.000552565204300352
0.00718607460754826	0.00268986963677029	-0.00882925086466388
0.00818757973585778	0.00178318480445492	0.00761565165287672
0.000355368949999421	0.01082563408177	-0.00393421616880395
0.00952531415216859	0.00101795333195612	-0.00692582473087362
0.00718259051284637	0.00247494742557895	0.00884980815548607
0.00734045964739966	0.00303493709970369	0.00953707455022289
0.00825277089343346	0.00136587140736649	-0.00690932735014938
-4.93397541558045e-05	0.00996899497581998	-0.000877349743860054
0.00378487324049436	0.00611921652186091	-0.0100919185727543
0.000192556985722709	0.00993761145241031	0.00365491276639123
0.000716696210997886	0.0063544987385211	-0.00640196410598547
0.00143431963062057	0.0067598454059099	-0.00828429470038746
0.00578948199990927	-0.000851998477793246	0.00119306886860236
0.000598368029434646	0.00690256123960928	0.00652479603756548
0.00767794354265003	0.00197799953564908	0.00846140916055462
9.84665148327628e-05	0.0102202225208005	-0.0026437989895316
