-9.97499440123597e-22	0.0112351579696179	0.00398530197838047
0.00976342049914595	0.00202236204595164	-0.0150136618428603
0.0410232818475828	-0.000314482345645796	-0.00535699723017947
0.0069128263827884	0.0502187524535282	0.0395705360734
0.00379415188435303	0.0629977187294978	-0.0334306481683803
0.0572223155712053	0.00913438291508546	-0.0469551779231493
-2.92844165117265e-05	0.0674703413676066	-0.00122856153404351
0.0545589492384337	0.011844071589872	0.0534074523178918
0.0485808243504375	0.0153027490528214	0.0565533864852412
0.00223619333169735	0.0613440591251189	-0.024814152814588
0.0609498528104928	0.00099213248584487	-0.016960245945773
0.000291468473964329	0.0580181505340335	0.00917774720427662
0.0361842206363041	0.0223275936431729	-0.0575874245429597
0.0537801579568044	0.0122152921830439	0.0529300729030798
0.00431438312613869	0.0685836258746978	0.0359365328015741
0.0636339700790601	0.00808324380987662	-0.0462903657959867
0.00642859885504055	0.0627067578648432	-0.0407297540720815
0.0621052591341248	0.00634336097328182	0.0425664945215348
0.000230374068756176	0.0615974084296151	0.00990334734199719
0.0608053670959822	0.00500244341375555	-0.0356783346724773
0.059296369602981	0.00713061844468623	-0.0422664683539271
0.0538318697054806	0.0122917908922191	0.0527738339151177
0.0587466134540855	-0.00205884324734566	-0.00065082471364901
0.00705116801940883	0.0433043843584701	-0.0383225883657553
0.00389133219910944	0.0168182856020816	0.0214468531337516
-5.19019343801474e-21	0.0136451497201803	-0.00157083103328127
0.0114921929924593	0.00325002995372228	0.0123894347306052
0.00234926250505511	0.0680400739669935	-0.0251300416050188
0.0508294890138687	0.0162616833370233	0.0587449481706639
0.0436488742681306	0.0181139394549003	0.0573769757550682
0.000829510665877406	0.0651868538759953	-0.0163624828582845
0.0576960704103871	0.00790270082484576	-0.0441268972367559
0.0527252778162677	0.0130333918255297	-0.054031953410118
0.00035587246584586	0.0699452387907067	-0.0129634355275896
0.0551814262561683	0.0132899527908815	-0.0555022969835903
0.00434412757719916	0.0245051090749028	-0.0250871429729754
-0.00177466336345032	0.0134726872298009	-0.00229986742693456
0.0478258615074733	0.0157659446314527	-0.0557503525757701
0.0545402676803977	0.0114094829684487	0.0505397453618851
0.00234046089459682	0.0694360958793708	-0.0252437075225183
0.0607204302183107	0.00682885116847183	-0.0428380513787482
0.0488071815501276	0.0169166220040159	0.0587754416490139
0.0492841562823606	0.0190500058201409	0.0624884951017198
0.0556032502204793	0.00888541578052657	-0.0453621236563759
1.76286018522626e-06	0.0673350387226093	-0.00571820439216961
0.0243008670859063	0.034404287271123	-0.0596494885078438
0.00159312701601883	0.0641033942279957	0.0211029855444258
0.00412940722069529	0.0268916074524008	-0.024878972664023
0.0102813284884842	0.0360840296092438	-0.0430919018583304
0.0221753841373766	-0.00183079181472613	0.00390678783254135
0.00396652961096922	0.0354426421682982	0.0289329962659184
0.0523497954382924	0.0136469892357531	0.0552341454574322
0.00109441255107653	0.0677059465306993	-0.0179745323810557
