-1.30026542779473e-22	0.00947747683490115	0.00345223605280519
0.00833892154618745	0.00159155349417083	-0.0127459076976414
0.031976842126312	-0.000332844457956023	-0.00427157690309604
0.00505215864849649	0.0396974342204173	0.0307531935415485
0.00282534764045789	0.0500321054524873	-0.0267849062820638
0.046942318186945	0.00761099865322738	-0.0388643404793092
-5.66525058032375e-05	0.055579472699726	-0.000988222138736332
0.0448567491982342	0.00979027402766931	0.0446064984183384
0.0401675419951045	0.0125979645403778	0.0471935172097544
0.0016883988762195	0.0510516445118495	-0.0199856581854262
0.0504176215992241	0.000943914257131522	-0.0150405618074364
0.00028314812932074	0.0481662152434452	0.00880025613961116
0.0293764139125492	0.0192813902912504	-0.0481905163349187
0.0442515267114554	0.0101349837081688	0.0439528240643116
0.00329038700260064	0.0561833812551903	0.0287389141964572
0.0520895613408546	0.00658863679208928	-0.0377469925665856
0.00527122597603114	0.0514646935818861	-0.0335284290871359
0.0509039270008431	0.00525773513045648	0.0356316505073445
0.000219938242604939	0.0509112249207378	0.00921239393042707
0.0500089698780869	0.00433799083605103	-0.0300761966859138
0.048862661067432	0.00603754234930926	-0.0353146413889198
0.0434083012375809	0.01000482839445	0.042855846207794
0.0461909323138764	-0.00201370915125265	-0.000558143149033461
0.00512458845707165	0.0338312129245662	-0.0295345016973445
0.00287544755951583	0.0133394838777458	0.0171738480618802
-1.61430471269573e-21	0.0114970717076616	-0.00140153679416895
0.00983411559012315	0.00277881538771248	0.010598159572155
0.00178771355247023	0.05588063564596	-0.0201786840686549
0.0416814665820717	0.0134686733948302	0.0483942489293619
0.0363803742064699	0.0147868675559115	0.0476763739360669
0.000507000020160408	0.0538071197770643	-0.0126989322472989
0.0475050145203462	0.00651709492405495	-0.0364925504664167
0.0434802569903512	0.0109086146144583	-0.0450190549226423
0.000256893671629018	0.0574238317766261	-0.0107777755910061
0.0454467627109659	0.0109996755165627	-0.0459008768073528
0.00333149095322517	0.0192596636764769	-0.0200337428570606
-0.00159869121532244	0.0115071606346717	-0.00177503533634567
0.0386579891345985	0.0129979684775367	-0.0455185380472714
0.0448152662256828	0.00944595123929725	0.0416512192542273
0.00184057909950097	0.0562902911832044	-0.020358588464898
0.0489448954907902	0.0055802085253617	-0.0350305231576356
0.0403562361411769	0.0138953770735567	0.0485863202453279
0.0404859324198807	0.0157310655889832	0.0513659642483906
0.0456490068305247	0.00736680725698108	-0.0375029828837021
-2.89620578969076e-05	0.0555923219877568	-0.0045041986400688
0.0191505735487647	0.0274409238484591	-0.0474625610419753
0.0011482510003332	0.0518565508511312	0.0169796719240488
0.00310156038149385	0.0211459273924029	-0.0198168641626762
0.00776491100042184	0.0280202535105798	-0.0338055364658957
0.0176454251426058	-0.00165299988272773	0.00324847305512484
0.00289586139057188	0.027592419370247	0.0227666422983346
0.0432154075658651	0.0112643360619412	0.0458520397496769
0.000781085256725611	0.0556193177221143	-0.0145959279453271
