-1.41741253045319e-21	0.0244013282409097	0.00799856991414092
0.019429329462749	0.00574534821654309	-0.0317442917578236
0.179435739053945	0.00177992773582344	-0.0285348472658684
0.041140840928508	0.279594848156914	0.227152887493658
0.0250302942172089	0.36705382494938	-0.218334628930993
0.471748193091087	0.0557705641087582	-0.360894226609456
0.00116254968820937	0.589866323215081	0.0593671351028451
0.506233597582472	0.0617037918337264	0.396331650785668
0.461291010918817	0.0928124107952488	0.463269773320841
0.0236540896397108	0.556010070002446	-0.261858645435315
0.584668453886315	0.00767901821134935	-0.156169160043674
0.00598112961865237	0.589104548419425	0.133479076084118
0.386210646981748	0.154934107957501	-0.55410859044286
0.504185657365177	0.0559462276842196	0.378379723029476
0.0814880948691315	0.498331881696472	0.458839159150636
0.520641267151423	0.0640951455086147	-0.416301808801065
0.0372254105064557	0.553065609912588	-0.325102433149614
0.565177576000543	0.0257554594074041	0.270568468220944
0.00615267125167324	0.592817303763273	0.135639561934799
0.544392028749052	0.0308927599473865	-0.298054285013407
0.521609274151232	0.0430299966150343	-0.340360172225882
0.393214887555656	0.0570633199417774	0.332209320576454
0.334829451832737	-0.00810489798139088	-0.0183016344526772
0.040501386271462	0.195211313371828	-0.196945178533269
0.0156969236010357	0.0538214693067532	0.0677554453847752
-1.18417222658179e-20	0.0301407244177607	-0.00287074719507596
0.0226172263813847	0.00645919871082806	0.0244874118152656
0.018314416918288	0.5489210097281	-0.22586102160281
0.439485991943827	0.0807415925346589	0.421230642803134
0.434348715228274	0.114789834370553	0.501832133387721
0.00965461193986127	0.585981196161661	-0.161076176556156
0.503996294635461	0.0609310490093188	-0.394354038763321
0.474804319919564	0.0800855110413344	-0.44173824396065
0.000207543338853942	0.607733068644107	-0.0260704194356391
0.472696609232232	0.0865509001725412	-0.458617471932411
0.015970378822118	0.0886615082254024	-0.0837505661504516
-0.00303306878090588	0.0269627448048879	-0.00735680637593844
0.367422819596139	0.0853680004170016	-0.395458240296701
0.474965450856472	0.0535874316883126	0.360657565539871
0.0164423052149608	0.488053807036826	-0.199321223334868
0.42887069609585	0.0371545720790268	-0.284345176998707
0.457660868869615	0.0930565078619625	0.464955380164917
0.433461291090971	0.093436238021449	0.451245930631139
0.47062203861488	0.0575167171213851	-0.370315157344746
0.000176064387799555	0.586209808344131	-0.00797990908395808
0.157675707103022	0.175624788450212	-0.364644154332338
0.0118429784951693	0.459185944803762	0.166358181413342
0.0201685962123466	0.0926531136213754	-0.0902743786899123
0.054958971531616	0.166485097790795	-0.211466352638036
0.0712117439429971	-0.00300112831815712	0.0112334094468429
0.0188967373550217	0.157635949286575	0.122403658148895
0.484594200276974	0.0707589036955333	0.414990425321838
0.00868692410113426	0.54727574339467	-0.157234146754021
