2.76901672540369e-21	0.00847072220397667	0.0031951842491667
0.00746762709310847	0.00131534061608228	-0.011422877378174
0.0282204652990891	-0.000339871963224835	-0.00387486772992534
0.00429286486147778	0.0354473201443757	0.0272621560572262
0.00239406470316401	0.044793961230321	-0.0240642045414883
0.0427608428772801	0.0070745595933952	-0.0357830452577484
-6.90132625771648e-05	0.0509226443760483	-0.000529622578290578
0.0411441713349077	0.00886108149488199	0.0410238793151323
0.0369618555702131	0.0114699648736926	0.0435549217774679
0.00143638555050699	0.0471472430671497	-0.0179527358964512
0.0464317229359488	0.000965761316792137	-0.0145430278341554
0.000294524925683452	0.0445752047829559	0.00893082571496614
0.0267861189644136	0.0182826370125511	-0.0448324675931839
0.0406494312902441	0.00917746672088125	0.0402138719319444
0.00301277405326795	0.0510958520462253	0.0263730246996427
0.0473377793119786	0.00618344735917553	-0.0348146469495779
0.00465663659187346	0.0472776778078795	-0.0302379950340082
0.0466262431000489	0.00469355902013181	0.0325969600571959
0.00023297074836439	0.0469380623732524	0.00913622783772026
0.0457346346687936	0.00412910587463988	-0.0280962554469808
0.0446764491381202	0.00566498420850443	-0.0327255917480357
0.0392602456032589	0.00898971462939546	0.0387447948139853
0.0411437897983092	-0.0020324706179908	-0.000582941759293335
0.00429916529193196	0.029936025249588	-0.0259062943123659
0.0023876981203457	0.0117237200432523	0.0151955364219668
8.09531154574645e-22	0.0102280125156828	-0.00134217977840641
0.00882779360422281	0.00248731994895367	0.00950224051509353
0.00150975247178291	0.0510111427686212	-0.0180339148907938
0.0380805304779915	0.0122455138278264	0.044142556687319
0.0336936171210744	0.0134371745701822	0.0440065742401488
0.000368597272556201	0.0494416328978817	-0.0111436432193062
0.0434199016477795	0.00616528445656578	-0.0338902085935873
0.0397589856821159	0.0101472259454438	-0.0415994888727449
0.00019880232134579	0.0525255971564568	-0.00942293134092729
0.0414565929444138	0.0102088657359289	-0.0422805841207234
0.00288062482628499	0.0169353169380325	-0.0178100440351417
-0.00152528450004912	0.0103320803648684	-0.00150528614306189
0.0349112592388606	0.0119476841568609	-0.0415288543297078
0.0410381103980938	0.00856238006400379	0.0379621801560579
0.00159920586036307	0.050937631259819	-0.0182266941010496
0.0441351998353338	0.00508694206862651	-0.0319612788583534
0.0371203241419691	0.0126189450719388	0.044523409408365
0.0370395597454968	0.0142743302490724	0.0467901837242475
0.0416261662897194	0.00685657157267206	-0.0346221571489352
-4.24788525933314e-05	0.0509544218875078	-0.00374133946889152
0.0170701714960018	0.0246990013396333	-0.0426520626854471
0.00097414529110704	0.0468929786996478	0.0154806981047405
0.00265480644142775	0.0185559624462874	-0.0176334950895196
0.00673705283778621	0.0247862593881816	-0.0301176673056087
0.0155468196107029	-0.0015717768734211	0.00299007208517488
0.00241890706580591	0.0243487641842267	0.0202134446007792
0.0397108522419674	0.0102214045730864	0.0420209478620895
0.000621901023188425	0.0507701236147056	-0.0130832208941941
