3.21477865136205e-21	0.0087188480621572	0.00315764124638642
0.00768405020564683	0.00145602192917672	-0.0117164938411427
0.0265900744323273	-0.000344430583683221	-0.00349164359921612
0.0041264950638731	0.0315323576627906	0.0249541773612757
0.00214559460129968	0.0394992115678034	-0.0208423568148271
0.0357980874504994	0.00599768085343225	-0.0301308901861296
-6.02461714651524e-05	0.0424169554715736	-0.00054530846195063
0.0343123577006698	0.00738555302562098	0.0340987787721913
0.0307642228733704	0.00948340430680385	0.0360075278931555
0.00116500783427202	0.0390434612187573	-0.014757091348884
0.0383393394121372	0.000766417416325165	-0.0119373789754775
0.000230507009759624	0.0365970205150303	0.00709780179634055
0.0221132978355399	0.0150145245851647	-0.0368081616601255
0.0338146749129873	0.00771873722831227	0.033557225291101
0.00248965237178781	0.0429478540066678	0.0219394271808262
0.039716770320046	0.00516686609852019	-0.0291038546477114
0.00393496185511819	0.0394238941568451	-0.0253637785934982
0.0389023355820084	0.00396401511998529	0.0272619069085525
0.00017868639249628	0.038764785694773	0.00741191676312076
0.0380041556421877	0.00347087443815087	-0.023398241632689
0.0371427807850367	0.00478580789045112	-0.0273716935023518
0.0337829689950988	0.00771369562629132	0.0331413251084163
0.0368648830459947	-0.00166405355608873	-0.000424314902828057
0.00406108053271361	0.027732671380834	-0.0239246585860524
0.00244117581363693	0.0116055166818849	0.0149968179456435
-6.02816055198822e-21	0.0105322927706691	-0.00124368807954397
0.00910269245792802	0.00255398549718424	0.00978091447237692
0.00127227407438272	0.0428258405335685	-0.0149439196377173
0.032019294913266	0.0103026651505233	0.0370408242481689
0.0278876888249905	0.0111507376655135	0.0362879373958357
0.000297373661815918	0.04110089787096	-0.00920209795086651
0.0361469115342536	0.00507182496144614	-0.028125928584788
0.0330042113076209	0.00854625825384068	-0.0347488960431033
0.000145603612813281	0.0438820108966818	-0.00804844591093515
0.0345843046248392	0.00858786876867795	-0.0353616250678904
0.00280561606832978	0.0166501511915831	-0.0173096533791131
-0.00144860336416753	0.0106323272981561	-0.00155643428473183
0.0296453034274322	0.0103112665116709	-0.035408584370665
0.0343828172209675	0.00721784901865831	0.0317839345877428
0.00134646376752568	0.0435555102424674	-0.0152590045309526
0.0378505717544656	0.00444459074596928	-0.027433529194743
0.0309112228012607	0.0105348494615477	0.0370190629565801
0.0310855893398062	0.0120481701023248	0.0392656530168324
0.0347696092183163	0.00577580407236241	-0.0289666285810175
-6.02150576629202e-05	0.0424503855373214	-0.0031431167841438
0.0149179473688108	0.0220676621918555	-0.0374943892546462
0.000954250165756082	0.0400952787893236	0.0135705120259292
0.00253861455477918	0.018173332812002	-0.0169837562670985
0.00615681524395951	0.0231041181858872	-0.0275390391254786
0.0153720393254602	-0.00153397872069188	0.00280138980434271
0.0024547423051759	0.0227698344794597	0.0192623823313813
0.0330618727999695	0.00852996790898498	0.0349776131621584
0.000522345389806871	0.0426434243748949	-0.0107343640572338
