-4.75239277993113e-22	0.0106298411255476	0.00379114712724092
0.00926251837376886	0.00188418917697707	-0.0142131396703091
0.0375484177929408	-0.000318410979071969	-0.00487880817134537
0.00627192427214007	0.0455034746897323	0.0359888477829534
0.00343396069681807	0.0569670432403848	-0.0301615289297626
0.0506678805318313	0.00793279402223991	-0.0414921881771984
-7.37311213276044e-05	0.0590454265594062	-0.00209253065714647
0.0474964174964667	0.0104169551162819	0.0475963755024933
0.0426061115012285	0.0130353151428115	0.0496702097324477
0.00175131817364058	0.0537744237573191	-0.0210577200735056
0.0527235439511045	0.000940018006934923	-0.0157207969195084
0.000301732412058845	0.0497844506295347	0.00926844260343976
0.0303460106826657	0.0199967662091123	-0.0498704683747013
0.046702018790639	0.0109932646055721	0.0472112292163721
0.00305840261208155	0.0604671632205922	0.0290901086080101
0.0561996661652775	0.00635982403629102	-0.0386031763315011
0.00615658230719725	0.0539640768465078	-0.0372670107334697
0.0537878401492527	0.00582938114410507	0.03876529498909
0.000217542691217855	0.0530308189463533	0.00989443916252497
0.0529938393945294	0.00453649657834246	-0.0316156478326319
0.0520415647688782	0.00632373170784154	-0.0373619070326698
0.0482070709103622	0.0110689264203351	0.0473699309009266
0.0532588712724911	-0.00191310834474937	-0.00053676644906376
0.00636554429420571	0.0395482084884198	-0.0348647264272356
0.00354045743463337	0.0155822612497022	0.0199064206582065
-4.80220540731334e-21	0.0128912429403947	-0.00149311434101179
0.0109124299664374	0.00308277045223	0.0117590955761302
0.00195541718538924	0.0600300261439365	-0.0216714706133022
0.0449611348288592	0.0145282229926804	0.0521712001441692
0.0383765687327268	0.0151999309735297	0.0497121153897966
0.000447026854561612	0.056769991485006	-0.0132364444464561
0.0507419758185638	0.006269357356716	-0.0375283684824185
0.0463165802270932	0.0113805060608058	-0.0476562174858708
0.000336506417128726	0.0610091706296174	-0.0131292984122551
0.0488364669272248	0.0112694819251661	-0.0483271962265623
0.0039825995301947	0.022642238267398	-0.0232287478781402
-0.00169972239966025	0.0127862815029887	-0.00212811435917148
0.0426780630563729	0.014067724146909	-0.0497005577858417
0.0480035984827535	0.0102755947842813	0.0449145639185299
0.00207464486972063	0.0620880816106781	-0.0223713837536125
0.0543883088913164	0.00615827411002188	-0.0384044591959184
0.0428907655233087	0.014567702083652	0.0514316251019551
0.0435525438031271	0.0169588151095519	0.0552876449914866
0.04912749215421	0.00754618168510643	-0.0394991648075557
-6.20365311500437e-05	0.0591928973752452	-0.00548772966417418
0.0218826503100231	0.0312758415479283	-0.053875582177106
0.00145518537301708	0.0573545844845896	0.0189315032495425
0.00375649818219515	0.0248285830945541	-0.0230123769350751
0.00928539052209779	0.0330084210133151	-0.0392945869821509
0.020554673791625	-0.00175700973504062	0.00365206411376799
0.00360766860443074	0.0323971176844278	0.0265975248217417
0.0458447476934405	0.0119281852502615	0.048891461859947
0.000859420449746657	0.0599356863674837	-0.0157097916574602
