1.08545179701115e-21	0.0186143315034316	0.00644798251748672
0.0154515406294514	0.00385628619234315	-0.024545318933134
0.112649414847577	0.000586619748684685	-0.0176281972022593
0.0229616579983727	0.169118835380183	0.130621995484616
0.0133898413065058	0.220472589526949	-0.122720529763487
0.262900914592433	0.03701044219709	-0.21006177517661
0.000340770559329422	0.328315185348732	0.0219675062030163
0.276377679613568	0.0436248346339012	0.234997936956922
0.249309083850284	0.0636479513882564	0.268514209236997
0.0124960982210589	0.309401808436557	-0.134914235108704
0.320093858450176	0.00493780757480292	-0.0873363239681707
0.00249519633157507	0.320915071609836	0.0596587138195671
0.205538687327983	0.100186032027599	-0.30839540483805
0.274774004349318	0.040482882306739	0.226461579499088
0.0380061798997031	0.298742512777619	0.230435450428857
0.292048023404596	0.0417378950016077	-0.238692706920448
0.0216757159882615	0.311662714486224	-0.175952989325237
0.311583817503229	0.0192028577609182	0.166589262789081
0.00254817113992464	0.326140968524496	0.0614688746779226
0.30090324282722	0.0207267075510058	-0.172093705620863
0.288341164651561	0.0290132645186503	-0.197677778263783
0.222044507606686	0.0393342555973157	0.200519549906004
0.198502146915529	-0.00576735900596947	-0.00930062994164389
0.0226425166264608	0.123773429874719	-0.116936966210127
0.00994374698008127	0.0366826087172988	0.0463338691055867
-2.83395202933143e-21	0.0228594543941628	-0.00249497662264484
0.0180165167804174	0.00514142793380351	0.0194984721713938
0.0101270762261557	0.311605418444478	-0.120055927957322
0.241134597125634	0.0564201913753588	0.249700539399495
0.231901147593312	0.0781002510459687	0.287263923198959
0.0054370265841614	0.325649985923741	-0.0856186092912623
0.278738977167998	0.0398842794421269	-0.225419463678471
0.260364198010536	0.0537958244326544	-0.254771811548125
0.000414367132803455	0.33887385880212	-0.0244111595889016
0.261508338300868	0.0576229656345842	-0.264491844382696
0.0105764869317341	0.0577197392684982	-0.0566033320000843
-0.00270366920685493	0.0213279232160189	-0.00487041570991731
0.205908659931588	0.0565716510777115	-0.230934556784574
0.261326886933335	0.0383375557001697	0.215287549838149
0.00901175182291243	0.282833825034539	-0.107869807300525
0.244985750803421	0.024826812411178	-0.169852286246119
0.247953594849161	0.0648373886963032	0.271722048622995
0.237342144351012	0.0653470033049076	0.267226398034742
0.261120083285889	0.0380104622911407	-0.213610761595298
0.00018517315926355	0.325734505495826	-0.0101874722903881
0.0904350026350078	0.110872292727411	-0.213962584306353
0.00606861927919173	0.263644298539465	0.088270306263188
0.0119136883052476	0.0620334768285752	-0.0587967589037636
0.0329646998473516	0.103601600627882	-0.129304739021536
0.0484396435575697	-0.00263716570921779	0.00820270759136939
0.0111265909876682	0.0991661396913373	0.0765141452910793
0.263961132831742	0.0498862512370906	0.245294391875335
0.0047560092084492	0.308577594175702	-0.0839748437977737
