-6.54499613576978e-22	-0.0115045192652741	-0.00412442533934954
-0.0105904154294874	-0.00114141615159274	0.015016864014831
0.067929506315424	0.00151137133628087	-0.0131925512315947
0.0223848447062743	0.139646938293361	0.101339040605026
0.0143162303096321	0.187814453415008	-0.0921660712301071
0.25465026572803	0.0352807452975946	-0.203922816194192
0.00036964261659377	0.331032230355762	0.022667010628478
0.280179023259941	0.0428846358430596	0.238191100515169
0.253845551062446	0.0631481124971714	0.27408482554487
0.0116632911672127	0.316634617137479	-0.134959608319376
0.328041895782857	0.00493844261031233	-0.0937087514609663
0.00254611656369462	0.332491202096873	0.0646973493088992
0.212536866538527	0.103747233034543	-0.31999361290711
0.27668296675315	0.0398514945868903	0.226681761739549
0.0406124748465306	0.298612425192015	0.239469097909489
0.293121727366348	0.0446416787612097	-0.247730663958524
0.0199171945855084	0.319327318732977	-0.172664489273323
0.316368023282902	0.0186761232328205	0.166883955347932
0.0026502403763829	0.335558898556794	0.0664632962289107
0.302154380020114	0.0223138540527648	-0.177300979526275
0.287984922901979	0.0302460958776203	-0.20044154344809
0.201067303605787	0.0365753404120299	0.18200639838539
0.162871417584096	0.00342271188888542	-0.0145875680501327
0.0222294157409973	0.0865508180548693	-0.0895550678249637
0.00688751856125133	0.00833574582757138	0.00981275036676492
8.35132719701626e-21	-0.0127601371511359	0.00126244529848511
-0.0130984603844038	-0.00356276798286506	-0.0138934433700061
0.00948936824828274	0.305713382333159	-0.113043445155552
0.235307870912366	0.0543185507934175	0.239990071612006
0.238293484676206	0.0784563987423044	0.294162517459024
0.00450828736872492	0.329923489541213	-0.0824727315747664
0.281711884972364	0.0401017667139293	-0.23048545893572
0.26345286184064	0.0544705890430382	-0.260691086691751
-0.000568436276979219	0.343542337292145	-0.0191920623738126
0.263865269303264	0.0583909851993452	-0.269201454696362
0.00523037433899767	0.0214998696678259	-0.016562785736059
0.00219162175528823	-0.0152389059081737	1.28814716489935e-05
0.197550017013507	0.049434819940875	-0.211046973956412
0.25332868777206	0.0401372933947065	0.214283370613232
0.00815242171753619	0.260176041039626	-0.0940007615683866
0.222418030995824	0.0270616541002395	-0.155402810186433
0.250207429621877	0.0636556199674406	0.272476479027982
0.234035085409905	0.0610543479493903	0.25572467765092
0.258426521440864	0.0370476444252711	-0.21048317075119
-0.000416506620408103	0.326651639780974	-0.00965753232607385
0.0781083449579544	0.0891833310678556	-0.174287009794333
0.00650678427765527	0.246399685340297	0.0687085710918707
0.0070923545501999	0.0247763905659488	-0.0178626240180723
0.0285330286983075	0.0742450819574818	-0.0861261970611893
0.0108062611823734	0.00274217525649845	0.00098403746026392
0.00766231162722886	0.0641904054308205	0.0364582680442341
0.264268296282495	0.0486253396406101	0.24521338667746
0.00453263093862363	0.299773429733881	-0.0777988911167116
