5.18977784479062e-23	-0.00342039997566687	-0.00118447258881568
-0.00316661137166692	-0.000438682081389214	0.00447904269895552
0.00233048021096743	0.000235187610036367	-0.000880999481613091
0.000884157850008716	0.00522880009200378	0.00363773186619578
0.000311809279185929	0.00705834512971449	-0.00327728236614508
0.00514531943840029	0.00107694421999002	-0.00430598475983494
6.46063347452035e-05	0.0047566238233988	0.000347093621932155
0.00365726959913654	0.00107955881963239	0.00335434027259256
0.00304848810782248	0.00137503158961414	0.00345940151867626
0.000397271456240417	0.00366517398001315	-0.00201514175468304
0.00364894402239484	0.00014309701466607	-0.000168604296477758
6.15340441253075e-05	0.00284908755881249	0.000217088741208708
0.00179301342623509	0.00110285436658521	-0.00282463249965159
0.00401032752768405	0.00105895656107404	0.00371161183771649
0.000208006776797105	0.00477150085250905	0.00137371577009982
0.00446959510296571	0.000273415407983704	-0.001917465714312
0.000831826548189739	0.00383208394944098	-0.00278632987217365
0.0040590771942857	0.000609298873987059	0.00282743047862373
5.16579188716766e-05	0.00345310843694601	-1.37003667350518e-05
0.00463669678517272	6.96289071200779e-05	-0.00195509022913278
0.00458716843963762	0.000433899138103867	-0.00285372148371754
0.00558248718475136	0.00134463426732917	0.00558958550232681
0.00592722307455198	0.000175471535279082	-0.000425687828228597
0.000924511434161717	0.00377121872015714	-0.00322612127200423
0.000416398947101697	-0.00102182214592196	-0.00150964114471056
2.42550639856631e-21	-0.0039056663796152	0.000359505518538547
-0.00382192218914368	-0.00105370150104419	-0.00407686797996051
0.000274562358778416	0.00599464996096646	-0.00295694773353452
0.00438415675808624	0.00160348212152711	0.00547373808710501
0.00240396297408678	0.00137546169696084	0.00349753606088913
0.000327063808639859	0.00455490092045357	-0.00207201042424047
0.00385936045192277	0.00101594752834907	-0.00302965951304808
0.00353793504932103	0.00100915261571351	-0.00306873749280737
0.000409859448486892	0.0045484870594632	-0.00103951670976319
0.0036951487709781	0.00110568600585853	-0.00349192955958239
0.000173198167814163	-0.000514243864279227	0.00110700067164563
0.000560327120105061	-0.00441851364815323	0.000292532166908528
0.00442914820969684	0.00196154060126971	-0.00617992541448707
0.00496512257889075	0.000716938191042141	0.00412651896443609
0.000242247721087372	0.00727596509912017	-0.00306944300153383
0.00632056001947641	0.000541464147980158	-0.00461417045939754
0.00341730562771922	0.0016475827680804	0.00449112943114762
0.00403705955077874	0.00204451415978104	0.00610262738524331
0.00451468121101855	0.00103112726248756	-0.00423362683789016
0.000190937137555136	0.00498438665563163	-0.000217838791006514
0.00266292284955612	0.00378055509390285	-0.00652183256147314
7.06093385619045e-05	0.00637470114766455	0.00265567409577163
0.0002223360812932	-0.000355104086681505	0.0012553177661419
0.00146676504908393	0.00314420972736662	-0.00347106112763655
-0.00141841651105463	0.000685603694538959	-0.000498879878414089
0.000447618309350484	0.00239765476155149	0.000574617434294818
0.00400670977593242	0.00138392062053345	0.00406450425756512
0.000173651147406068	0.00609263112241371	-0.00203306993911214
