-2.967073404393e-21	0.0174789501607461	0.00613843681418656
0.0146226202672257	0.00351833066249095	-0.0231151368011496
0.102900461411535	0.00047066105045043	-0.0162398288339846
0.0206508982414328	0.154766270438485	0.11853265465338
0.0119615379942082	0.201868946312386	-0.111286542917598
0.239771451034049	0.0344242714888377	-0.192878707002205
0.000242768597774528	0.299163317268217	0.0181748579619198
0.251137655757579	0.0409041307336412	0.21672962030514
0.227008782251165	0.0589139746047777	0.246037944276087
0.0109587124862144	0.282823913677447	-0.12015924482487
0.290693752773913	0.00493085365451791	-0.0823476242075272
0.00253395969964616	0.29100426506144	0.0575184459228943
0.183742863268913	0.0947702899581217	-0.281934606905813
0.24950453116382	0.0381728752510864	0.208995872641164
0.0327153776039762	0.274598854330098	0.203937328179766
0.266444948865522	0.0377932192397365	-0.215634433169728
0.0203992223896155	0.28279666429427	-0.161927632869484
0.282812195035834	0.0183087001161265	0.155341255439853
0.00252142033595726	0.295649394615054	0.0589601306164533
0.273495551893472	0.0197412462931517	-0.158911815974927
0.262638282115766	0.0273358464496024	-0.182058153803152
0.202485364462283	0.0366513708982743	0.184222469119223
0.181119704623521	-0.00550106279016449	-0.00857491268455268
0.020244615115839	0.113452158605325	-0.106076063871872
0.00900674058081356	0.0337513053844011	0.0427077054518257
1.18069153008765e-20	0.0214453065340745	-0.00239895923150738
0.0170612141973265	0.00486399274537674	0.0184566603728813
0.00885299490013321	0.284705214013108	-0.107216046669375
0.219698565553331	0.0527865176811906	0.229379183919328
0.211354496660128	0.0717047229714137	0.261890491149115
0.00442499410764812	0.296533302814493	-0.0743685687472299
0.253982872633547	0.0364372903874055	-0.204973502715893
0.237096291986058	0.0503259399072129	-0.233958968910186
0.00045345853861758	0.308378278115705	-0.0252143438311009
0.238616143496437	0.0533569273289138	-0.241811740119483
0.00967154574440454	0.0528814887294002	-0.0521401321982594
-0.00262343641344946	0.0201688628614038	-0.00442864990310157
0.187611968927168	0.0526275163378852	-0.211706291561526
0.237956069575079	0.0360480020024502	0.198079545902037
0.00806193768982282	0.258742833673846	-0.0972570738210758
0.223528537813024	0.0232392262995787	-0.156324013127773
0.225854483253808	0.060007059690157	0.248527223421307
0.216221572488813	0.0609804103500021	0.245058035705595
0.238034809236111	0.0351281368360423	-0.195320513299999
0.000151139018562406	0.297213251073183	-0.0097529600290111
0.0822139295281769	0.102230644332001	-0.195347424201801
0.00543517526142934	0.240934854490955	0.0799320065668813
0.010724116646086	0.0569782169397552	-0.0538816357419482
0.0298897215136614	0.0947914756896778	-0.11803179317755
0.044579526984574	-0.00255474420819779	0.0076844967792392
0.00999478313352632	0.0906426373493297	0.0698883479161626
0.240287321565155	0.0465072101195858	0.225483178400455
0.00408749003397518	0.281950444600535	-0.0754282252196272
