2.77576245644225e-21	-0.0110400456157596	-0.00380668889123932
-0.0104122305916935	-0.000979976869403617	0.0142873262935983
0.053786304807968	0.00127299050852186	-0.0101331084106537
0.0161032231623344	0.0956876640561835	0.0709556426884816
0.00918021910644904	0.126574667118289	-0.0602282225493475
0.143282284187238	0.0218403399352725	-0.116343778081368
0.000133548023915286	0.177948957367354	0.00469955844058961
0.147143746898254	0.0277714056363121	0.133966148348066
0.132136206233117	0.038224412724813	0.147953560829037
0.00642047463237226	0.166059559643705	-0.0682253545646632
0.16829406163862	0.00306286772973133	-0.0476832597233474
0.00128977050344352	0.16543879191441	0.029648127858975
0.103287093301977	0.0590987631033111	-0.162285552569335
0.145504617794465	0.026901280628856	0.130687150813595
0.0160101199178423	0.171406114784328	0.109976252082316
0.161961670404139	0.0227495437060321	-0.126744351972213
0.0139715741958121	0.167622205767392	-0.0996802918017985
0.166637447263897	0.0133844061736911	0.100437955062061
0.00121621839888372	0.170913289919265	0.0307876817177546
0.161506279184293	0.0127754971816174	-0.0951513094852166
0.155563904350768	0.0180784196865539	-0.110037437474542
0.121981507005811	0.0251515367322533	0.114766644004058
0.111650814463642	0.00239882085918148	-0.00795992432470486
0.0161300764764596	0.066555009624968	-0.0651633438383703
0.00612111636994097	0.00766076565474445	0.00882053749531179
-1.0367419118197e-20	-0.0120736731650685	0.00109305982673339
-0.0128245415499558	-0.00349512587762347	-0.0136140390024824
0.00560178830935653	0.171990772588499	-0.0631045385955876
0.1300606418195	0.0358679991527813	0.140946903092252
0.12121897830014	0.0459814516397193	0.154914876375247
0.00260342656065624	0.174823554972346	-0.0435177436969105
0.151418911768003	0.0223385748581999	-0.12086992045425
0.140020813010682	0.0327736609301221	-0.141027174168687
0.000648561036644989	0.183953342321678	-0.0223958235290674
0.143093086469434	0.0341429411906141	-0.145412378414296
0.00468331994700808	0.0185269902314922	-0.0143840197446288
0.0019923797565601	-0.0148295534273703	-8.97806541135821e-05
0.115696726682489	0.0328333416391077	-0.128031956105004
0.139635676265924	0.0258816614288382	0.124541619591661
0.00505815923567285	0.158517220713893	-0.056421659886222
0.136283993298531	0.0169776595228838	-0.0960709865783895
0.131716365867369	0.0399952221381499	0.151133811523059
0.127999792799421	0.0407495795861844	0.15062570379641
0.142787326029706	0.0222101136829967	-0.117163965196818
0.000192876677571804	0.176607652496468	-0.00988309754521174
0.051295061953357	0.0628152026935039	-0.116514505415927
0.00416629440932474	0.14838081908981	0.0430608136892655
0.00567574477547965	0.0214515884783819	-0.0145775167735446
0.0214365352104745	0.0565526876196805	-0.0647303772837109
0.00981753330097118	0.00260678838874438	0.00043989850767885
0.00668724536333151	0.0499487361441032	0.0296703900323192
0.140250866610191	0.0315562134722988	0.138663104564787
0.00285282842845369	0.169323402176156	-0.0438380723105413
