-9.38751510696835e-22	-0.0115880772510281	-0.00424690836311853
-0.0103915418906307	-0.00122404978066481	0.015083385419745
0.075378238092563	0.0016377758753873	-0.0153021315864086
0.0264088228421283	0.167016930899473	0.121766035325408
0.0175358698787417	0.226816533673152	-0.113794615734475
0.327509235509261	0.0430225697682605	-0.26024619869444
0.000784300443626337	0.429118246963548	0.0395194192461821
0.367109850712514	0.0500408428829773	0.300399187398498
0.334490966313052	0.0751757546709001	0.350663969258384
0.0149996320511152	0.413208168000543	-0.179058954443625
0.430469474238765	0.00630208517293577	-0.124430681435391
0.00403485294385714	0.438926118113451	0.0956202019324466
0.282007064005678	0.128773331432637	-0.419740806424359
0.363081549902243	0.0457359696073142	0.283489293597958
0.0585479908435712	0.372489677108878	0.327463461463148
0.37591360790997	0.0561694411844227	-0.321267554406168
0.0237005293039149	0.414682314026753	-0.219895033913179
0.412537990730134	0.0210489914927928	0.204975821291503
0.00422558524002866	0.439643464786844	0.0972265192007858
0.392774639719792	0.0275166071030239	-0.228926991106471
0.373864534580818	0.0368040849350155	-0.257271906638159
0.25414172231904	0.0424083176457703	0.223603270148612
0.195493331458061	0.00381665847325335	-0.0195019114556116
0.0257749496291706	0.0979525730544265	-0.104159926919982
0.00712536225842019	0.00819006575148361	0.00989143277242754
-1.45760927156689e-21	-0.012840258590232	0.00131067164610557
-0.0129185589691007	-0.00348945900044066	-0.01366361928087
0.0117992970012828	0.391743822396364	-0.145904153499415
0.305808131478621	0.0632274400128431	0.30102687268522
0.316574584261191	0.0938198593297323	0.378943586124357
0.00547241841028538	0.42927496324945	-0.10597221373741
0.365271494093191	0.0498417658508493	-0.299044948831835
0.343376338722222	0.0661489242535216	-0.335291492593756
-0.00104363465952513	0.444854814361203	-0.0130678043630799
0.341422499606493	0.071457071636089	-0.346108632560892
0.00529283614928284	0.0226444120107487	-0.0171181722417543
0.00223410470938584	-0.0151041684731586	0.000167530745296338
0.25098671142207	0.0594974670469195	-0.265578503688457
0.329405095831983	0.0466823741931164	0.268035952853877
0.0101133190180888	0.326109874848797	-0.119478215791103
0.278956336674634	0.0326534930959412	-0.193506164767718
0.32898013649131	0.074872483734256	0.345995659413506
0.304605716203856	0.0711795688909107	0.320467143152633
0.333612755099744	0.0455580367949102	-0.270471174777846
-0.000757420517375022	0.423788229395854	-0.00603667414501856
0.0950018104025359	0.106144980898512	-0.212100456896678
0.00808711259490865	0.310148262798265	0.0889206347095775
0.00769189189111972	0.0257782368424448	-0.0190228496634308
0.0323897277790623	0.0851984020525295	-0.0988977837812689
0.010740197484288	0.00273664095698411	0.00118742738113045
0.00806006027087437	0.0718209643201187	0.0400621279267047
0.346538678383881	0.056684549690458	0.309328381756071
0.00547006176297293	0.384860751269889	-0.0999133608340212
