-3.10364037163841e-22	-0.00243762775153205	-0.00123396405769195
-0.00224060528785473	-0.000185335110080825	0.00347633784748228
-0.000291076504175617	0.000455481512476124	-0.000301591941771504
0.00197498964136783	0.00770137806626879	0.00369628619887056
0.00142281087018961	0.0116621775977706	-0.00230454252088281
0.022751450298136	0.00436401288940694	-0.0202923576203215
9.02315146025658e-05	0.0332836107096658	0.0021034717338632
0.0279221712920069	0.00582906759560134	0.0263164149783913
0.0254539462842245	0.00841275312494001	0.0301423818514013
0.000804408845992473	0.0335918320898386	-0.0111788222452213
0.0340566451029765	0.000966266330281386	-0.0127139097189459
0.000342758882894376	0.0357463925685584	0.00759958566670665
0.0209255892422945	0.0150003463600558	-0.0357810292238557
0.027226834624845	0.00531490190551578	0.0243648637274404
0.00401588973727252	0.0312093481025598	0.0227714150511111
0.0283832938993029	0.00696568452586745	-0.0284227396735549
0.00141604247269826	0.0338005653928179	-0.0143913547358388
0.0319229816207183	0.00257294125999507	0.0184265826109451
0.000359941272049199	0.0353396471582232	0.00768853489654468
0.0296129080383188	0.00375743211343966	-0.0209525568695476
0.0278081307202949	0.00471443295113975	-0.0225105760615637
0.0148490175359221	0.00375625819105374	0.0143884542073578
0.00852701154039417	0.00187617568687942	-0.00242172169510098
0.00176960992303389	0.00200042430079125	-0.00303867672640235
0.000228508289038163	-0.00186570324074402	-0.00272589587138806
1.06408331819284e-21	-0.00294233269280702	0.000562648186621255
-0.00272821707615361	-0.0007495200744925	-0.00290599859208855
0.000657556923511635	0.0291719116404402	-0.00783232350744963
0.0214113816500414	0.00656370019145121	0.0227484263621733
0.0243851846641295	0.010371054779463	0.032226825358238
0.000135757675377768	0.0337285116338218	-0.00562927488463246
0.0278452538545349	0.00576142914548386	-0.0259614296803363
0.0259009131178867	0.0077940260786563	-0.0291171875952027
-0.00022106316985444	0.0348496430987813	-0.000685965096125198
0.0257217696973174	0.00823700683896846	-0.0295558214084121
-0.000120851911108971	-0.00213234652882883	0.00307158588105099
0.000710441030553476	-0.00318017424320388	0.000169956570965877
0.0169383993379258	0.00452725019401666	-0.0173423513699157
0.0227898902296609	0.00565407622018487	0.022256501538816
0.000531021976817454	0.0208184462139397	-0.0050797192307206
0.0165020416644071	0.00387335608793854	-0.0130962610011415
0.0246561719358427	0.00809888642988187	0.0286879398908777
0.021835619720401	0.00678125934254527	0.0240202937436685
0.0242983127202185	0.00482090695582272	-0.0217429982440304
-8.70868973900096e-05	0.032427056517593	-0.000652148300616561
0.00491687012658288	0.00484327819406251	-0.00881574060179269
0.000839793216767824	0.0202223043459725	0.00223287328808043
0.000196687164703767	-0.00217958988026959	0.0029286590685779
0.00189541039467288	0.00197856669589119	-0.000798935138165601
-0.00257011956677598	0.000691354795654006	-0.000696951834863338
0.000350810121735015	0.00068154833518805	-0.0022892447988797
0.0256133759249406	0.00628050931061867	0.0259833530448443
0.000372689149997527	0.0276971651127408	-0.00505937972170397
