2.09019799187801e-21	0.0122482789320274	0.00437414238311443
0.0106121585517497	0.00221552073143421	-0.0163879856493041
0.0486582359012376	-0.000272378862028014	-0.00675027972156164
0.00831490124791822	0.0627508813083122	0.0485745786801442
0.00457349198630722	0.0796901212771368	-0.0424649549854858
0.0782805376853464	0.0126420229045414	-0.0646110232439985
-1.56185949138697e-05	0.0941420708628974	0.000488862202297053
0.076753023131348	0.0160198651242188	0.0734603102862717
0.0684954711534287	0.0214631349674703	0.0793702986561662
0.00323871628737373	0.0868112723194349	-0.0353008657525476
0.087156413570496	0.00151066723345275	-0.0243669013563
0.000470982023187896	0.0843551211839267	0.0136154419768486
0.0526108456395159	0.031759558792185	-0.0833857354075135
0.0759170857209589	0.0160228468851929	0.0721479963304368
0.00701882675441602	0.093550917235672	0.0533753796944634
0.0870422751631255	0.0120244442331669	-0.0663939809563773
0.00805635458184101	0.0882896101448605	-0.0542462343905041
0.087258710877053	0.00811557501835852	0.0568975950345686
0.000413764973488857	0.0884295948873476	0.0143372159150991
0.0853228914754049	0.00697937727918359	-0.0503801814168315
0.0826599831631218	0.00990069554089658	-0.0590589575816965
0.0710204989740122	0.0156577983055964	0.0689606637117827
0.0731563115773263	-0.00267714741130459	-0.00151280771069709
0.00837922887125977	0.0520078569773885	-0.0461334261182154
0.00452054235105988	0.0191032397792166	0.0244006694627745
-3.98060272530263e-21	0.01491867626664	-0.00175251679616179
0.0124732089934542	0.00353481604415493	0.013458920218326
0.00312033376394443	0.0935358010690585	-0.0345450047832604
0.0699924751294244	0.0214468198919886	0.0796183323734658
0.0621485635180054	0.0256168452102553	0.0817244926265299
0.00132089981329022	0.0919677842384177	-0.0232243631791041
0.0800871355641345	0.0118352981283633	-0.0633249607978991
0.0736629867767481	0.0181377832555501	-0.0754102393564712
0.000401245437644681	0.0974106827910087	-0.0149189394360966
0.0761160846790879	0.0187646001278324	-0.0777077703133591
0.00502474342325315	0.0281307737931362	-0.0287538293180623
-0.00196273538890085	0.0146366057784808	-0.0025602488980605
0.0637698971527865	0.0208080401058282	-0.0745549140229198
0.0755196026170571	0.0149133121823853	0.0685626833251268
0.00298134335425103	0.0919263141110241	-0.0334976803877689
0.0797288190963875	0.0089863524422358	-0.056818389308943
0.0686634647689408	0.0231620543666609	0.0818324167411212
0.0681986391846536	0.0250714709294631	0.0849154125650856
0.0764804938947835	0.0125102647620427	-0.0634316856444376
5.06508498368434e-05	0.0938094108700893	-0.00643522439082391
0.030946944118824	0.0429205708908396	-0.0757530841416734
0.00192966806664734	0.0847852538263819	0.0277762136822382
0.00485635176752177	0.0308579834182026	-0.0286233560809528
0.0125488675553042	0.043148441342447	-0.0522105433890987
0.0252250868954534	-0.00199673000850683	0.00444095814136352
0.00464284060942903	0.0422193104938398	0.0340468711969758
0.0736004148901968	0.0184356136146135	0.0760581487384138
0.00144711301987544	0.0927301532774582	-0.0245573377455124
