-5.33868998190949e-22	0.000879569332383116	0.000288320828033402
0.000785792534580138	0.000118464440985327	-0.00116162261021572
0.000541029789675319	-5.7131134304298e-05	-4.71408968819968e-05
-6.34163368476657e-05	0.00043061358556827	0.000357629300954984
-7.17013393557714e-05	0.000582256811736265	-0.000561016182731517
0.00062367648746544	0.000344035373410164	-0.000658169736127562
9.70407343531642e-05	0.000622252715825215	0.000662991008497055
0.000576188524946319	0.000248747010794188	7.28638552317389e-05
0.000351807642370014	0.000489246342935948	0.000350560520342371
0.000231783589299905	0.000427003036153209	-0.000537776130927459
0.000683528759477137	9.12277999743128e-05	0.000414820226611719
5.81248789418663e-05	0.000619844567915606	-0.000319598300658892
0.000533663426204752	9.63412212977516e-05	-0.000493516965633762
0.000775044771245132	9.83277289140722e-05	9.88574385725637e-05
0.000301283140092745	0.000379278247983739	0.000619784964984018
0.000310889086311732	0.00029119094488859	-0.000535358284705966
5.11112452584348e-05	0.000694287123684133	0.000393216951650976
0.000671476992003351	4.72428482098055e-05	-0.000252282621528716
6.30480122697055e-05	0.000703232626997875	-0.000497764652619495
0.000819104063334237	-6.00586921040316e-05	-6.97469096098579e-05
0.000653980075686374	8.40430644011648e-05	-0.000252109747541643
0.000600552860090579	0.000116955902351568	0.000580642848731759
0.000487072072328025	-0.000195969044713422	5.87566539228919e-05
-5.76716754262705e-05	0.000444307647671771	-0.00031192727164565
4.93374560798753e-06	0.0005018474465017	0.000711429882517686
-1.64037404204725e-21	0.00100952448466915	-0.000116065718396558
0.000953024638656738	0.000264396759627797	0.00101923612826982
0.00011000918912876	0.000823513256849785	-0.000748282194761755
0.000543556578542922	0.000171031662317319	0.000663864704609456
0.000193932739298479	0.000534694491993761	0.0006445321388797
0.000251878041311467	0.000776899976621156	-0.000864716929628762
0.000323642585640294	0.000633621162171474	-0.00087014077757329
0.000400054640120253	0.000275244213429273	-0.000120960931496282
0.000218854274508451	0.000546613910008025	0.000590999871225371
0.000212114772388697	0.00043399380246365	-0.000455403200883585
3.84980783497901e-05	0.00055805341302448	-0.000697413702931615
-0.000136532316064054	0.00110822992738643	-8.71592453957585e-05
0.000299204009036645	0.000398605677843447	-0.000865413798197134
0.000801737158607075	-4.8662154222686e-05	0.000267460966095787
2.97363280774776e-05	0.000789083252026416	-0.000545117903424539
0.000634572182653854	-4.36683003222676e-05	-0.000575683726891
0.000416804689201894	0.000491875122662839	0.000718210484614742
0.000456378247018745	0.000307617054818928	0.000904428793554163
0.000459201139228166	0.000421248076778327	-0.000949683438308042
0.000144099574493571	0.00061546617873518	0.000280401833784622
0.000148672841936122	0.000411287689072934	-0.00071463747984708
-5.67342217570103e-05	0.000569641595575596	0.000539733134979106
2.21321202679234e-05	0.000585382577986535	-0.000693178389402384
-9.08736558427984e-07	0.000329172162330563	-0.000525135269291066
0.000689111625679864	-0.000176095596569674	0.000141052023312568
5.14100571513742e-06	0.000398939529126404	0.000530265812885647
0.000623983672640615	0.000361132607211985	0.000350623800407803
0.000114928419527495	0.000783193266105995	-0.000390025496229944
