-1.63624485140192e-21	0.00780757732325236	0.00315995584854926
0.0069758166785201	0.00109142841946799	-0.0106241162273233
0.0322578443707901	-0.000229020959980552	-0.0053419842330323
0.00498763147845074	0.0477361948862337	0.0344377236538385
0.00275359733540799	0.0624976916316823	-0.0332184500081442
0.0726877804211611	0.0128849268044612	-0.0624893483528335
2.07630311102978e-05	0.0916323105378115	0.00482071144540359
0.0757033387274024	0.0155943612019312	0.0705141529144742
0.068165956095882	0.0218490068571427	0.0787900084827112
0.00295491093393877	0.0876822756213037	-0.0333260085957696
0.0885416454451792	0.00210103270242356	-0.0280495567648483
0.000807476291171945	0.0889160232934305	0.0174428080687199
0.0534567248440117	0.0348906855570194	-0.0882466657101595
0.0752387375025316	0.0145618065426769	0.0680173817312637
0.00880163323345137	0.0872038837892846	0.0569254836351312
0.0808606346294182	0.0141414902969312	-0.0692761227133936
0.00592159831212031	0.0880174283517376	-0.0464907144447569
0.0858226533826023	0.00724759226147531	0.0516939536688667
0.000782410885235218	0.0902461747868036	0.0177568902163743
0.0829867410213814	0.00777329049002501	-0.0523974198544496
0.0797172080979481	0.0104979616812028	-0.0595865895200431
0.0610157831996688	0.0131103155748527	0.058987669042874
0.0546644497239198	-0.00303303932384942	-0.00239397437034865
0.004631751592018	0.0358481110124812	-0.03067540978047
0.00241289494958881	0.0117744340681373	0.0153663813073712
4.56959318203067e-22	0.00947387484979832	-0.00135972236083188
0.00821686259516487	0.00231753070816792	0.00884833287553523
0.00233120926718028	0.0881594416391975	-0.0298636576393734
0.0659873218674846	0.0195420748278421	0.073791053823379
0.0633688224492324	0.0260391985414972	0.0828643973431618
0.00109301500574938	0.0910706657453675	-0.0198546486985397
0.0768766660511743	0.0136375596223298	-0.0660062922739933
0.0713794959750371	0.0189691104545621	-0.0753542642864606
0.000163085678440578	0.0944734997261764	-0.0077665142661832
0.0719534630896663	0.0199749184214475	-0.0776391933524485
0.00304132750894805	0.0175402947666357	-0.01863248557517
-0.00158203135785316	0.00960533587902867	-0.00134176691041599
0.0557699067845894	0.0191392549533582	-0.0672782481363136
0.0720301693876509	0.0134341006446541	0.0639269467782409
0.00218427073567019	0.0801323094453349	-0.0277943587544151
0.0676941027022377	0.00830506471282302	-0.0508032405650997
0.0679053927254362	0.0221680746731413	0.0793594446231401
0.0648908444802573	0.022607975453987	0.0784933328837333
0.0719006059212782	0.0130646570441771	-0.0628890788098382
3.17136742012927e-05	0.0911609394156452	-0.00266205673693105
0.023993381348629	0.0336220443400944	-0.0598045746701929
0.00121758082094456	0.0736048183321281	0.0234757853157792
0.00284029544527753	0.0192461263951959	-0.0184968979370492
0.00821803469923803	0.0293661768244963	-0.0368846425482364
0.0156826055958445	-0.00154594431957943	0.00330128553634786
0.00241720892111578	0.0282884599475272	0.0226225354214176
0.0725391028103158	0.017465472527486	0.0728816424887678
0.000941194288018888	0.0869047443858095	-0.0212868939722073
