-1.2673102451975e-21	-0.00879435489737795	-0.00309697364527872
-0.0082436121743138	-0.000834809493951521	0.0114779525592964
0.0267482442792176	0.000907446351474775	-0.00545152916779966
0.00813736213494792	0.0463469793004941	0.0341363447313396
0.00421882642127123	0.060965764360067	-0.0276631903785962
0.0588202499464738	0.00979019602867438	-0.0484022388050027
8.94495043395672e-05	0.0691591875714938	-0.000184413576229275
0.055954356953468	0.0127064027217317	0.0535147177210222
0.049734030258614	0.016403946877561	0.0569523927048289
0.00273732622329737	0.0624935503843938	-0.0256722092293859
0.062221765481723	0.0012607001098543	-0.0165544365466824
0.0004967590498737	0.0588984240228573	0.00931960583539582
0.0363750677505837	0.0228333718003868	-0.0582927712474221
0.0555970328200024	0.0126441105725186	0.053597609935106
0.00464506208162155	0.0696612301988471	0.03632020587977
0.0646637487305635	0.00805738618332365	-0.0462198714697786
0.00681912206054714	0.063561265468138	-0.0409456740178376
0.0634236534877492	0.00675843621235529	0.0424595625594066
0.00042413335671756	0.0625016641290571	0.00985927082700206
0.0627757439684845	0.00494484431646396	-0.0363435118501908
0.061099619849851	0.00751771162594526	-0.0434165441369634
0.0538824180727024	0.0124260134901731	0.0524041598336039
0.0537555235049672	0.00151588253755344	-0.00353560228306705
0.00814993921016562	0.0340804288362455	-0.0318225552582175
0.00340578921529826	0.00267135337248785	0.00255238339633268
2.70983813393181e-21	-0.00975522665163176	0.000969315882491863
-0.0101021662800184	-0.00276186099972825	-0.0107385540451052
0.00245035722276969	0.0705033996620236	-0.0261624592240826
0.0525304669823079	0.0167631501407077	0.0599864993466917
0.0443729897953242	0.0189890524466341	0.0582750151082398
0.00125145458231095	0.0669951777728571	-0.0174083937212797
0.0587780480575062	0.0089089274468901	-0.0455614425904186
0.0538826714410465	0.0138439328454013	-0.0545156246441561
0.00084451437170965	0.0711273357293454	-0.0124289104144421
0.0560593747465936	0.0141889787439882	-0.0564717076955533
0.00246707926391202	0.00816550773818998	-0.00548901131967613
0.00159175991988165	-0.0116739130377708	0.000180158713438379
0.0492833105568696	0.0158126038282958	-0.0568380979450212
0.0563340914391849	0.0116229866042843	0.0521388002739311
0.00228358980610825	0.0704075013597915	-0.0248760609771426
0.0607206834419171	0.00772995014198673	-0.0433072809963445
0.050321251643063	0.0177766162503014	0.0603296606344412
0.0510246427030362	0.0193655507871204	0.0643295990436578
0.0573498367585032	0.00961190474248584	-0.047544054806017
0.00029569190923523	0.0692487448783835	-0.00520981511403042
0.0239878753043028	0.0314237074173188	-0.0553099242143874
0.00188425150733844	0.0650831397509407	0.0196172597736771
0.0028307621505962	0.00979158252253258	-0.00512431257687043
0.0111351938915277	0.0289098955140756	-0.0320461603096092
0.00321442964855119	0.00204421319603263	-0.000378177349418302
0.00365674218213059	0.0250730421901745	0.0138641429596705
0.0541698424268549	0.0144503817584125	0.056191682649822
0.00130474476177652	0.0698145859028492	-0.0182572960252232
