3.08046574765708e-21	-0.0044867772047084	-0.00208295969319211
-0.0040699709172262	-0.000424497464227867	0.00626100958280553
0.00660829718065422	0.000806481549819565	-0.00214182197557078
0.00500191045037991	0.0275462529033531	0.0161379501495393
0.00338273385676267	0.039523479583748	-0.0136129505285181
0.0654687694087732	0.0119848014378852	-0.0576337254088971
0.000165363301467726	0.0920063018686626	0.00715994593971475
0.0774152207270218	0.0148498927856978	0.0707767384067836
0.0701596765426258	0.0219849345420441	0.0817300112200128
0.00245776723515619	0.0915560878525112	-0.0328090014980984
0.0936497322295953	0.00215153531087213	-0.0319888066884911
0.000750329968904967	0.0974635532063134	0.0191507721839472
0.0589106471153599	0.0377393923427147	-0.0966348109573276
0.076077718694434	0.013515445574758	0.0659154581658599
0.0115480875927222	0.0850950381043112	0.0647106763297873
0.0786277203462783	0.0180543899565189	-0.0772589538992793
0.00396200668644663	0.0928340713481715	-0.0400795583590452
0.0883590084381205	0.0063270344080262	0.048874688384988
0.000812476413006001	0.0970159714314005	0.0194052353577826
0.0827772003602851	0.00904377504077941	-0.0556613742081548
0.0778625605569268	0.0116322945776968	-0.0608569190221046
0.0463062780846489	0.0105391439263549	0.0442593832226702
0.0309460659649244	0.00276320622561599	-0.00562332336536265
0.00447958299918725	0.0125102395618239	-0.0133709587020784
0.000923057155639142	-0.00192656842297723	-0.00294194948466029
1.898327494632e-21	-0.00533257668164462	0.000871587387595796
-0.00498900370563123	-0.00136272839816617	-0.00530147184454062
0.00197936593539412	0.0825872914467173	-0.0246715413393497
0.0612036497642698	0.0175157309892325	0.0650851488567813
0.0667541683393068	0.0273414525300629	0.0877350430153454
0.000725756777553712	0.0933006354998927	-0.0182419240602634
0.0768885355356558	0.0152994308750539	-0.0709088361211554
0.0716780080999235	0.019875681563732	-0.0785228754892999
-0.000483023365410676	0.0960365913689915	-0.00127900457361664
0.07106518185099	0.0213853940679965	-0.0804929598952471
0.000323903875666384	-0.00111912377925806	0.00270463588354014
0.00115654693315467	-0.00581998156470517	0.000297337259169716
0.0487698652861154	0.0140840426611823	-0.0530509513502814
0.0659337018277497	0.0140117149846031	0.0609584006157693
0.00162137085437926	0.0631781126686641	-0.0180669216381572
0.0511914287563945	0.00958640787267474	-0.0397945926177755
0.0684585317781253	0.021535142553979	0.0789821416325111
0.0617858843483548	0.0189232371611048	0.0690284209948378
0.0683192942910119	0.0130385183189196	-0.0610084640951615
-0.000247112962530984	0.090047395451635	-0.00112099604610668
0.0159632476883801	0.0184093188661455	-0.0334590187056115
0.00186296503076502	0.0601262981743259	0.0114476542692374
0.000858409605200958	-0.000790128760673335	0.00256109314202478
0.00568266655603657	0.010957300532886	-0.0106178396895416
-0.00267635416751927	0.00119410003447539	-0.000794047440516379
0.00110666189408342	0.00776004681229626	0.000357703061733152
0.0718151026552625	0.0164256386024724	0.0711156573764808
0.000938271128206761	0.0792389942273049	-0.0163591107952561
