7.0055718179766e-22	-0.00418346137303622	-0.00182854535160686
-0.00384076340400697	-0.000409272326673088	0.00575568584414621
0.00473721989237167	0.000632179113789142	-0.00158293575707531
0.00346975345708199	0.0179020040694136	0.0108025007077452
0.00219103871753284	0.0253826307848835	-0.00862882626438305
0.037138386813636	0.00686150529016505	-0.0325692516278883
2.73952674123966e-05	0.0508364276334184	0.00293724875599478
0.0422935553456446	0.00856135243476385	0.039708170759474
0.0380243681094401	0.0124354244678873	0.0450560140770034
0.00137380321086969	0.0496359362944023	-0.0180809113972736
0.050583794946565	0.00104816208829305	-0.016541729501911
0.000272885634943845	0.0517962199334029	0.00899522026398515
0.0316911844757704	0.0203439251634676	-0.051471250904053
0.0415883457092073	0.00805690166014608	0.037425517855383
0.00572001446701191	0.0483094358301751	0.0341644635346859
0.0441969789989172	0.00982843150900311	-0.042321221201262
0.00247626851490553	0.0510031638872198	-0.0231825441087452
0.0485117748432583	0.00376705440470332	0.0282708434047683
0.000301145423886359	0.0524062444374585	0.00921789153387074
0.0456935353075357	0.00490259383598776	-0.0302718698300413
0.0431170609207297	0.00647863911830105	-0.0335447468619279
0.0276334951805801	0.00660541258806293	0.0268086307287379
0.0201793480085641	0.00195425518644624	-0.00340144436977148
0.00318393926710589	0.00886701218412212	-0.00919152503281319
0.000749907444039464	-0.00168985540418145	-0.00260327566895957
-2.09960658127784e-21	-0.00492096902442737	0.000725491288308215
-0.00468708582522903	-0.00128247628198504	-0.00498418725824906
0.00121502977010366	0.0467406648436773	-0.0144828246128648
0.0343647907933715	0.0105101048871085	0.0374488477093771
0.0357099676265993	0.0154565678820168	0.0478698480058024
0.000460459444650858	0.0512224993151321	-0.0108235990761224
0.0425542752457776	0.00840067666323862	-0.0387668644952662
0.0393538847356418	0.0111158721291508	-0.0431789183465464
-0.00027141921136523	0.0531331552677165	-0.00222176631260552
0.0394835559641205	0.011923903648086	-0.0444169794715725
0.000261958527274344	-0.00101537556210071	0.00233133113092631
0.000992003513153877	-0.00544480610946678	0.000275254304445851
0.0285411273397666	0.00850860846082752	-0.0312888311411348
0.0369315535396001	0.0082864015047593	0.0348918404404967
0.00101771683281152	0.0376316158796479	-0.0109860177361116
0.0307660117100519	0.00569039813625914	-0.0236880410740293
0.0373267618194694	0.0125826961529555	0.0441830426483443
0.0345133667246554	0.0114424748214249	0.039876577537912
0.0383948422012888	0.00736744682030612	-0.0341219606456916
-0.000129405439643513	0.0497865856136982	-0.00139896814967462
0.0101978964737651	0.0120251691117249	-0.0214018689415541
0.00118107402436568	0.0356300346558835	0.00709695960380936
0.000628418984558843	-0.000777367230855547	0.00229826841398414
0.00407045148268084	0.00775654075552041	-0.00742314686542453
-0.002372975153601	0.00106272333684793	-0.000759006145575732
0.000917208536201118	0.00549995414673171	0.000213143990325107
0.0393325657838021	0.00964718325675237	0.0400412823235401
0.000601227178071336	0.0449095127454197	-0.00960360364318276
