-1.43882038210814e-21	0.0217723602568793	0.00736447984026886
0.0176242042502672	0.00482665172073068	-0.0284570166933159
0.155029995451243	0.00146479562089567	-0.0252874567918978
0.0347147384442552	0.24695901586825	0.195193802429289
0.021104703290232	0.325017120524436	-0.189077650744263
0.423291564062427	0.0530035805856242	-0.329416053165643
0.00115769891830412	0.534300935683066	0.0561979399230657
0.458329430584646	0.0584156936756507	0.361737935756544
0.416808520462546	0.0884399308568457	0.424491423595186
0.0211235970109776	0.506554882548614	-0.233583318450812
0.532162300457198	0.00729970019304404	-0.143591367734166
0.0051888544818962	0.538826767903124	0.117334687362034
0.351769946176098	0.145853315876164	-0.508309532692981
0.456528350394655	0.0525121323124308	0.344438327593814
0.07528829387564	0.453542068383066	0.416122143829554
0.468937250781355	0.0628232794363442	-0.38688994803151
0.0314139248076838	0.507625789859479	-0.282774899741861
0.512984386957315	0.0241491954699023	0.244946788012333
0.0054088118346757	0.541129405843995	0.119168699581987
0.492808425431954	0.0294891343537744	-0.27415768432661
0.470981700321631	0.0410306516368702	-0.312295751818933
0.348971398106226	0.0529460037596812	0.298691191992561
0.29298706229454	-0.00773822153631395	-0.0168069723557448
0.0338435754354721	0.170991352873771	-0.168726965040671
0.0132292380042864	0.0465966909806983	0.058760311550988
-1.60526470364439e-20	0.0268028222011217	-0.00272476679864953
0.020529009595337	0.00585395220019052	0.0222115585515005
0.0160722616999199	0.49641820694849	-0.199020567446265
0.394308339854393	0.0757404659803895	0.382448479841018
0.392707157709411	0.109513796642613	0.460932315844324
0.00887954680479822	0.532626052359536	-0.14387966131817
0.454875179667123	0.0591438798120248	-0.364710839332733
0.428460015024579	0.0762185014406103	-0.404792949999366
0.000120465951606883	0.55127929243455	-0.0163067927066193
0.425428310434641	0.0829473451649885	-0.421289948972078
0.0137288039217912	0.0762853115499818	-0.0726884416892417
-0.00293964976012233	0.0244041348756162	-0.00620437897769251
0.32663434231137	0.0796842073635454	-0.356796500314606
0.427253417725114	0.0503115074742458	0.328185584594943
0.0142027547988991	0.436806465629945	-0.173767110472692
0.380762758377064	0.0349205638029717	-0.257172140261764
0.413045312340599	0.0882539719726871	0.425255771119921
0.389302739107868	0.0875574685683575	0.409649909632964
0.422951539094237	0.0549147927218484	-0.339325603218453
0.00018715507691923	0.530334511983366	-0.00468481137388505
0.13758050309466	0.157804347872466	-0.320763404200589
0.0100577689042868	0.410013798150366	0.144596526399869
0.016963979685126	0.0802043397806268	-0.0777223642618676
0.0471827341163034	0.145101510347852	-0.183150191609446
0.0616299588894019	-0.00288133535369289	0.0101572624755539
0.0157290487611406	0.136767309081886	0.105106673698588
0.437729475031309	0.0669404714755747	0.378753690674176
0.00757874064180061	0.493354070565358	-0.138001124880614
