-9.47814492245482e-23	-0.00462862520952993	-0.00178310925952891
-0.0042815129105024	-0.000491643723353419	0.00620918048751429
0.0046682662432738	0.00052210150969881	-0.00136335378466605
0.00268637889705811	0.0133280655319034	0.00843057384258846
0.00158589370232931	0.0183837967728461	-0.00642434668764571
0.023906458211975	0.00433666531763398	-0.0205821342741423
3.62549895677374e-05	0.0318662646434848	0.000962437674186375
0.0262965271754175	0.00579403783741509	0.0250917787913482
0.0235930337683958	0.00801483159891963	0.0278583868415247
0.000986873041289492	0.0306162202250444	-0.0113480120268967
0.0309623696251751	0.000678170171244578	-0.00984180112247369
0.000214336260543481	0.0311798584429214	0.00528830551374659
0.0189660774705081	0.0124978664681143	-0.0309994233841447
0.0257560823227647	0.00550810485451745	0.0240390329816788
0.00311083254384169	0.0311525300528364	0.0199652503958079
0.0284778368651834	0.00553642946414826	-0.0253492282564587
0.00198497017065575	0.0313886525160911	-0.0159103354552633
0.030122832504634	0.00276936382545399	0.0185959551769088
0.000212483010983691	0.0318198684367493	0.00553707850455019
0.0286001361966594	0.00300130109033878	-0.0185590898905736
0.027208348452652	0.00405694969000523	-0.0208365905274843
0.0185822180475165	0.00462283505099374	0.018237593215006
0.0151102888608542	0.00142613131964911	-0.00208562914733094
0.00257293813858485	0.00770442266098722	-0.0075808786834926
0.000822193480819953	-0.00125134454124944	-0.00204816355784968
5.97854938784829e-22	-0.00533264700477834	0.000663173395507059
-0.00520281426057567	-0.0014340776472164	-0.00554935213943512
0.000848241677962788	0.0298094388905699	-0.00948083002320614
0.0218659176030492	0.00704175230068641	0.0242889163832624
0.0218781350132354	0.00972126365076826	0.0292945325854544
0.000343448332709988	0.0317245653319426	-0.00684200205395129
0.0268620807138436	0.00491481205431703	-0.0233482455410935
0.0247809029831177	0.00702105150628246	-0.0267383672289819
-4.28903070515316e-05	0.0333222434133615	-0.00279925554627571
0.0251563447580388	0.00739698230408043	-0.0275160096917184
0.000386225867895071	-0.000381747196957955	0.0015960967331284
0.00092686655962178	-0.00602957589940843	0.000296267177887715
0.0188409480164964	0.00563043985833445	-0.020573098977801
0.0233622677711454	0.00550794196105389	0.0225348583625196
0.000720160839226092	0.025174104176046	-0.00753959290026377
0.0208618234131773	0.00371226475215071	-0.0157232303263889
0.0232286660361296	0.00816292339797518	0.0277599666586762
0.0218291715065151	0.00767731707110605	0.025873596939108
0.0244801748886553	0.00452953559573753	-0.0211866472510375
-1.20603439560743e-05	0.0313198160972368	-0.00149737490059733
0.00740266868465008	0.00885521316725525	-0.0155637904674196
0.000835617524305642	0.0237726198253768	0.00492855057467255
0.000612931062759065	-6.55880999823506e-05	0.0016599982365227
0.00333011132410987	0.0065804459715047	-0.00645553147088363
-0.00180907833899633	0.00107369776490005	-0.000697838647593327
0.000934565509088594	0.00504075862565804	0.000882333403014622
0.0245275387160989	0.0064286697727623	0.0254184923775227
0.000466185149395105	0.0287797373545059	-0.00637614901400875
