-1.88277976563123e-22	0.00337717413049242	0.00182929139782696
0.00320831270627221	0.000173501866069369	-0.00488986192115963
0.0170740477455283	-0.000221565147994039	-0.00369514799053434
0.00172375170239386	0.0301443903019656	0.0197098421850328
0.000838836986675658	0.0412941420312701	-0.0225860663194634
0.0603623352706434	0.0123813224929697	-0.054826754192618
0.000233648808045413	0.0810819306829419	0.0101314997971171
0.0682627167583594	0.0139690483666779	0.060678335344457
0.0614963440233045	0.0212629223276358	0.071611493690546
0.00276748066489729	0.0807241907080018	-0.0297206957123035
0.0833408320760119	0.00232967903866557	-0.0274406238800441
0.000872086993952215	0.08743289359001	0.0167768286107107
0.0522287033644147	0.0341984353123138	-0.086303558409189
0.0684504041713092	0.0117536243884089	0.0569612862033176
0.0111581483603558	0.0729547616927666	0.0578053598191878
0.0670514399166054	0.0168265875115648	-0.0683559175525393
0.00312890523456549	0.0814013894962662	-0.0317239186962701
0.0776242311560052	0.00561136245058778	0.0401918851916591
0.000945691477570745	0.0859631331026718	0.0166020340780353
0.074127195812242	0.00767878967358455	-0.0491719772455618
0.0697908284313454	0.0101718449712885	-0.0544687187082496
0.0458641408745326	0.00952381492643691	0.0439627931292405
0.0336871521557603	-0.00325965963648301	-0.00243323207824685
0.00117992581616765	0.0198342977787539	-0.0156858353645956
0.000823501530025078	0.00550364496252672	0.00760664767567553
-3.16249111330695e-21	0.00419503794935462	-0.000909473025732587
0.00378951321740039	0.00106256872340095	0.00407073319907577
0.00168278527065373	0.0750672388985801	-0.0237922061408381
0.0558204181053039	0.0160101478353329	0.0612785211859656
0.0584363104544525	0.025785962575743	0.0781385831926238
0.00132825567410443	0.0830044730126723	-0.017257169857197
0.0664735310216209	0.0156875221131221	-0.0645584944932044
0.062605913964497	0.018367530305296	-0.0683110592491204
0.000227934234199336	0.0835113528905734	0.00240026927533711
0.0607550128282009	0.0202581416186849	-0.0712289300486911
0.00138920367710507	0.00841561278021165	-0.0097087921461624
-0.00109090585138321	0.00439615974994881	-0.000333406563954119
0.0424633894657937	0.0161115810318334	-0.0542868326390684
0.0621555344461679	0.0105739185802977	0.0531086725221026
0.00136353329158219	0.0614548938074151	-0.02048126544867
0.050051031452126	0.00665956414097195	-0.0401649492682246
0.0608293687968396	0.0202054459334589	0.070695433283199
0.0554480042467345	0.0185445908998252	0.0654502560741868
0.0604738469781267	0.0131356864205169	-0.0574837872004561
0.000170453949754131	0.0802178640433566	0.0018768685177853
0.0155076289457547	0.0223804654700823	-0.0403447223749558
0.000416051885029378	0.0557916925460081	0.0178151031479023
0.00113283514710459	0.00923199804401187	-0.00950180950679729
0.0039553563257831	0.0157569698507774	-0.0216434334053487
0.00753322171511557	-0.000984522032076597	0.00201564144984037
0.000654925588260882	0.0150445500895722	0.0123620846749158
0.065024797748162	0.0154129760116527	0.0630423053946695
0.000603063694849623	0.0731862788497607	-0.0165892124892955
