2.09759228254321e-21	0.0196072346607158	0.00676493234132853
0.0161297537087193	0.00414533239275054	-0.0257790712571948
0.127402393760097	0.000898920332014457	-0.0204159290648585
0.0270081699734329	0.196497342965686	0.152880849261629
0.0159779063042833	0.257335605152655	-0.145263339239508
0.316480057317873	0.0427349300176522	-0.250563950204898
0.00054245741094499	0.39611754136945	0.0314551459305739
0.335553236804053	0.0491790568531895	0.278325531352224
0.303856693150496	0.0725002035110999	0.320617470999498
0.0151364444568228	0.374361968936701	-0.165478304776287
0.388689641153966	0.00589160454059398	-0.106629671305948
0.00341853249725253	0.390898921358369	0.0785614740549564
0.251198433339587	0.117105631402683	-0.373972007917873
0.333969742998519	0.0451882865104017	0.267193104042372
0.0486463618536198	0.352379769891075	0.287087529436727
0.350370309453717	0.0486371205661293	-0.286246872561316
0.0253516548876084	0.375120993334513	-0.212061493974788
0.376991486699353	0.0212109193378459	0.194552755467463
0.00350108402671625	0.395519066621082	0.0804027774779214
0.363708681676272	0.0240035782700378	-0.206454207806937
0.348430089500759	0.0334361774701845	-0.236351080978998
0.265307739065416	0.044398728165356	0.234886620932043
0.231472353162192	-0.00648523916761295	-0.0120105318668208
0.0263997200408569	0.140517356023645	-0.134744515117711
0.0110394240568426	0.0400210752155646	0.0505269326995651
2.70134540762531e-20	0.0240977554209898	-0.0025805748893649
0.0188018637385573	0.00535991781188221	0.0203397451388177
0.0120243875530835	0.373636858551817	-0.145356261448801
0.292041594646536	0.0636853230283121	0.295308547047207
0.28404890985819	0.0891043482111372	0.3444605603919
0.00637911817214096	0.393511469732274	-0.10320081830389
0.336583170810762	0.0464201530342569	-0.270968452063466
0.315357494237485	0.0619410196416927	-0.304993601025967
0.000340194388868249	0.408316334225612	-0.0244043230475694
0.315490884705883	0.0665134351295205	-0.316440481829138
0.0116461890347757	0.0640639945567236	-0.0621149716165151
-0.00279664563179273	0.0222895736526787	-0.0052891157333693
0.246814422517951	0.0650572114752087	-0.274274354537828
0.316358240545786	0.0429506858129205	0.254136648390569
0.0107305826528038	0.335778592261941	-0.129689172916104
0.291411775790344	0.0285631780894376	-0.200292866142197
0.301968213349215	0.0733203111820011	0.323242229696286
0.287705307054112	0.0736870075420232	0.316078583244419
0.314934998271539	0.0440218264944671	-0.255798652543079
0.000184143936757205	0.393258390659673	-0.00928748427837163
0.10667757258783	0.127804053459954	-0.251134339211295
0.0074180419296373	0.31378278375952	0.107061413916623
0.0136080696276322	0.0682377108536787	-0.0652263893846104
0.0379081107920279	0.118285315277027	-0.14813675330381
0.0528835080669765	-0.00272849893133356	0.00890591349625638
0.0126771995715653	0.112322156711576	0.0863897739262514
0.320849577521873	0.0562033738338704	0.290713027669405
0.00564254979647435	0.370590110770733	-0.101429179373266
