-7.05851990949954e-22	0.00979329032828324	0.00354516891909411
0.00858446209789797	0.00168268660002803	-0.0131361158078528
0.0339781629723292	-0.00031481246571283	-0.00451198351138077
0.0055547349730674	0.0418298284917626	0.0327394369161142
0.00306784957204794	0.0526128326588665	-0.0279309501852204
0.0482256278129701	0.00794730919911643	-0.0399271922867368
2.35768635515618e-06	0.0571348726144576	-0.000457393295202364
0.0462569814037006	0.0102018040862027	0.0450973591643361
0.0410769331703979	0.0133883365053274	0.0480829020693922
0.00198698355703792	0.0520622840508526	-0.0212750014317379
0.0520678175557579	0.000819857218786027	-0.0140285481035501
0.000222582099088201	0.0498059418527274	0.00703503432958156
0.0314066622958768	0.0189142981624847	-0.0492421446498557
0.0456928215349588	0.0103648263400924	0.044594229609938
0.00396966622318819	0.0578074338621564	0.0313049805822078
0.0534578099181746	0.00733304450921657	-0.0402810937645359
0.00513621745129941	0.0535655923852863	-0.0334385176164439
0.0527662240676756	0.00534868286803038	0.0355296924453741
0.00018946980587675	0.0527870782097235	0.00768170779630269
0.0517126417384238	0.00426718663574042	-0.0302779223368004
0.0501920906560431	0.00613414314172809	-0.0358913820716528
0.0451812192225363	0.0104147943547695	0.0443837639374587
0.0488168175421226	-0.00193209025737133	-0.000609873432479874
0.00559419000327876	0.0359273730360091	-0.0314816968035597
0.00311455962222805	0.0140863779781354	0.0180576973736291
1.03906439579081e-21	0.0118769657947699	-0.00141097637060654
0.0101198986500837	0.00285678545733286	0.0109016881982296
0.00205135000452384	0.0576343873588468	-0.0213316128508339
0.0429043747373711	0.0138306734363787	0.0496502725818218
0.0368784389133258	0.0159527495361527	0.0491047184896987
0.000848437363640624	0.0555348755060556	-0.0143444773337023
0.0486527002497186	0.00710697014974285	-0.038090061948515
0.0445654315055736	0.011239373416792	-0.0458376744970879
0.000263020200923155	0.0592658698494802	-0.0100000296259762
0.0463873590460154	0.0116221133447603	-0.0473260069844155
0.0035648712077347	0.0204407176556794	-0.0211092499006457
-0.00161664162849854	0.0118468768522657	-0.00189061019065599
0.0400747663991235	0.0135475636931077	-0.0471431492227888
0.0461583917970117	0.00965028304982419	0.0426301477793333
0.00196085228768538	0.0584495171817586	-0.0211523182724886
0.0509105777026001	0.00581276485736568	-0.0362280354292579
0.0412703846821438	0.0147072639973028	0.0500547999505128
0.0415999568874636	0.016277050935383	0.0529388028417049
0.0468554811766238	0.00782048407172612	-0.0388191383844603
2.13130815980751e-05	0.0569569915352876	-0.00452571217768389
0.0201444855925669	0.0289349082980507	-0.049806056015659
0.00130409468734786	0.0538311939582458	0.0177564513882815
0.0033353394701306	0.0224159420220136	-0.0208849290306416
0.00832991846851617	0.0299122576169706	-0.0357992564758697
0.0186035803877402	-0.00166736452804936	0.00339054468440873
0.00315797342642715	0.0293350041868652	0.0241293806499184
0.0443192799236589	0.0117683597249961	0.0467607208825302
0.000975999665577284	0.0572222730925271	-0.015112487167365
