7.92671037128913e-22	-0.000420462580404258	0.000107626818701204
-0.000353475556464438	-0.000176538232729664	0.000377343746774538
0.00175886270727855	-9.23540762431577e-05	-0.000542348659501005
-0.000317652786142059	0.00209154809710102	0.00150384812310355
-0.000320588594690732	0.0028140645849418	-0.00245749902566562
0.00317423968262683	0.00083582760870135	-0.00327383802325141
-3.35275896757682e-05	0.00371951703125672	0.00100807566089745
0.00307583928800303	0.000546440599742012	0.00284492385667224
0.00278473298896568	0.00100551495644616	0.00350672334380835
7.10700086778479e-05	0.00382549442123112	-0.00121792670968145
0.0038912182031539	0.000207819511907076	-0.00158867799373515
6.29809320925395e-05	0.00412292298390469	0.0013146933955506
0.00216315323671368	0.00201651349697924	-0.00424012553761719
0.00333113422321534	0.000423168866131118	0.00262955238148647
0.000428685694124027	0.00295590770181999	0.00236860457259863
0.00265978244846238	0.000833231232383036	-0.00298119605271688
5.58456731717652e-05	0.00361215831224473	-0.00102790065863759
0.00343347364364597	0.000104179519598542	0.0017391690083436
6.65906065627526e-05	0.00399969976540638	0.00104898083117313
0.00351257979933606	0.000370891770363495	-0.00254405396328014
0.00334723990378058	0.000475996044723768	-0.00283873033943316
0.00285463176418099	0.00040978471013045	0.0027858543497073
0.00228489017484921	-0.000905973047395087	0.000125989943725935
-0.000350602663949016	0.00185999004701519	-0.00097337914811075
3.13531779983396e-05	0.0003923843447329	0.000669147315210715
6.6726432965654e-22	-0.000401998421777038	-0.000144675105627957
-0.000412609812818025	-0.000118550445774701	-0.000447780593287729
-5.75030487131575e-06	0.00383392632046427	-0.00133858081266154
0.00285469874035062	0.000795690455705524	0.0034682588431602
0.00275783725152867	0.00116632796783615	0.00383661929359933
6.62962927853148e-05	0.00397750243268834	-0.000771793886450321
0.00284746914989844	0.00103143048845629	-0.00337672619547544
0.00271265933861105	0.00093571760548949	-0.00323565961347693
4.31182463191274e-05	0.00360614769634431	0.00046149059293531
0.00250276147138828	0.00104693665306611	-0.0033652212172223
0.000127140615577912	0.000757250008657889	-0.00105501702503095
-0.000142182672180648	-0.000476740381591778	0.000114948695487699
0.00183900661633069	0.00131766096261286	-0.00374060307556492
0.00350459968095709	0.000187290386829251	0.00241291631193431
2.79115867800134e-05	0.0036861982127527	-0.00162253357792902
0.00299550826009549	2.93836099089213e-05	-0.00271352543452285
0.00292620435006041	0.000975890010653617	0.00348400946641867
0.00274419509140119	0.00110722776411099	0.00373722393769639
0.00283046798080828	0.000830241742707444	-0.00333152459560996
1.76613253263278e-05	0.00384259757883865	0.000595176052349291
0.000886251578039071	0.00185544730276921	-0.00340291949861485
-0.000206622503697054	0.00297007727804706	0.00203292696292911
1.00866468854641e-05	0.000865195954151089	-0.000952166858365094
8.94109239555942e-05	0.00132241891419018	-0.00243148116478452
0.000591236980111616	-7.26759089781565e-05	0.000207187866836462
-3.85361207824373e-05	0.00140959239840852	0.0015777373651468
0.00328554494992705	0.000709578575532944	0.00310305797392185
-9.32712584165485e-05	0.00390065756152711	-0.00107200176149065
