-1.98266437892862e-22	-0.00442504331483388	-0.00165267500915395
-0.00408082783804288	-0.000491715517434892	0.00590032364315404
0.00403558876913117	0.000423584342525145	-0.00124655013554518
0.00195438930514587	0.0100596263505574	0.00672948593157493
0.000982147708206341	0.013657063025672	-0.00544889574370495
0.0131667821746659	0.00243294272911072	-0.0107712063854593
0.000185544310628005	0.0148729590776694	-0.000171331869568806
0.0119020892059326	0.00348363404370284	0.0114190828677556
0.0106378983541834	0.00413504413025941	0.0118060373617821
0.000881927709939218	0.013234326944855	-0.00541522720841203
0.0128835466027967	0.00055286578178016	-0.00344361809925978
0.000325878845346454	0.0118178704946404	0.00246736528000347
0.00664438757959761	0.0052639509218632	-0.0117691134267659
0.011946335017778	0.00328809184253571	0.0117994672538249
0.000826292056373616	0.0151933340317763	0.00595674956391237
0.0141423050445361	0.0012327722556806	-0.00811556068607901
0.00206545906421291	0.0128886903937706	-0.00932864445595011
0.0132306430131273	0.00207650060704533	0.00950356548192209
0.000281495878381402	0.0125277669451187	0.00246268646060495
0.01360692968418	0.0010964544088429	-0.00768024241756155
0.0134358556717006	0.00182932161889981	-0.00939908220416513
0.0120092310715834	0.00306962329141759	0.0119508005579606
0.0114348991944671	0.000818890890613807	-0.00114359674684152
0.00196383815637349	0.00653757573106244	-0.0061481821327898
0.000718402784056785	-0.0012427148324223	-0.00198897823017591
-1.61184751589447e-21	-0.00509340455047775	0.000607381083839854
-0.00494642417092241	-0.00136751331642598	-0.00528243614830647
0.000603400719062893	0.0157003360393007	-0.00585833918382855
0.011640014607022	0.00410662669726705	0.0135820693549946
0.00930142277554166	0.00430591183687421	0.011982877885597
0.00044820492214144	0.0141648349313398	-0.00358435448487706
0.0126107203399133	0.00211630195248454	-0.00915938413380188
0.011716953763387	0.00340038057705905	-0.0113160275652459
0.000644860436859522	0.0149890047041593	-0.00333713696059013
0.0121811931964828	0.00336492463293196	-0.0117462110329146
0.000339411536490706	-0.000446882623825919	0.00146560275889534
0.000846202064007397	-0.00573599416904751	0.000313911028861062
0.0110927962601146	0.00374405734365156	-0.012912526166284
0.0124605823530891	0.0027855427268312	0.0117693027728425
0.000518821631455167	0.0159803456685117	-0.00558989846064715
0.0136437440806595	0.0018863759051092	-0.00988542280332256
0.0108794168517102	0.00429168731233275	0.0130978555472337
0.0111883595796355	0.00468146257591648	0.0146636373850293
0.0126755801350592	0.00235680232091464	-0.0105677607958701
0.000302246807336313	0.0151375301585006	-0.00125804682452094
0.00537818404795101	0.00686618162774164	-0.0119319723697726
0.000436967385057485	0.0146953743827306	0.00408119947022213
0.000485252399684515	-0.000132767379306679	0.0015891176984435
0.0026913058467916	0.00554691139830626	-0.00572171327387376
-0.00178917484789085	0.00100316529306715	-0.000647355946509434
0.00078058247641639	0.00426356852831854	0.000896648152072025
0.0118068101572763	0.00374899578902195	0.0122796276516853
0.000436388725024973	0.0156342893607363	-0.0040664788373409
