7.30356700681805e-23	0.0129338603994829	0.00499734221838091
0.0111506994323161	0.00214959375738229	-0.0173338780283525
0.0774159388287828	0.000383016660879473	-0.0137155774435633
0.0150752846563444	0.129665161776686	0.0936052072650002
0.0089800799022642	0.172380244359517	-0.0933841511561507
0.229899422508209	0.0360185505610164	-0.190945516569799
0.000704750469007546	0.2983391091862	0.031606234205533
0.253535177194617	0.0404921788112872	0.211687456558819
0.228497137138014	0.0616854781714758	0.248898133663226
0.0112418103334059	0.28754685846234	-0.121821367478692
0.300212793252318	0.00506728911995569	-0.0844758939658463
0.00237933128759356	0.307891188450018	0.056013486155069
0.196544973350402	0.0967171321847456	-0.295548943735026
0.252700005310853	0.0357031313169859	0.20063085471912
0.041640842755893	0.263618133109962	0.224359751315091
0.257444182170678	0.0462946154174266	-0.234146711635086
0.0146263286936715	0.29338019617655	-0.138644766824561
0.286836684748936	0.0165692742295232	0.14216529037341
0.00259980756236582	0.308125991840294	0.0569577863737632
0.274220508772891	0.0205544601298905	-0.162653649752721
0.259964812823782	0.0284444264294657	-0.18403957236408
0.18385543532857	0.0335769029274582	0.167067779897123
0.149404300525967	-0.00582198807899269	-0.00953789132244682
0.014060962608862	0.0885454651060525	-0.0803761397292388
0.00592271879203449	0.0240395924242084	0.0308496577404618
-5.28439477312908e-21	0.0157949153888511	-0.00207808878849749
0.0130401632995163	0.00369793011377488	0.0140747931903009
0.00819883169370728	0.277439534814337	-0.101407355750946
0.212867537894724	0.0504051436936385	0.219694717107445
0.214929505381566	0.0763282545475384	0.270926861395064
0.00528579061828367	0.300572240952418	-0.0761183472024606
0.250413043343314	0.0426820572576955	-0.218219757875156
0.235258552415716	0.0524166978733975	-0.236551193253808
0.000172340883786308	0.308850191039995	-0.00187771688051942
0.232146766896365	0.057863371572941	-0.247581852129149
0.00679940834809313	0.0380551601704035	-0.0382405671451386
-0.00236777998972712	0.0153419727013077	-0.00281222566252889
0.172471919622875	0.0510764503702567	-0.1996462591093
0.23284212708014	0.0338585284026587	0.190218910788651
0.00684724779156886	0.237905422786646	-0.0864733161256727
0.201585508205004	0.0226941846321945	-0.146109045603063
0.226011135957156	0.0608997316918781	0.24864771267012
0.210731789594686	0.0581807275536243	0.235295928746242
0.230343888144053	0.0378184581504271	-0.198380378488944
0.000236453981557082	0.294919527066301	-0.000590704180389088
0.0691385520636369	0.0880892405080074	-0.166415038247651
0.00431167088596922	0.220773743199193	0.0709836935810804
0.00749249895984117	0.0409811513484852	-0.0394081039092888
0.0225317155393779	0.0734719069953568	-0.0922257269485061
0.0319238391699494	-0.0022663511831499	0.00624480417732132
0.00655860746149805	0.068919723587075	0.0521005573619177
0.240589281122167	0.0460827559645541	0.221125259222356
0.00376851543511991	0.272617120355477	-0.0697899187090411
