1.49504640447359e-21	0.00350574704422921	0.00124272299470528
0.00316520310717363	0.000525488776710223	-0.00470729784069725
0.00550520872872058	-0.000207420184764259	-0.000531048646925723
0.000508300955949407	0.00533875917378302	0.00440550233812229
0.000230111371992896	0.00649538651072247	-0.00381631944154136
0.00596122733564124	0.00129339482115134	-0.00526130116124146
7.88543164143617e-05	0.00738544350334785	0.00073928761729747
0.0061290818345111	0.00146732468321918	0.00539181893654429
0.00521937590011921	0.00218869294398313	0.0061752054259006
0.000432116657426205	0.00670060143721536	-0.00306409942983176
0.00710329343635927	0.000137826838847654	-0.00126967998504293
4.9094318199481e-05	0.00697627820360547	0.000189725830802469
0.0047281475736373	0.00240333357371223	-0.00671654968449796
0.0061757161194196	0.0012994831104188	0.00528627632497338
0.000966304375809242	0.00729983816542621	0.00510084876497381
0.00657218064956971	0.00153595044836495	-0.0062841176628675
0.000436268812152868	0.00749722348001757	-0.00309702213548319
0.0071407543965983	0.000631898920566685	0.00374875499653971
5.92461238843011e-05	0.0073444485179348	0.000191168933090481
0.00689009952361215	0.000513316325690117	-0.00380025373086834
0.00643712444596302	0.000862917407971274	-0.0045818062959617
0.00556302694169467	0.00129757814840956	0.00550577179153725
0.00626498082637083	-0.000616999094165124	0.00018821264718878
0.000508464609353927	0.00522445773397613	-0.00434948958298404
0.00043097262238405	0.00323647978101109	0.00428270879152701
1.29092257101868e-21	0.00417111152510412	-0.000476308346076116
0.00378125732448845	0.00105550795554756	0.00405428857107508
0.000335156459018584	0.00736654556573535	-0.00299912197229641
0.00533480862260136	0.00176497225292056	0.00625247279354991
0.00458896970683327	0.00268850555195532	0.00673354713332698
0.00034397328216553	0.0074523862796292	-0.00255381510343436
0.00603526978090401	0.00159054673944022	-0.00575636091534722
0.00560787050651875	0.00169180249199023	-0.00576119605937689
0.000144048889787382	0.0077550356741949	-0.000124674945452079
0.00558433413615661	0.00198302519271906	-0.0063755011058085
0.000597971652752529	0.00424952743342778	-0.00468527513955444
-0.000583465887435735	0.00439356787047656	-0.000475580611266904
0.00465299285942461	0.00196239352741765	-0.00605601210969349
0.00597062949831761	0.00111353431012971	0.00513747686053438
0.000228772886286171	0.00720373201376705	-0.00269990897966664
0.00620481967809902	0.000640216628465429	-0.00463064162168623
0.0052217846571938	0.00230790350473711	0.00665553871802666
0.00514861637804557	0.00218704414893495	0.0068303957819226
0.00572755975360326	0.00138245256281454	-0.00546551849956993
9.82605244216708e-05	0.00724521831539938	-0.000146880338232158
0.00233859333554953	0.00386119847556887	-0.00640267304524822
8.79082375012015e-05	0.00648262319034754	0.00249863127986299
0.000484396300075679	0.00457630112471746	-0.00457630488750137
0.00084997176449936	0.00430005033306523	-0.00529567619246818
0.00431815823094131	-0.000666894343269312	0.000867525992542737
0.000402209799886112	0.00452690965788478	0.00443794712026851
0.00575889164697555	0.00175263494930481	0.00582593491362905
0.000207263536404798	0.00719286697136922	-0.00195745882492671
