-3.62434832529785e-22	0.0124862171004786	0.00457801859834376
0.0108189101073515	0.00222301344607967	-0.0167336186311226
0.0571069460078099	-0.000112207170085253	-0.0089776255859252
0.0102309486753319	0.0809082496159682	0.0611274615950156
0.00543635048666118	0.105003218042434	-0.0552432056170332
0.116705266281608	0.0196421086451271	-0.0983696147103131
0.000143543286296205	0.146289369007705	0.00854721884581117
0.121675150518529	0.0232801931831242	0.109360408214829
0.108759010642738	0.0333340593732671	0.12318983881927
0.00522513668060729	0.138031976071017	-0.0559332895085689
0.141149057073487	0.00260374586886103	-0.0400181215758261
0.000947099942848712	0.141043542956213	0.0229107328617966
0.0885356015284859	0.0503782763164737	-0.137954635216734
0.120878853192448	0.0217786817303875	0.105866517245219
0.0155514845823738	0.138822525047534	0.0963444562694869
0.13013494188719	0.0222865111396884	-0.111696611360589
0.00932571670649414	0.141409137866096	-0.0741973030973498
0.138363064179515	0.010559271606173	0.0790425150747237
0.000969634308345652	0.144402847285049	0.0239109307996967
0.133211696761501	0.0110628256739665	-0.0802964960219018
0.127393532163732	0.0154950388466643	-0.0923876389587827
0.100568693032378	0.0205627517957578	0.0949895631211998
0.0939537328951573	-0.00359187458090311	-0.00401955153879476
0.00969182735474122	0.0625876856632008	-0.0553209849461585
0.00503002606506938	0.0206599976161169	0.0264527812772029
-3.44197700156056e-21	0.015231863493799	-0.00181633402604443
0.0127128515448467	0.00358810673047113	0.0136941860547845
0.00431412583657816	0.141169255697153	-0.0505677999931396
0.106392960694348	0.0296955360878629	0.116457058924116
0.100216917622885	0.0406094416533201	0.130726289913968
0.00242587698817862	0.145418818202291	-0.0360795926678911
0.122930063447339	0.0211703271426002	-0.104670805854984
0.114029453847817	0.0284520573750413	-0.117729006626952
0.000271234875798499	0.151582784997725	-0.0111459256623288
0.115077492227477	0.0305279404898069	-0.12261440872577
0.00558432584407809	0.0312531200212316	-0.0317647110208014
-0.00207219844108915	0.0149102372812229	-0.00262826720567028
0.0914882705491945	0.02975356043195	-0.10805159847156
0.115767016482748	0.0203241466303192	0.100518247005771
0.00379028540860511	0.130369439312521	-0.0461345350196192
0.111326899299073	0.0130387416148285	-0.081240728192907
0.108337836672208	0.0342777211843313	0.125446672043006
0.10447703224153	0.0345731104621932	0.124568407195578
0.115363889369207	0.0201284386442349	-0.0994837970348078
0.000114092608007432	0.145025944639573	-0.00455135563395174
0.040965605455646	0.0557641941895661	-0.100328881833124
0.0025767197515592	0.120207906543432	0.039464011713492
0.00549955642740787	0.0340409436083588	-0.0316595900465528
0.0153028797764688	0.0519357889725985	-0.0636315542709767
0.0273428258093463	-0.0020665334498624	0.00495859314892497
0.00525825147510869	0.0499407718919811	0.0395795770041035
0.115919558749812	0.0265558669193661	0.113969095283855
0.00196658720294702	0.139055832654528	-0.0351373593354164
