-2.78631772300986e-21	0.0218800297913225	0.00736601447756844
0.0177122360704412	0.00489524525598015	-0.0286362043548713
0.150617610021387	0.00126745639479732	-0.0240364299898272
0.0331382202136612	0.232647707806362	0.184840834131456
0.0197355163563198	0.304925179722884	-0.175837034140356
0.380446568999204	0.0483765184830499	-0.296546568448072
0.000725546863374276	0.475260264427169	0.0408401628655678
0.404713547237277	0.0548121574633579	0.327972858595066
0.367726209890764	0.0812167428482977	0.379421676027034
0.0183600879213654	0.448707880632515	-0.202748896147187
0.467513841579606	0.0067838236277485	-0.127741235937073
0.00453834270302078	0.470103174317575	0.101363898791935
0.303885472215057	0.134253366850568	-0.447397031920006
0.402821841888452	0.0502391634520248	0.314384635438686
0.0604856684042051	0.414977832443809	0.353047419685341
0.420508299524451	0.0547205005936839	-0.338059679099921
0.0307662288465767	0.446978395823409	-0.25956782019577
0.453177859702407	0.0234140436187427	0.227776492865309
0.00462620174394229	0.474678809676174	0.103343655043801
0.436992304186148	0.0271607444415814	-0.244609050950617
0.419040443237255	0.0377406263933498	-0.279672254468024
0.318909006148783	0.050097317395018	0.276543563133947
0.276170347649544	-0.00716745229889556	-0.0146673884549033
0.0324448511888215	0.165019783415062	-0.161790923390111
0.013161036489137	0.0463954898667409	0.0584619640812797
-1.5191842168128e-20	0.0269809747427757	-0.00273326286598665
0.0206321745673675	0.00588702574109459	0.0223289571740782
0.0144524612533259	0.446173884698484	-0.177172214633144
0.352544160111567	0.0714289658850725	0.348338844405611
0.344833569643723	0.0999476730191123	0.408532536287138
0.00747040995043352	0.471803873038946	-0.124875463398301
0.404976464677346	0.052319503199638	-0.320761818928692
0.38020875684771	0.069970172191979	-0.36165639796134
0.000334090633141267	0.489546907661172	-0.027969656385198
0.379959443752911	0.0750603446247028	-0.374805501230462
0.0136181460093294	0.0752297905865862	-0.0720100382643874
-0.00292452764433978	0.0245281421442853	-0.00624652731312491
0.297035598505825	0.0740565260623442	-0.325334837199381
0.381272301707051	0.0479152932638011	0.299136258552634
0.0130324417742854	0.400008814818153	-0.157984815075742
0.349147106101693	0.0324295264795478	-0.236146588101781
0.36525746991184	0.081907688764363	0.381788656605699
0.347418484050827	0.082596171627336	0.372841301644451
0.37889164282771	0.0497625657394869	-0.30293155503275
0.000179852250152225	0.472190578533856	-0.00965650958024924
0.128354468751388	0.149018593684759	-0.299831720254714
0.00927493609431911	0.37492718768586	0.13149161397281
0.0164744597253382	0.0794087374495621	-0.0764543932644791
0.0453919945865608	0.139762200685388	-0.175958739152576
0.0613291884732103	-0.00287116258041777	0.00995886352740224
0.0154563737720969	0.132537664261995	0.10243949674869
0.387408861737961	0.0626777524141089	0.342728673094342
0.00679513916672146	0.443668184541224	-0.123675808771277
