-2.38138973425051e-21	-0.012510128794076	-0.00433141561851726
-0.0116310996929888	-0.00110279161001009	0.0160966695140051
0.0813472959386257	0.00159334878260533	-0.0152826157906862
0.0255663997455835	0.154780300588298	0.11669178289736
0.0156081948094684	0.206771608284966	-0.103749097370548
0.26241957594489	0.0357206064709497	-0.208339164280517
0.000271417555297207	0.333670256255307	0.0198790655538027
0.281205686793016	0.0433603566254502	0.239819417150843
0.254404539413165	0.0628842452135304	0.273279900630848
0.0120118646758094	0.315562857990763	-0.135796704427302
0.32564462174977	0.00485251764503158	-0.0911460938390922
0.00252872933680256	0.32654279929558	0.0629742284495676
0.20896097859502	0.102268426456481	-0.314503445310298
0.278262004456427	0.0408314504476775	0.230361108821557
0.0382778780143725	0.304033723000555	0.234698648298124
0.297817838134388	0.0422228191328753	-0.242841186403424
0.0221310427795936	0.317371169318745	-0.18067617379214
0.317096258316985	0.0192916058667082	0.170843105085044
0.00257186319685523	0.332042492768018	0.0650365459927854
0.304606794400911	0.0216804235516562	-0.176049867990702
0.291515780861052	0.0298966634392685	-0.200928912660536
0.214666316167824	0.0383153097910139	0.193218575971297
0.182174999138729	0.00320384319090938	-0.014667533778264
0.0254092748352089	0.100510104259697	-0.103787720665728
0.00838219434239937	0.0115498282640874	0.0139334003836438
-6.77007672181504e-21	-0.0135597131723749	0.00121781594468658
-0.0144201390232333	-0.00390394105498853	-0.0152656053960501
0.0100615466133	0.313076218536593	-0.118212420530851
0.241804423715857	0.0557764473595008	0.247314583920195
0.237205049458146	0.077681494192942	0.291676844385513
0.00475326524567166	0.330753702882361	-0.0845360629066144
0.284346382899735	0.0390835599259199	-0.228128236363635
0.265191851046822	0.0542451501037385	-0.260379157656825
-0.000151017200588737	0.345257978134184	-0.0262851705340913
0.267125632555072	0.0576538427164031	-0.268784491358232
0.00644212015250954	0.0278917986953648	-0.0221048233177168
0.00229195282292473	-0.0167404677119918	-0.000236377997988976
0.207336590074559	0.0520537627981993	-0.222304669832026
0.259931998416967	0.0405346481629508	0.21889625752346
0.00881784378391549	0.275450771610316	-0.10143323165388
0.237431683857335	0.0273863543938516	-0.163839419800914
0.252019726329943	0.0642197586936954	0.274544163152076
0.239469314791649	0.0631677283550654	0.264025765470822
0.264331059060688	0.0371619766933855	-0.2132846546584
-0.000246961817577535	0.330122838617169	-0.012053371284622
0.0860868000061591	0.0987651814606221	-0.19350117593331
0.00712762202740708	0.260137707168724	0.0771036243513489
0.00853907537564269	0.0315312865499136	-0.0236007595406657
0.0325891304284447	0.0865017456018806	-0.101145943767793
0.0150812470117392	0.00297763788381454	0.00130940693680463
0.00941787552260268	0.0756775615327882	0.045719660061446
0.26678745028202	0.0493622099636258	0.248105021651214
0.00485564228208935	0.308216949840476	-0.0815570646303704
