-4.8665596804745e-23	0.00491063987671552	0.00183771677815697
0.00440623989112308	0.000724116601823583	-0.00661699146472943
0.0113805444351842	-0.000265012718009439	-0.0013068003601551
0.00145488545050868	0.0124699257674337	0.0100017483170827
0.000877181345228894	0.0153214214410937	-0.00854045140604106
0.0127650984060336	0.00205235655890683	-0.010523072458772
-1.07019025934332e-05	0.0147399058002826	-0.000730652299304866
0.0117632017023035	0.0027044500515454	0.0122013321978571
0.0105106635781923	0.00334276789460329	0.0125912090478097
0.000413280681764574	0.0133690196605948	-0.00523938229401141
0.0130844842118306	0.000191378030393816	-0.00381123159290272
3.24352245984122e-05	0.0122637022774119	0.0019583089823159
0.00765518655713066	0.00492903082815716	-0.0123185927347365
0.011528912025195	0.00292644400691372	0.0120636003772889
0.000700654844371814	0.0153133570296744	0.00712958093409903
0.0141375647636775	0.00168779104057073	-0.00991753527484359
0.00151511352631554	0.0136229570170764	-0.00932701645541443
0.0134045203767374	0.00154690388791697	0.010039124432643
1.54297313557821e-05	0.0132177252885803	0.00217193410590381
0.0132248816493608	0.00118860786777979	-0.00785550661758157
0.0129815477224761	0.00162943419644674	-0.0093428013497892
0.0125154803469098	0.00305868726876794	0.0125449850447595
0.0145786371508937	-0.000952814187187538	0.000187872488218546
0.00147727502600274	0.0115033667627966	-0.00981872052233978
0.000909485012670799	0.00557661963876769	0.00729236085629414
-5.3871862079113e-22	0.00588908821339384	-0.000744022780741515
0.0052247322470292	0.00146917366528244	0.0056191127781964
0.000558560385645234	0.0151269692402974	-0.00547587410354956
0.0112466161018403	0.00387750007618773	0.013347211586861
0.00941938047741264	0.0039419032920281	0.0124861046206592
0.000100417337610757	0.0141568800374641	-0.00337243323642426
0.0126863882413966	0.00151587347873192	-0.00936773321399764
0.0115619807770985	0.00289116684404781	-0.0120489861326545
2.44230262295429e-05	0.0153209590535206	-0.00344330371070728
0.0122521925259979	0.00287495678141167	-0.0122054073522169
0.00121157036841141	0.0076969625012258	-0.00830770451947996
-0.000885998021698114	0.00609260650093053	-0.00076381638281761
0.0108803615212134	0.00383349152420459	-0.0128531991166543
0.0119860226519085	0.00276644140228264	0.011418999175041
0.000578350989510781	0.0161167637232469	-0.00583814552908979
0.0141896969783672	0.00158492078022009	-0.0100360124680793
0.0105649725862211	0.00384454991614071	0.0130116699764012
0.0108255234700149	0.00458647915261932	0.0141304956247166
0.0123045412443042	0.00196658912651013	-0.00992122609196861
-3.53378785650249e-05	0.0147560461971233	-0.00157148804457535
0.00570996501459069	0.0087911088221567	-0.0146087598478094
0.000359376145702796	0.0148453794711328	0.00501744748977179
0.0010533005594652	0.00837799192713559	-0.00819595348434899
0.00226242541000114	0.00956494818347094	-0.011542599909018
0.00740699516249708	-0.00094300414770275	0.00149949916622828
0.000890264617425237	0.0096262464735328	0.00861099636430995
0.0112817057418311	0.00314552584734817	0.012436517392577
0.000255995939957821	0.0151301288565497	-0.00395825568497545
