3.91472419064571e-22	0.00709991561502812	0.0032252499274748
0.00643732369613638	0.000770600043266147	-0.00980038652596396
0.0400509910931897	7.57326935426446e-06	-0.00809410384447035
0.00660058920570997	0.0727543378651996	0.0490398446540674
0.00380030259115568	0.0988187101425387	-0.052141705328904
0.142698324495388	0.0260161434322134	-0.124799181887654
0.000614577834623933	0.190710929380535	0.0239290844088017
0.162054240875454	0.0288196968850047	0.137948074081423
0.145995157259658	0.0444047282930626	0.163861975705749
0.00676600059865225	0.187755454808268	-0.0737251147525212
0.195370816366873	0.00423469331297994	-0.0596595184843771
0.00178257097303554	0.203638216264552	0.0378910797322909
0.126308616172931	0.0707511911148326	-0.198181488296772
0.1619146984608	0.0245461667981776	0.12950735363862
0.0280181677855392	0.168749903709927	0.143331839148162
0.160175951876402	0.0357552989402199	-0.158213071583157
0.00757389294996753	0.191451022879098	-0.0780931052688841
0.183956202531431	0.0114632091012956	0.0904093602474749
0.00197536698941348	0.201427123642513	0.0380649024953944
0.174816079330692	0.0155979805053005	-0.110315842119496
0.164667768555625	0.0210779984832528	-0.123044554870902
0.109559143598047	0.0214503155782383	0.101835354049435
0.0822818904519217	-0.00481454989959598	-0.00647459465124031
0.00550802175714798	0.0471758300360422	-0.0401672345394296
0.00249214654626894	0.0121929710540333	0.0161660252264334
4.78351371971761e-21	0.00866056551457398	-0.00145465920279277
0.00756451910408731	0.00212709373793695	0.00813558772371558
0.00446018876606477	0.175706869295584	-0.0587797528818166
0.132735096318579	0.034242215546757	0.140095302112897
0.13835581576929	0.0546719490436325	0.179437339475342
0.00323902195694256	0.194346027531265	-0.0441931584819098
0.157939622797479	0.0326117483205	-0.147491029725006
0.148697705961707	0.038330445394089	-0.156503383954395
0.000269619355292579	0.197301958652216	0.00578095884714832
0.145000211687878	0.0426378832560978	-0.16386450949005
0.00331707514961214	0.0191611302557539	-0.0204101491096012
-0.00173717593704093	0.0088269469063389	-0.0011172830533619
0.103044284271108	0.0346032105284903	-0.125108460111665
0.146484657976056	0.0229217499231643	0.121894777955102
0.00360132417861341	0.144647523390849	-0.0491702342434144
0.119552822734331	0.0153458489090911	-0.0918579319821359
0.144049948836029	0.0427379232534797	0.162129283497345
0.131877417727428	0.0394118180314801	0.149855423151713
0.143634384734961	0.0276537337672788	-0.13109054150656
0.000254368769017727	0.188261465501726	0.00335757683465964
0.0383163173117107	0.0519216104917439	-0.0950889674013615
0.0019834844528943	0.13306598300737	0.0413789943465186
0.00330772677596293	0.0207788018259645	-0.0205364819600602
0.0110215360248963	0.0384877269596356	-0.0496690605841128
0.0164120815649207	-0.00161624975615462	0.00383739906741312
0.00254304747645268	0.0358059572214117	0.0273462253251632
0.153495308615606	0.0322766530392849	0.143680983919551
0.00190254707377228	0.171525022951182	-0.0402641565502059
