-3.19901544106072e-21	0.0133771715351764	0.00473878526545363
0.0115072226111582	0.00250015474874737	-0.0178555791711869
0.057473498569574	-0.000199019962950113	-0.00814613979316368
0.0101683469924887	0.0758225652617923	0.0586471790277322
0.00559261208112535	0.0967483841547522	-0.0515844049015167
0.097728461247248	0.0158790333512079	-0.0806870314294977
6.70504242957355e-05	0.118955906123602	0.00303223512747799
0.0977045157144498	0.0197648761943014	0.0906375106500319
0.0867240375036095	0.0273985705491743	0.0997153482862072
0.00447330966017702	0.109713233737806	-0.0461769455133147
0.111750547044716	0.00171161123499834	-0.0291335210717111
0.000510416781053854	0.109224793462931	0.0147376384474407
0.0698319459101196	0.0387941719829763	-0.106658441956551
0.0968750545425931	0.0192375152224667	0.0888239093190132
0.0107218218579922	0.116567685951628	0.073134410799849
0.108722351069781	0.0165945416343935	-0.0875774446759252
0.00907957591754575	0.113362809722106	-0.0650774244889777
0.111490977423146	0.00952695713608545	0.0681553331253369
0.000504829660963051	0.113965534887472	0.0158194580190921
0.108376230497108	0.00844242022661006	-0.0628848095722158
0.104206505868429	0.0122056524174338	-0.0738148759553823
0.0876900251186816	0.0188434662183602	0.0842580107051446
0.088478811423637	-0.00302735576375401	-0.00225360508543996
0.0101798701555829	0.0617583333162349	-0.0552290286207192
0.00535193103469905	0.0218794596034774	0.0278336109000496
1.32694660105644e-20	0.0163365973486415	-0.00188532976370992
0.013496668761904	0.00383201189780575	0.0145747768325084
0.00412594232680726	0.117175261476882	-0.0441867837196221
0.0877865988187681	0.0260224693457852	0.0985709109786582
0.0786383846139189	0.0332644705217059	0.104271857728771
0.00219752217732008	0.11694259955928	-0.0315433786548054
0.100712325741166	0.0159806918888204	-0.0820505350205493
0.0928687857603812	0.022661282579902	-0.0945083713301283
0.000405573688749853	0.123430344658497	-0.0147721866056638
0.095093051461388	0.0240939487237993	-0.0985092762506591
0.00587653805262504	0.0325480272882764	-0.0330267604556477
-0.00209381891098118	0.0158611538292855	-0.00294463465496961
0.0790728105098296	0.0255018356266534	-0.0922419491741412
0.0950680927645963	0.0179317567499	0.0848115281299313
0.00369305799651565	0.113391625273638	-0.0415908692429681
0.0981699162402845	0.0109759739284084	-0.0697737737189294
0.0867745312041507	0.0291830476115713	0.103078892922117
0.0856618979063525	0.0305323976265968	0.105555334100786
0.0957737991967762	0.0160561664306903	-0.0803777980183217
0.000127611888818427	0.118056731801743	-0.00692204363102254
0.0378399059169752	0.0516487713960355	-0.0921385611168911
0.00241503004984787	0.104613050058443	0.0343595594651645
0.00579644127848653	0.0356202996614103	-0.0329938257622834
0.0151995822938076	0.0513068145926787	-0.0622676941849543
0.0288666866614577	-0.00211350456464669	0.00501453277708314
0.00555902701438591	0.0500032119613066	0.0399446460573897
0.0931860930767124	0.0228332868848151	0.0945571140662122
0.00199107283702112	0.115806939147113	-0.0309100474528437
