1.71186322288595e-21	-0.012757021726953	-0.00450413787701347
-0.0115461734173491	-0.0012556698968402	0.0164049365586417
0.0950855711357678	0.00174371533146549	-0.0186035250886926
0.0322162614191904	0.199724058709013	0.151010034394794
0.021132762115902	0.270079760639513	-0.140620672872213
0.386065458922073	0.0479156345140912	-0.302241400715935
0.000959033410703743	0.503121771011305	0.0503117499641341
0.432428017744952	0.0545330396460165	0.34553783372554
0.394133852780008	0.0828794937946308	0.405598151707388
0.0181332914160196	0.482104243648748	-0.216447702276158
0.505478143144956	0.00654459980264956	-0.14165563661316
0.00453535582604431	0.514888314773634	0.11207049343748
0.335680093538003	0.141744786182276	-0.487457870714771
0.427915109648021	0.0498532625438126	0.325932283795746
0.0719996981137968	0.428608008175373	0.395483739599096
0.44150039498366	0.0628631017462638	-0.374011115936235
0.0276464158339005	0.485134507810705	-0.260904120964179
0.485270806712304	0.0226184198955782	0.233644224379473
0.0048018378584746	0.516107946100612	0.114190067692781
0.461823785825173	0.0299756261321181	-0.263448839362165
0.439531549788341	0.0402964207033453	-0.296878731999378
0.302864197552016	0.0473987466824928	0.261328464015881
0.236193486741982	0.00374395995637138	-0.0221575144383028
0.0315837067357088	0.119785254701922	-0.129085291535481
0.00899686871951516	0.0120787441591962	0.0149483869599903
6.57624757050492e-21	-0.0138830209556591	0.00128071430388215
-0.014382747290214	-0.00387119273479145	-0.0151896038827253
0.0143285413111523	0.45863540927553	-0.176839524019482
0.361397646626237	0.0697910101970942	0.349112463934261
0.373093022199157	0.104232561085815	0.439872815428991
0.00687689402658885	0.502923000844745	-0.130250104749764
0.429214588892521	0.0554528497053323	-0.347195440288102
0.403962241023683	0.0728981930479973	-0.387993693911146
-0.00133980687074903	0.521910878330603	-0.0120075430422433
0.401397184331162	0.0792112900829834	-0.401420757511044
0.00681201147108467	0.0308884386040017	-0.0241774298717973
0.00236481950222257	-0.0167912987539875	-7.60492033860536e-05
0.297106035129563	0.0673512536060785	-0.311585697869504
0.389115821286373	0.0510741718277719	0.309097715233333
0.0122404101847214	0.384430757010928	-0.145241065174414
0.331476612986887	0.0361775505420124	-0.225842272371629
0.387727610513487	0.0827770385704005	0.400758592045609
0.359697751216671	0.0789877727607246	0.372073951785561
0.392668792199594	0.0507592538253735	-0.314209157093912
-0.000986005580939486	0.497026301818364	-0.00567422255015874
0.114451509998235	0.125296275650113	-0.255758018745354
0.0097490651623812	0.366024708088164	0.110809165165
0.00981169683674599	0.0344190825961465	-0.0267928313033529
0.0391944373415427	0.104654571746172	-0.12320013693814
0.0159643985160863	0.00298808735695488	0.00179471237062079
0.0102943171176396	0.0893145213928268	0.0529698481905722
0.408388716093536	0.0622353130888724	0.356929159647184
0.00658362048194925	0.451840982935336	-0.12082104686252
