9.84810099703528e-22	-0.00875744822733579	-0.00323531204556012
-0.0081320389366431	-0.000857979786204103	0.011573026941741
0.0295426590248608	0.00108935171766513	-0.00624369210540832
0.0101393741371624	0.0597314535857055	0.0418655707042387
0.00586258585983291	0.0802541735819786	-0.0352097014516315
0.0967980913504193	0.0159355238011388	-0.080953295921444
4.35012684189314e-05	0.124094339531073	0.00483827072215901
0.102799256929914	0.0201466382457822	0.0944790760036096
0.0921062413890213	0.0283625602788026	0.105534173529387
0.00416768680121141	0.117430461620165	-0.0467670486962934
0.119591354715731	0.00211676599939861	-0.0348189622093397
0.000719503052684948	0.119334957366065	0.0195721904614156
0.0746419215886237	0.0435601928619585	-0.117213809488961
0.101454658681301	0.0192258781357727	0.0912259510144713
0.0124116044087197	0.119142105659723	0.0798848268732314
0.111239903783894	0.0189087223183098	-0.094698987620833
0.00817878600645204	0.120149070782196	-0.0643147539066104
0.117159247252568	0.00939480442756616	0.0693885149061832
0.000726305043085654	0.122453851057824	0.0205152403570424
0.112416285986248	0.00982912589560612	-0.0687438255842711
0.107388255387961	0.0136430835403785	-0.0785263544978048
0.0793678136679851	0.0173793907621338	0.0758008410354682
0.068837206716269	0.00241273736916312	-0.0063709670624903
0.00986159925530823	0.0391023825620845	-0.0377963136964082
0.0035038559396558	0.00241532538586582	0.00223782216602442
-4.95513007674914e-21	-0.00984536535421164	0.00106997592985707
-0.00999538132357209	-0.0027279542068668	-0.0106174962705257
0.00361478334692544	0.118214234647405	-0.041200090780623
0.0882810075228421	0.0255453873454309	0.0964326348452236
0.0849950049257269	0.0346319478819862	0.111315842061231
0.00170807439355375	0.123126120173766	-0.029677020465714
0.10489975861685	0.017380844619439	-0.0882503817580194
0.0969876952051943	0.0243846021888089	-0.100765349433715
-2.11111887988505e-05	0.12898811344576	-0.011415029573743
0.0984258427747489	0.0258544031166434	-0.104207669629303
0.00249853642094886	0.00814640974159742	-0.00524721988160885
0.00169533080844748	-0.011579160152948	0.000203683814947176
0.0768066689355423	0.0226580463389516	-0.0855596479620681
0.0949561206301669	0.0188595956472354	0.0864893710274004
0.00314145824505717	0.104822309181144	-0.0351151074353253
0.0886346197227645	0.012589314863991	-0.0645457627325078
0.0913665432306251	0.0292968086418264	0.10658760240117
0.0874179941843429	0.0287335034178971	0.102985286884421
0.0974566366931036	0.0164850774569359	-0.0825264789472691
-5.22151237836455e-05	0.12255476000738	-0.00556097243855197
0.0321448724966039	0.0398328992893252	-0.0722076941578633
0.00281622646405444	0.0981694191759535	0.0259370321200822
0.00311905226381712	0.00982923038728482	-0.00514620764084882
0.0132565784442619	0.0332265232533477	-0.0368050734454775
0.00290031833771999	0.00209249874252741	-0.000291464326635218
0.00383619091689839	0.0283133282019218	0.0144731460298369
0.0970827523284468	0.0228170358971565	0.0972303646270343
0.00179410266325393	0.115388201458395	-0.0282093359961019
