-5.75905669644744e-21	0.0102973632079751	0.00378680269708978
0.00898213931152211	0.00171655534757583	-0.0138143801834299
0.0371699669021243	-0.000329860266636826	-0.00524806863104429
0.00602356926800408	0.0474324457818904	0.0366329961289095
0.00320794899977706	0.0602537662712925	-0.031904543384769
0.0591570324409274	0.0100142188515779	-0.0498068992814306
-2.36339911030752e-05	0.0715547050489205	0.000997343057109673
0.058384990933027	0.0121990656546177	0.0561940500861815
0.0521988657102595	0.0164038261702714	0.0608050487928998
0.00226535464372373	0.066451364062948	-0.025972283371164
0.0663808747565146	0.00130986866109245	-0.0196807151393645
0.000400687867812732	0.0644633164192972	0.0114384959380519
0.0395620092599516	0.0252281858711845	-0.0642164601639844
0.0578117709545043	0.0122354295478607	0.0549358301970053
0.00533443738832776	0.0708596750011077	0.0404820925666414
0.0656451030041469	0.00960877569430227	-0.0512457246320578
0.00583425282744137	0.0675103545764047	-0.0402069860129883
0.0663390676731786	0.00610846348898373	0.0433637941966424
0.000354233529557927	0.0674607740550835	0.0117823306524125
0.0646283974551502	0.00565504854583622	-0.0392994123540428
0.0625857882604722	0.00790579899512336	-0.0457268038378421
0.0537337962477126	0.0119199919695636	0.052268637260561
0.0551949318104705	-0.00239177264345685	-0.00121543796014324
0.00591868880719748	0.0396119463411808	-0.0344820881994211
0.00330800782242614	0.0150048661395743	0.0193288076295016
-5.85287297435445e-21	0.0124510007468472	-0.00154482965878858
0.0106089823323025	0.00298710492269604	0.0114163067711637
0.00217814135998467	0.0710628196066753	-0.0253631345313915
0.053120471513909	0.0164477251442142	0.0605609166898051
0.0475760542260211	0.0195403443900757	0.0625232398232382
0.000856875178245934	0.0700945274931805	-0.0167373504850998
0.0606076670281828	0.00948979338820661	-0.0490820313336502
0.0556935207190339	0.0143145784974511	-0.0581079629658116
0.000254888248344479	0.0740033997496852	-0.01055521036002
0.0574825109889215	0.0147950987746151	-0.0597483138177452
0.00379724825138754	0.0219224195761143	-0.0227022601839204
-0.00175082103894539	0.0124300158433962	-0.00196901845618739
0.0478721685936189	0.0163261860871416	-0.0570533527519961
0.0574474139330279	0.0113899555211271	0.0520482803215953
0.00212990179390647	0.0695951516669909	-0.0247278516206983
0.0600666353659407	0.00699767455931607	-0.0436455277278282
0.052307344001366	0.0177202634188117	0.0623436170456206
0.0517813357619024	0.0192195095572756	0.0645012642452885
0.0577884254421517	0.00991460606251421	-0.0489622512058236
1.79025150732391e-05	0.0713270696870388	-0.00421772113691327
0.0230731025354119	0.0329829723654548	-0.0573704427176924
0.00140028953106163	0.0640522618435692	0.021327988906824
0.00355405903129459	0.0239709014249557	-0.0224441518715602
0.00918793268397094	0.0328678419009891	-0.0397588875259148
0.0198679205787972	-0.0018085045714218	0.00363498437086336
0.00338702431632217	0.0321279446896777	0.0263800916149142
0.0560488108269589	0.0140961441087618	0.0579801825153366
0.000961156814592951	0.0704285375403538	-0.0180012243906869
