-2.50908509996947e-21	0.0212068118061208	0.00718659704618845
0.0172223273768946	0.00463332575038644	-0.0277168637934717
0.14655693574282	0.00125302058564765	-0.0233023250177165
0.0319025053048769	0.231232081583821	0.180736499325693
0.0196960690420485	0.303125932877198	-0.176003295925469
0.390607398576622	0.0495667387392761	-0.303964563521267
0.000844582846366172	0.492730944578509	0.0456030700220044
0.420719424034453	0.0563707017922234	0.338002551123325
0.381688123091687	0.0848493217272662	0.394713651265032
0.0198050617238623	0.466104161271555	-0.215310616589275
0.48960383057628	0.00660036708096093	-0.130114975592117
0.00426498590537509	0.495398743735852	0.100750860493952
0.323510370412992	0.136408792669996	-0.467459817282363
0.41860612389174	0.0509650763741835	0.322583535687305
0.0666916826990212	0.425469063449813	0.376352270995233
0.434543723625462	0.058593288726113	-0.356786100901251
0.0300028862686497	0.468017845894941	-0.263014193528935
0.472030555541447	0.0236383738022767	0.231222770390426
0.00445965494776434	0.498530100867676	0.102745325874357
0.454375880079487	0.0275167447966645	-0.252364741305459
0.434242066807537	0.0384531580449607	-0.288131614773863
0.321627401262414	0.0508392723483765	0.279731576117222
0.273177388405185	-0.00738856705094905	-0.014357853289952
0.0317656982815844	0.161426403739693	-0.158576810050475
0.0125375532800242	0.0448216320674608	0.0564098419856933
-2.23914431743965e-20	0.026077150647434	-0.00272833616271936
0.0200251213322149	0.00573807205426591	0.0217104980837431
0.0152204060573743	0.458412562346144	-0.184693376975557
0.361673743823589	0.0728559416614846	0.356838079388173
0.358653634616697	0.105039146305951	0.427749418114588
0.00858023585351993	0.490524597276905	-0.134931255331441
0.419793891605931	0.0551646682818847	-0.335621411781543
0.394925832250471	0.0716515072309339	-0.373853676683196
0.000211109441817177	0.508738259337036	-0.0213274901865122
0.393009259065927	0.0778542671747045	-0.389219169567617
0.0131844641167221	0.0724478396652973	-0.0696513450378101
-0.00290735020323488	0.0238195206481785	-0.00602140537876444
0.301725458541107	0.0746043443759871	-0.329662010246342
0.392014294058476	0.0487614137279801	0.307011485337269
0.0133827542118242	0.404716107053984	-0.161438524309433
0.352688481174886	0.0327172967543459	-0.238441124076136
0.37829878227921	0.0849386142370027	0.396149894596559
0.357097287219539	0.0841846518593184	0.382146498219954
0.390047094753878	0.0512350800865606	-0.312399812033446
0.000201691434957509	0.488595093982645	-0.00868335148042211
0.128043594469476	0.147533500287234	-0.298122437128043
0.00892185506682345	0.379737204057991	0.130571257353663
0.0161020466155728	0.0767844321703775	-0.0743503942405781
0.0444818229397311	0.136136974188202	-0.172182275660625
0.0592052666104438	-0.00282977474143171	0.00987229397224503
0.0146824635796867	0.129408990243723	0.0990287070041022
0.401311529584068	0.064565689343253	0.353636806851647
0.00722650727426218	0.455035415803542	-0.128802590946626
