-3.05335970677025e-21	-0.0110737169723413	-0.00398727465630557
-0.0102093402917697	-0.00105638622399212	0.0144409175023667
0.0591272062928871	0.00146705561748542	-0.01171815044607
0.0194675096766437	0.119310569423259	0.0864492429310062
0.0119403745613301	0.160407271666162	-0.0765446907046288
0.208516403170908	0.0303675217883717	-0.169072437052099
0.000258900597265071	0.268919555395344	0.015990210828901
0.226160496031287	0.0372145111810053	0.196539101772737
0.204503707555111	0.0538252780898313	0.223813095260709
0.00927752685721508	0.256429563090572	-0.106248696948608
0.263573511936488	0.00438191020185948	-0.0766716550669085
0.0021078560981517	0.265584351064513	0.051225165304909
0.167689041184866	0.0878271269208561	-0.25783801052174
0.223473010744213	0.034871898641659	0.188140621338635
0.0306417170318252	0.247324606701415	0.186696335534746
0.238847250941647	0.0369482396853731	-0.200605045220028
0.0169454849496449	0.258560832149561	-0.140915984617608
0.255658946568655	0.0166004669478529	0.139984201611231
0.0021449810777036	0.269286039229373	0.0527567462126203
0.244733541592561	0.0190748025965904	-0.145630150066275
0.233749416531908	0.0260129912903328	-0.165169336178604
0.167444825394704	0.0318402939199222	0.153431801307263
0.138951291505719	0.00321970503418231	-0.0124884127502329
0.0190805969868424	0.075630935234275	-0.0766278358613848
0.00620982726180758	0.00709689559890965	0.00822066075957471
-3.58395091374708e-21	-0.0122341767586925	0.00122776516791013
-0.0126302651438307	-0.00342940903978972	-0.0133874802054709
0.0076659639828185	0.251308481385712	-0.0908414750183309
0.192142890036793	0.0471300136053825	0.199537615045797
0.191041421086161	0.0662677823633311	0.238686050030821
0.00354444992513598	0.267384502748403	-0.0649141934148735
0.228382892977465	0.0338129034197479	-0.187745931273319
0.212852103140103	0.0467216517276685	-0.21360094053806
-0.000237889661304773	0.278721934322231	-0.0192037455343005
0.214102992645979	0.0496820429657455	-0.220316966706505
0.00465804305151779	0.0186453068798451	-0.0140801239633756
0.00210314197525476	-0.014674858632547	3.95086246296362e-05
0.163206561364382	0.0429688317860001	-0.176819965908435
0.206729613188364	0.0347154379755344	0.178061085556249
0.00666555251799572	0.217466145509673	-0.0767240110893522
0.185462738203562	0.0234278789760879	-0.13110446965128
0.202138949594865	0.0546179641328516	0.22374018978466
0.190716787533879	0.0530041190636615	0.212727300249703
0.210887256684891	0.0316999818765864	-0.173629259550251
-0.000221059149060518	0.265694613098142	-0.00897510375642971
0.065886703142115	0.077343442261592	-0.147878499633978
0.00558311103519435	0.205195851964745	0.0572161951169033
0.0061384928689736	0.0215447142915977	-0.0148422625900009
0.0248858742628573	0.0648100442547709	-0.0743493421441362
0.00914131295681526	0.0026494862862854	0.000605048354093551
0.00689945020942129	0.0558584985896141	0.0315085318972418
0.213847971023238	0.0420923778294342	0.2024279368517
0.00370531362719498	0.246364037990378	-0.0624834400274174
