4.4319700704504e-22	0.0130393940357412	0.00465931068348239
0.0112463151860463	0.00242133862067761	-0.0174390958226864
0.0560000190746754	-0.000190106427710759	-0.00822377486658866
0.0100196382721444	0.0740776517249073	0.0575769527325048
0.00528059717031274	0.0948420539126198	-0.0498561422433174
0.0959036950323788	0.0158899039010304	-0.0800718602403156
6.12783235022441e-05	0.117058666743321	0.00377221989402097
0.0964144645143278	0.0192736302429737	0.0890274369307497
0.0859033763362011	0.0266616681330977	0.0980202333608542
0.0041573386069618	0.108586594863799	-0.0442894587610138
0.110034182901942	0.0018976874238546	-0.0303441874992654
0.000632855692184879	0.107822649878203	0.0165014790851066
0.0679323663791143	0.039277461927116	-0.105844408424541
0.0956060640651922	0.0187117997859271	0.0871291993696322
0.0106167069315253	0.114145816959057	0.0720146245117965
0.106413082401362	0.0164662797665032	-0.0862834612813676
0.00873911605101092	0.111487694144342	-0.0634415549229664
0.109711925657433	0.00926075137415147	0.0667639760753856
0.000613752622360454	0.112147368810556	0.0175494240276989
0.106326309469885	0.00868480802065363	-0.0630714173714091
0.102322966921396	0.0123620401142311	-0.07359427400848
0.0863510303249115	0.0182422197924209	0.0823172707919279
0.0865701132808198	-0.00298824082061116	-0.00272001210688708
0.00970850990675818	0.0602996577473221	-0.0534770754493093
0.00522201531591308	0.0212182887281408	0.0270750712967073
5.48923787260243e-21	0.0159177627645912	-0.00181570711778386
0.0132254017688375	0.00373171138531031	0.0142446443590421
0.00378128253159581	0.115346727925284	-0.0420974044045513
0.0867393840261414	0.0253283131042523	0.0966484987685892
0.0781869532769218	0.0322513374036583	0.102457478441917
0.00189988438722036	0.115210967365742	-0.029308971951047
0.0988641212396919	0.0158958365293743	-0.081237138535659
0.0911786475326015	0.0227253711984252	-0.0937905231050603
0.000344016820309106	0.121300521841495	-0.0138043289090769
0.0932794437978917	0.0240134934679978	-0.0974118192397256
0.00568157422208578	0.0317779589870129	-0.0321462168272563
-0.0020549206493279	0.0155157959738282	-0.0028006311816713
0.0774695756654026	0.0253897368924954	-0.0911498197658229
0.0938661191860922	0.017431019352218	0.0830939673177073
0.00344069393032658	0.111399218869991	-0.0398323539872202
0.0961182669893654	0.0110365162347066	-0.0691104511947317
0.0859398561784891	0.0282508881222713	0.101012636790621
0.0846832260109224	0.0296625753991634	0.10335949203575
0.0940416847968372	0.0160284138598653	-0.079681789176221
8.13791910607306e-05	0.116330743557449	-0.00588743418057953
0.0368429505190175	0.05094359277549	-0.0902980889522871
0.00244704080749114	0.102708064734556	0.0342833418127065
0.00553126948742143	0.0346332643369489	-0.031926098297121
0.0146967162792873	0.0502870236122718	-0.0607306727750184
0.0280312004195916	-0.00208228202725293	0.0048711617669832
0.00543773791375549	0.0486664318590967	0.0391010148369288
0.0921307103940429	0.0221466660995989	0.0927559374987724
0.00176771834508811	0.114057082179432	-0.0293724240357854
