2.86429690274772e-21	-0.00852730042642885	-0.00298882347296691
-0.00802738776533749	-0.000827901790644146	0.0111284691244774
0.0257060820130295	0.000865076620888614	-0.00529395027746744
0.00778409978415065	0.0444610594791488	0.032676221608996
0.00402835916189985	0.0584993693075674	-0.0263682119286934
0.0575830533098175	0.00972729381357655	-0.0478420445127576
4.47817121270846e-05	0.0688149483815688	0.000571294093336251
0.0559085061742492	0.0122141067581455	0.0532306333980476
0.0496061045230317	0.0161806834400341	0.0572302706178373
0.00257327946870566	0.0626060805811975	-0.0255485802536795
0.062683673557821	0.00116945487196761	-0.016769783139682
0.000384514395972151	0.0598558684633888	0.00906548050428553
0.0373610092450376	0.0228848105666363	-0.059226968388954
0.0555199305342929	0.0121861370645497	0.0528471338289792
0.00503580135894979	0.0688477301807711	0.0380409949125421
0.0637847366846527	0.00880380079392251	-0.0480643268557357
0.00613872221542961	0.0643195074139752	-0.0392842208967406
0.0636093771566215	0.00625289819362133	0.0415504118254484
0.00033747938424728	0.063410571006304	0.00949624691557208
0.0624332534850751	0.00502390143848755	-0.0365684798021392
0.0604409347541907	0.00754222886555711	-0.0433577172489817
0.0521749709066382	0.0119822685933063	0.0506312567203897
0.051548630662585	0.00144034218112681	-0.00350392723709036
0.00775070380458218	0.032708081178154	-0.0303742572716487
0.00327764697150779	0.00260975216753384	0.00253612841972709
1.62937134698483e-21	-0.00946760998774325	0.000895332664762275
-0.00983364281558198	-0.00268430801666442	-0.0104464539115824
0.00236292756935382	0.0694321452061928	-0.0255725721517489
0.0516390499643234	0.0163257656103589	0.0586719453797567
0.044479521528943	0.0190857036570169	0.0588927429266643
0.001209638669248	0.0670832774149439	-0.0175477700161144
0.0583091523874657	0.00926290592845336	-0.0465796049361295
0.053420126913279	0.0138012186259246	-0.0547126156633947
0.000585009035857764	0.0710528844313008	-0.0108937596909156
0.0553811179527176	0.0143291731096515	-0.0568099025540856
0.00237327624344625	0.00788362312571869	-0.00533655475305875
0.00152037632068806	-0.0113485414067596	0.000171188255937851
0.0478603681826384	0.0154479310532384	-0.0553375522452211
0.0554929385511615	0.0113829831861075	0.0511564945653457
0.00217473878776433	0.0682155604593645	-0.0238369729230884
0.0586449163144508	0.00763443219559888	-0.0421431967987156
0.0500216919480133	0.0176022060313683	0.0600742600912279
0.0503094549848272	0.0188342523332015	0.0629643118143232
0.0563979149723274	0.00966572681654044	-0.0474024454305264
0.000209355998211368	0.0686335418600443	-0.00464656992922559
0.0229877703595177	0.0302265175127806	-0.0530788186571423
0.00183492562304668	0.0631102047258835	0.0189526595636044
0.0026968652784171	0.00942261454942005	-0.00493342170891131
0.0106606202707936	0.0277208406518863	-0.0307106558519464
0.00316260237980983	0.00195448349171017	-0.000388225429026516
0.00352190210788749	0.0240629402084516	0.013369100060218
0.0537985084828308	0.0140941742093839	0.0556332608525943
0.00123090349925009	0.0685170156946492	-0.0176786291413239
