-6.20750036846373e-21	0.0193106087695465	0.00650269407399558
0.0160295191413671	0.00411430633495281	-0.0254686837854247
0.103323612148088	0.000209217603143676	-0.0151191097226073
0.020185274455498	0.142565331846553	0.112354318901437
0.0110980370097653	0.183601127188658	-0.100435644902388
0.200921263200902	0.0293302082545062	-0.161734994138564
0.000110425924972805	0.247183069140781	0.0102898516208901
0.205977436393116	0.035445072174653	0.181961920640608
0.18509983749985	0.0501230067693702	0.203492068414623
0.00903529974799072	0.230809575418684	-0.097949011926104
0.235950536470822	0.00383823064388739	-0.0650786089383726
0.00169703088487744	0.233358976867926	0.041943347791932
0.147836389518207	0.0781659519631944	-0.226810377812524
0.204225645288892	0.0340015065867437	0.176963457751857
0.0244483551370274	0.233488350060313	0.161182728586968
0.223695531694402	0.03085034692511	-0.17654091034028
0.0184295264089982	0.232854674859109	-0.137802599874896
0.232789007521233	0.0164225470625619	0.133710194684352
0.00164772917727497	0.239961430400501	0.0435155941314302
0.22533279572288	0.0163948303046798	-0.130123633211843
0.216958783660359	0.0230617983294162	-0.15060606598508
0.17554731022618	0.0330313737947659	0.161737786718692
0.167931820944174	-0.00467812819517422	-0.00604216531779302
0.0201051861368501	0.111085713564933	-0.103525758903915
0.0098660487427505	0.0363298797552362	0.0458727091037863
-6.05122564421058e-21	0.0237219030478613	-0.00248132490750312
0.0187312723542015	0.005334640766167	0.0202549995625518
0.00777401823958047	0.238503241268427	-0.0906439914115912
0.182811722705712	0.0466105213207083	0.19508863975062
0.170531140652143	0.0609979439168803	0.214738392127685
0.00381515124836636	0.243450553023663	-0.0628783267248925
0.210181314839855	0.0299985371250554	-0.167503338120183
0.195059345264961	0.0426399165041332	-0.193533957883485
0.000615075549187758	0.255415949698101	-0.0273991816467073
0.198287870038468	0.0449210169206316	-0.200221283272792
0.0102842666623952	0.0557472624219691	-0.0550654097474068
-0.0026525194253141	0.0221433233930603	-0.00502338437987656
0.160493773872039	0.0462557455424266	-0.181854259046047
0.19757626237097	0.0320107796856827	0.168106825788121
0.00714651833801258	0.223924189027697	-0.084074493929225
0.194641889951673	0.0201823184321385	-0.13544905702103
0.184574666003464	0.0522376482924465	0.207540710526138
0.179298861148031	0.0541162804902292	0.208572222224931
0.198360126043658	0.0296726325734789	-0.162201225200191
0.000157516707765962	0.245549363209916	-0.0113526048292365
0.0743107129805949	0.0941504400224914	-0.177239396777787
0.0049978768039818	0.2081091009283	0.0700929540864246
0.0109610079223625	0.0603179593006941	-0.0561578422502406
0.0291356041538563	0.0927691667362865	-0.114509410558589
0.0479390618625747	-0.00266212520822247	0.00768299301412509
0.0106828630428901	0.0901004861027897	0.071120415554949
0.196938482848862	0.0406976743121589	0.189426603321597
0.00363964691206666	0.236392009979483	-0.0637495748115522
