-8.03701007845988e-22	-0.0110922967634379	-0.00384081826285322
-0.0104393859829803	-0.000966762671655221	0.0143298054202733
0.0543001178790213	0.00131581528542529	-0.010428582596273
0.0165336348779843	0.0977460196706778	0.0725381941798062
0.00930784591178474	0.129732424210448	-0.0610015145213533
0.150853321266196	0.0232237278043811	-0.123576611906615
0.000123347972922429	0.190263314534121	0.00768355026843406
0.158328466315314	0.0286782318550711	0.142053403915248
0.142240470170298	0.0403626120931391	0.158702566216232
0.00659527162405675	0.178965100631769	-0.0730073463572296
0.182282489492672	0.00316955624884249	-0.0522068543117927
0.00128676556941682	0.180917262029637	0.032068392768763
0.113679744556236	0.0634134711566116	-0.177011121968337
0.156439280135561	0.0275413539781732	0.137619831181617
0.0189176229748687	0.181101906706211	0.123449210682216
0.171584645187126	0.0260258399728834	-0.140082941327439
0.0134408194990612	0.181720504073935	-0.102625536905012
0.179541963181687	0.0133566047492662	0.104424221896936
0.00126184629372446	0.185974427623343	0.0333560076387333
0.172656447246587	0.0139092495106278	-0.102923725946104
0.165555921576467	0.0194275740348906	-0.118160682281119
0.127035569875712	0.0256504435307717	0.118456371474915
0.114168085742977	0.00253053546360126	-0.00879300887427396
0.016261454409229	0.0673815319217392	-0.0658771153309981
0.00617759087746931	0.00770280493741662	0.00890556420615568
-4.92110342303854e-21	-0.0120763342871619	0.00109139999101805
-0.0128815955796947	-0.00350031529781744	-0.0136580804033125
0.00571326567567667	0.1820482206127	-0.0656577915038928
0.137893037006625	0.0370050679666471	0.147658423792116
0.131187023743508	0.0492366885655614	0.167409946757786
0.0026838764927276	0.18800104774323	-0.0462858322273551
0.161431945441205	0.024620782443396	-0.131881399713734
0.149461784877149	0.0350396352162824	-0.151812993292263
0.000232606287270795	0.197280503627781	-0.0193187048523298
0.151978982404696	0.0369035787143431	-0.156807191215825
0.00469060444481506	0.0186981348009166	-0.014436956879376
0.0020018572133355	-0.0148957522831155	-0.000100402544816116
0.120802605445749	0.0342573981966427	-0.133874887399172
0.148201034921638	0.0268358371820365	0.130830055489935
0.00507188895420178	0.164902356086982	-0.0575630484086616
0.141228019870612	0.0179926246608845	-0.100341711588107
0.141326555275639	0.0419319798757243	0.160934767448179
0.136096745351301	0.0419383244408781	0.157773297591003
0.151032816668687	0.0238536192246795	-0.125318224141973
2.57233227442916e-05	0.188352189180412	-0.00858467640817938
0.052509558982386	0.0644105874559401	-0.119439753282116
0.00442235728896294	0.154530290181257	0.0449034006261922
0.00568179724958112	0.0215150877200491	-0.0145363712011943
0.0216903908580599	0.057422494407557	-0.0655048964187837
0.00989390214332631	0.00261583443340545	0.000398706019228638
0.0067663201304735	0.0504516790927325	0.029982435492066
0.150214546030696	0.0326845921115582	0.146764315264611
0.00283081694036539	0.178776619962938	-0.0451667298437004
