-7.4894912827641e-22	-0.0125733431638949	-0.00440557723800083
-0.0115273853457186	-0.00117730441289113	0.0161698655221178
0.08782291348842	0.00168595128264535	-0.0170213641972823
0.0289343512687117	0.177654622332175	0.133745708043635
0.0183162001001662	0.239389886527557	-0.121693988142942
0.329307260088218	0.0429141463013112	-0.260537038887525
0.000640145690717839	0.427679596104808	0.0373674432745611
0.365303551993555	0.0497170504446411	0.299021140818541
0.331921411031924	0.0746996313069155	0.348073425327502
0.0151795965077928	0.409034836808848	-0.179418453010214
0.426529706427431	0.00583460587070852	-0.12015501612041
0.00352383631332141	0.43321611158521	0.0892698535198376
0.280458062733643	0.12571376381725	-0.412981677322829
0.361301227044461	0.0458865243154511	0.283398323847504
0.0575076025400256	0.373872740603877	0.32538520896532
0.376816983277741	0.0552831503344832	-0.31908936636776
0.0243785085019672	0.412532299227626	-0.222072992467941
0.411062768207594	0.0209732796559903	0.205192786503163
0.00371582343864834	0.436019963114497	0.0913746478074918
0.391577515565187	0.0267732836343248	-0.225911026148016
0.372901466366256	0.0362106691285767	-0.255217551773952
0.26131408153371	0.043213405381695	0.22930687462791
0.209544635599047	0.0035611311864656	-0.0189855756819651
0.0283159244925448	0.109907640542122	-0.115900082575957
0.00865524722413542	0.0117437516139635	0.0143865505950137
-1.36638898580425e-20	-0.0136461735397174	0.00123391561004979
-0.0143337415838056	-0.00386528658879785	-0.0151495847292277
0.0122255257106153	0.39301928831048	-0.148832245021873
0.306873201756161	0.0637162414884367	0.302965557215053
0.312823278252659	0.0936594122548481	0.375907566719874
0.00587327146466986	0.426910483470591	-0.109233475127747
0.364277380130302	0.0491926802259561	-0.296425094327805
0.341700945336988	0.0654373561894878	-0.332687658435781
-0.00101006740330318	0.443764731271553	-0.0163293648265385
0.340859494732615	0.0707199523889584	-0.344088028978326
0.00658831240568775	0.029235294062736	-0.0230042058618048
0.00231480360854579	-0.0166865718344974	-0.000151643247774533
0.255146503315649	0.0606592952699389	-0.270471838875883
0.330365408145367	0.0466367268828307	0.268657860788375
0.0104694589199342	0.333568415720894	-0.123366523157007
0.286867373881355	0.0325602530120055	-0.1974893038872
0.326999577255067	0.075112245860439	0.345298868556727
0.30517900062068	0.0720053022252334	0.323058291030259
0.334246728364036	0.045277220681025	-0.269849069951319
-0.000725852947555491	0.422310741833381	-0.0077768404184359
0.100485901826386	0.112555386253778	-0.225257753885735
0.0085553611269607	0.316537426099507	0.0944241791175836
0.00909155269589873	0.0327355815826491	-0.0249348279171571
0.0357972690358414	0.0953668201600385	-0.111732072951856
0.015453020858634	0.00295997419323109	0.00153403535597938
0.00981741432474208	0.0821713578239813	0.0490811800740962
0.344946869648246	0.0567687739057681	0.308761571689755
0.00568291639455672	0.386547424818218	-0.10173153504659
