-9.47814492245482e-23	0.00524331015576538	0.00202423918698433
0.00473030889762967	0.000742404199549453	-0.00709799704479715
0.0142057902384169	-0.000284732242087454	-0.00208337023398206
0.00169680583281137	0.0182330935506146	0.0135782525651445
0.000810315628656585	0.02343755033196	-0.0128227710487437
0.0255890961466555	0.00492067891180809	-0.0225318329696829
9.59442906548091e-06	0.0322358945945653	0.00186931514467271
0.0265573358502891	0.0058952397150234	0.0249807863386954
0.0236707988935402	0.0083314959630684	0.0279283054612285
0.00109470780353897	0.0306959706470236	-0.0117312493340964
0.0311430061283752	0.000729821984766701	-0.0094649673073984
0.000227931148350253	0.0312527358747098	0.00516668116972065
0.0189748262141615	0.0124868730228523	-0.030989736907133
0.0264138342449647	0.00545006484560174	0.0241698077765344
0.0031926018197398	0.0311600106274423	0.0200912919767602
0.0284666687138654	0.0055439715106928	-0.0253276176482839
0.00198629723635819	0.0314169070792136	-0.0156861210765444
0.0303187821964237	0.00272444492452786	0.0182789438253585
0.000226079464255782	0.0318607580165769	0.00532882720410773
0.0292529240143855	0.00282121844340189	-0.0185614647365012
0.0279818113928277	0.00387672452349133	-0.0212466280915083
0.0220156009269488	0.00491063239615314	0.0216574069959766
0.0209476365408466	-0.00162237314979157	-0.000451821967587925
0.00156580147137848	0.0149738274828459	-0.0124074935831249
0.00106958315253619	0.00626690655637092	0.00824505800614739
5.97854938784829e-22	0.00629637569391248	-0.000821677459439926
0.00561150807220721	0.00157322238225557	0.00602757446136396
0.00084380590315064	0.0312834346138849	-0.0106402245833302
0.0231076961683152	0.00729494184770632	0.0265720042739175
0.021825263368699	0.00997318893380963	0.0294780270729397
0.000501326601662358	0.0321616907543816	-0.00738711893760309
0.0268498015528476	0.00531883931546477	-0.0238229009618693
0.0248781150351618	0.00710205121595082	-0.0267108531677788
9.5690739896014e-05	0.0333996846213282	-0.00237579873062728
0.0250625064561364	0.00761375307161022	-0.027813326279247
0.00142186216719736	0.00881602590337001	-0.00962687581152247
-0.000992803448801118	0.0065346851646784	-0.000791377571513021
0.0195169030659361	0.00735709825525266	-0.024505274677408
0.0254132324387816	0.00490031855457766	0.0227430898572878
0.000755073846142971	0.0289568135901365	-0.010024328010712
0.0244390592076936	0.00294394662744913	-0.0186825792908314
0.0236135477079929	0.00847449263832989	0.0283939037443272
0.0226622499545616	0.00858330606971611	0.0283223783161501
0.0251087904590112	0.00498186666421088	-0.0226208627762371
2.76534694445244e-05	0.0320287574868208	-0.000787432897359894
0.00873769431591936	0.013093592526855	-0.0226821018171249
0.000335410718909046	0.026323921825391	0.00893705817329096
0.00118769330207463	0.00966087398004487	-0.00938641244451561
0.00299860358978155	0.0121695853671676	-0.015382201530004
0.00835408000184886	-0.00103090864847878	0.00175161694575239
0.000996329990509062	0.0121539397655094	0.0105785500988942
0.0253902653849611	0.0066349923055765	0.0259852645198674
0.000323715364323466	0.0307859547681524	-0.00755718789654999
