1.88495592521299e-22	0.00838963743872837	0.00361632713528026
0.00750334051045249	0.00106295582632424	-0.0114720496966885
0.0465158939895298	4.7897863645811e-05	-0.00897019850538995
0.00807517947648193	0.0810949161065484	0.0560608258650275
0.00465251718590431	0.109175048563121	-0.0576440464204389
0.149541028014082	0.0262122225863609	-0.129026219388162
0.000466273717456704	0.196294288690251	0.0211286896707989
0.165980115317452	0.0294887313755694	0.143150644747438
0.149896404355267	0.0443486298906546	0.167461510778949
0.00677359045427588	0.191778096261926	-0.0750687563692029
0.197959262579257	0.00434123203898889	-0.0611764875667197
0.00193804553592596	0.204205525816972	0.0404205240103037
0.125754179728186	0.072021443045138	-0.199591919941656
0.165626418117767	0.025781929172095	0.135371589473374
0.0261469933353756	0.175912368083199	0.141803396973066
0.167112926610826	0.0336654936111331	-0.157168658563384
0.00911920496250776	0.19384964230592	-0.087038664950701
0.187863117160426	0.0121732116964771	0.0967015568059275
0.00205802034467188	0.203179962833793	0.0406614287502288
0.17940591602976	0.0157873047837578	-0.112466751839983
0.170069904869249	0.021293695540809	-0.126019949337899
0.117682663507245	0.0229488235276438	0.109351347007946
0.0922743237931082	-0.00481180881503438	-0.0066958761663253
0.00699481079856698	0.0541747320386386	-0.0468192868407525
0.00312919961284031	0.0144653042431841	0.0189736087063478
-4.50433284926618e-22	0.0102220581819054	-0.00158645818138557
0.00881181523947337	0.00248094712376758	0.00948207540001088
0.00468705920486872	0.18276494762631	-0.0616900094659059
0.13860010530438	0.035758043622842	0.146642225249079
0.141560769593511	0.0541407071622364	0.181489253576571
0.00295326037221469	0.198538848110124	-0.0443707437387523
0.163432623111996	0.0312713596662905	-0.147736064324241
0.153442011645887	0.038617492972779	-0.16025543073205
0.000179195855253243	0.202656437465402	-0.000328535812907154
0.150966518969937	0.0422225516539901	-0.166814985187968
0.00395985529804095	0.0226874342606855	-0.0237588526551789
-0.00187524014220939	0.0103029167833746	-0.00145556383264381
0.110156529353367	0.0360574390289915	-0.132110684811179
0.152210996758293	0.0241193532007154	0.127437607218631
0.00398140112510486	0.154463132926097	-0.0530850417615213
0.128765258567584	0.0160654253244646	-0.0974522011202418
0.148277273870253	0.0432528331007922	0.166316368519093
0.13734177422421	0.0411303103863489	0.156609382650002
0.149948521772831	0.0275106214860861	-0.134020903942078
0.000189186896828127	0.194296334490383	0.00115302994261288
0.0425530081797465	0.0572107228728429	-0.104870483136749
0.00235552623945519	0.14241603230859	0.0447406212625036
0.00402143886987967	0.0245800728325596	-0.023976106122948
0.0129326703417595	0.044484339351808	-0.0566060052062241
0.0193719464329276	-0.00176472329155371	0.00428915395166924
0.00328368909775838	0.0414856289947041	0.0316809902319951
0.157880169986972	0.0330330885158996	0.148769537812617
0.00199485462439715	0.179107047878199	-0.0426880401808197
