1.87802911115364e-21	-0.0118912810077118	-0.00418676697505942
-0.0110123965098597	-0.00108730960217553	0.0153892005655372
0.0710454867826625	0.00154063977253437	-0.0136496943527574
0.0227069349152607	0.138177049475271	0.102488751523064
0.0138527556519523	0.185029521675504	-0.0908759720108003
0.235740869932813	0.0331313740778167	-0.189012893067935
0.00021258826644106	0.301221707847779	0.0180401163749695
0.253490598441613	0.0402570545570319	0.218031299174489
0.228953490822564	0.0585004437077253	0.2485156944711
0.0106725477631699	0.285409974731775	-0.121405887577764
0.294368045204892	0.00441272572889667	-0.0827762864873646
0.00212198250192651	0.295690081205511	0.0549907014271402
0.188966072999648	0.0942818301526508	-0.285320183562534
0.250783456538866	0.0378790454116619	0.209245122161902
0.0346748825808348	0.27578367108263	0.211365217675926
0.268273612951974	0.0399506598355529	-0.222670566349412
0.0193344128262125	0.288430975413378	-0.160024633847668
0.28645043950464	0.0178679800385677	0.155126714458733
0.00218404876049902	0.300697503097258	0.0569366173425283
0.274755957359757	0.0202079599156517	-0.160375860403341
0.262568343477914	0.0278447861245159	-0.182850232550054
0.191889442741653	0.0353075023450908	0.174239967988917
0.161884806525036	0.00320050917619206	-0.0135894997243599
0.0224359739575494	0.0890504647861773	-0.0910816265566208
0.00737991192213843	0.00947180467814743	0.0112567292779801
-1.25785207786193e-20	-0.0129982330446268	0.00122760962483574
-0.0136400836532882	-0.00369778814945035	-0.0144481930183399
0.00897144942555395	0.282587543055212	-0.105186900851392
0.217096553317211	0.0516631701354065	0.223945577608376
0.213378761688843	0.0723943087501425	0.265294069634312
0.00428722301048043	0.299036453505819	-0.0759069987477851
0.256200040227898	0.0366201841013797	-0.208327316834587
0.238713998406709	0.0504078802877424	-0.236804299676727
-0.000281204212787074	0.312044030786618	-0.0222858093386484
0.240347299225398	0.0537554251504467	-0.244710710325269
0.00561995236504944	0.0235889852059239	-0.0183639791444167
0.00221122114799907	-0.0158405677311687	-0.000102534202293268
0.18579850366664	0.0478380534394811	-0.200453716436625
0.233557702613208	0.037670263336948	0.19875140887276
0.00780265645995082	0.247543977707203	-0.0896254052074534
0.21244122274947	0.0254569586227734	-0.14811307111012
0.226712841004281	0.0597368532295462	0.249487309216803
0.215145697992601	0.0584357186424675	0.239079073563075
0.237731095008073	0.0345555973949262	-0.193807853037457
-0.000283510529329237	0.297748196912121	-0.0105966659394539
0.0765072079479326	0.0888813481699463	-0.172036193130512
0.00637724799562537	0.233555703036995	0.0676259566723017
0.00741394285023238	0.0269063227729317	-0.0194874066159713
0.0290096180541383	0.0765037747657632	-0.0886963251873587
0.0123014474516044	0.00283732841747574	0.000977646528080321
0.00825081193921784	0.0665030248772347	0.0390961329704402
0.240098165267844	0.0458481208307056	0.225401994991659
0.00430946343614625	0.277637193156002	-0.0723650558025952
