-2.21090440811956e-22	-0.0015085063478267	-0.000442901151394302
-0.00140216569315391	-0.000238733753334782	0.001950126099955
0.000171714783839269	6.49268139625059e-05	-0.000181511691874576
0.000111469071837196	0.000564766263211961	0.000353826337629866
7.17006428738629e-05	0.000717440626744551	-0.000300196315074775
0.000542893304379609	4.63032298367005e-05	-0.000462169726419518
-2.85530396926665e-05	0.000774076437195253	-0.000104943206151258
0.000618286241780489	-3.05809334470506e-05	0.00082842295882709
0.000551229463454098	6.85758749650222e-06	0.000869619054147558
-6.76568890999031e-05	0.000771012728089011	-0.000212192822029847
0.00076374756120187	-3.50433621640233e-05	-0.000325443754752558
-4.23392957383589e-05	0.000749262724276203	0.000121266445086791
0.000582316208595456	0.00026862519119717	-0.000829243522130893
0.000563568643778491	7.980902775346e-05	0.000678804547946576
1.34042634843523e-05	0.000839558909599982	0.000543582333758453
0.000759944859175081	0.00020164194922387	-0.000830715299774499
-2.84681766229414e-06	0.000923597504357357	-0.000443384779147363
0.000771564421137943	-3.93267615530118e-05	0.000655516184159344
-4.02588499274342e-05	0.000883467753017607	9.5034923108879e-05
0.000643957027844258	8.89464333064223e-05	-0.000499920571330956
0.000597727036096168	7.807532692233e-05	-0.000506038815110079
0.000531426921890682	0.000139448577323891	0.000524148680798825
0.00063080644392517	4.56863138669187e-05	-5.43657660395031e-05
0.000121546683110034	0.000443960173250781	-0.000302442102552084
6.24486321780598e-05	-0.000525171186805911	-0.000722217937242383
-3.81373840641072e-22	-0.0017245516954737	0.000108424076065
-0.00168273313495473	-0.00046731318106432	-0.00180039062105695
8.44232839442486e-06	0.000663332145233403	-0.000204704118615214
0.000487242818552109	0.000169657043402581	0.000551839547577922
0.00056063777252813	0.000117212397092346	0.000824075171820157
-5.64196596048768e-05	0.000801991674263856	-0.000171757695384406
0.000697260385547478	4.34769076112255e-05	-0.000622322095038406
0.000582639811827463	8.2463601435278e-05	-0.000789323683664282
-8.14513894618514e-05	0.000896448488561811	-0.00017656461488415
0.000667452071682001	8.61677697412766e-05	-0.000739848937724863
1.0699850484937e-05	-0.000438982367545815	0.000593309823963852
0.000182795342962017	-0.00193969582311249	0.000152115124692741
0.000487055601139901	0.000141744809407661	-0.000524407869224933
0.000495757266458324	0.000149434364625264	0.0005338173822472
2.66953282939346e-05	0.000650229440248251	-0.000205489256824398
0.000594353117036959	9.52937872182342e-05	-0.000409678548657687
0.000521903692048717	0.000121010499089876	0.000701368476046462
0.000488814903361698	0.000173884771224438	0.00057331885820745
0.000564743676684805	4.69224920073421e-05	-0.000439181259494375
-4.1523089154665e-05	0.000709855797781568	-0.000110895695507827
0.0003017939910657	0.000393469759160988	-0.000648783983375396
3.59535288906247e-05	0.00064270963744804	0.000194495662397145
1.34246759719091e-05	-0.000435978344521842	0.00062905377450838
0.000226564223739047	0.000344812720349162	-0.000394330462423385
-0.000706901257628319	0.000246754359206634	-0.000190076700016575
7.08731484529213e-05	0.000224331403953582	-0.000104961685575634
0.000511967159518911	5.69338145026405e-05	0.000677142668297408
-1.19001290658556e-05	0.000641993261400253	-0.000136897914654212
