-3.28574652136014e-21	-0.0103987798494561	-0.00361229842373999
-0.00985414953779182	-0.000959385282875196	0.0135750265809395
0.0450468945769722	0.00114868119680381	-0.00847984182886827
0.0133580835580782	0.0795511326744934	0.0581492296851811
0.0076501080111834	0.104820956930114	-0.0492519505919811
0.11769792154658	0.0183182548490951	-0.0960704791564972
5.76729038501194e-06	0.147620682765843	0.00355987322568417
0.121855623879809	0.023532247189907	0.112032525706139
0.108633804089713	0.0329502587360945	0.124203985152461
0.00534935291698682	0.137526890090635	-0.0575479743441215
0.140547511162213	0.00208987645473802	-0.0377840884316503
0.000637551799842036	0.138680419745251	0.0201465215656261
0.0885750198994777	0.0484904595914659	-0.13525865055185
0.120197509546191	0.0228746538699578	0.108995357668094
0.013942506819053	0.143473902317786	0.093642651521587
0.134710217101728	0.0207330303383447	-0.109715696273225
0.0108265542915924	0.141673485256779	-0.0804924741997113
0.139110411439414	0.0111691029405401	0.0835155728032563
0.000635616066281197	0.143688053176108	0.0213630901136482
0.134137312260693	0.0106060208396043	-0.078711970319155
0.128538625385002	0.0151103702295364	-0.0911618080578828
0.0997239064079319	0.0214971427765062	0.0952427794144848
0.092397602166809	0.00218832890812393	-0.00626422349552696
0.0135779175997851	0.0559946468865902	-0.0542151991227747
0.0052854120916351	0.00615527275762804	0.00685144841411043
-7.67646839298463e-21	-0.0115157835113766	0.00107520873643545
-0.0121017389539455	-0.00331027224095512	-0.0128663302721752
0.00480879838052696	0.142024594465273	-0.0526555414488463
0.106279155030861	0.0306404750542388	0.116935287450122
0.0993740955968789	0.0403530936577134	0.130557471401257
0.00242718871581206	0.145516583064605	-0.0383836809724141
0.12552556497093	0.019323852956578	-0.102086877716328
0.115796894017272	0.027530928349953	-0.117557180081494
0.000200267135142209	0.153677051341581	-0.0172259760272932
0.118358919827462	0.0291761206382402	-0.122043093115135
0.00403581646916377	0.0151617080808277	-0.0115800615619273
0.00189607539523158	-0.0139796145576083	-3.21820730422996e-05
0.0948834107247827	0.0274013986209591	-0.105228794286047
0.11430686217466	0.0222140418003855	0.103767574165593
0.00423223123170095	0.130456339544813	-0.0463199190685983
0.111963483371175	0.0143073446711456	-0.0792082987802903
0.108037241606361	0.0346844865729851	0.126727605425082
0.104757004699719	0.034837041398556	0.125115313420867
0.117489919696392	0.0187224288755405	-0.097053211282084
3.20756002838384e-05	0.145856597393268	-0.00863992625914582
0.0423923422272364	0.0522411167524886	-0.0959492759213946
0.00339892037038293	0.121956981247539	0.0343545788878207
0.00479714887878665	0.0178506875819738	-0.0116087046867297
0.018154466985726	0.0472375806268939	-0.053856839589388
0.00778991003907522	0.00245809990880817	0.000213401786504408
0.00569350581080301	0.0419614187956134	0.0243948963580684
0.115226728790553	0.027034709878173	0.115837948352987
0.00241848831703818	0.139255771129884	-0.0364350531804262
