-5.1512176926547e-23	0.00880656020860648	0.00376875023255521
0.00784832781090117	0.00113066105653033	-0.0120137228259267
0.0497554688656349	9.03002263346672e-05	-0.00962769451672055
0.0087533643414881	0.0878791292660195	0.0605501901650489
0.00506817537869255	0.118484910517227	-0.0626996821476475
0.166694740760281	0.0291526923102638	-0.143740455128263
0.000663987667441286	0.221173848687655	0.026698498179301
0.188069202883574	0.0323288178018414	0.158946420432614
0.169366104098485	0.0497725194661416	0.188449370258661
0.00798253028478958	0.216461674833964	-0.0869617496108015
0.225603698000959	0.00451302735612462	-0.0670699435956291
0.00194048618215476	0.234148996563655	0.0428871076028491
0.146738292799029	0.0787687578262254	-0.22689350167856
0.187704376615204	0.0278039926047069	0.149566249156041
0.0322678454859564	0.195651409994366	0.166940874257369
0.187336910362221	0.0395297630551109	-0.181242352385767
0.00925346867085846	0.22121124386955	-0.0936368821257852
0.213384771784757	0.0129273139464526	0.10472059055351
0.00215150406080231	0.232430588880386	0.0432514987772021
0.202918327219834	0.017206406204169	-0.125768518124485
0.191392584084456	0.0234343689771883	-0.140842713370042
0.129605233145586	0.0248947366429785	0.119645002904105
0.0999632923621396	-0.00512179180803128	-0.0074289718418679
0.00760746007116992	0.0580723232361214	-0.0504202602419468
0.00335395022161081	0.0153208673837973	0.0200754321720188
5.23657129086269e-21	0.0107190189055568	-0.00165382777262872
0.00921402089665268	0.00259597213688933	0.00991776200220087
0.00541863623679121	0.204222187096478	-0.0700689179970102
0.154913026525256	0.0389725195752409	0.162367098059171
0.160149483524104	0.0614653650831588	0.206168589921394
0.00382972923401415	0.224766309547911	-0.0529495777208087
0.183875606468238	0.0360611291959858	-0.168615030768052
0.172986881174883	0.0427841516900476	-0.179766718777087
0.000244386568745854	0.229059864834404	0.00483417411007659
0.169271252336309	0.0475669558532325	-0.188347966775529
0.00421182061464244	0.0240954001815522	-0.0251378659196787
-0.00194741000467366	0.0107800026057068	-0.0015551363027339
0.121768694120535	0.0394695836300177	-0.145817043506434
0.170513510483027	0.0261281990496267	0.141100848677696
0.00440824013989298	0.170079873200237	-0.0587810171384968
0.141595471053661	0.0175658029428552	-0.107019194188464
0.167165640032895	0.0482677883656992	0.18694776710182
0.153784366298077	0.0448828692782796	0.173766267993243
0.167616148877129	0.0308858844285472	-0.150579812581952
0.000255023137070045	0.218335564526063	0.00278747695606792
0.0463696294917414	0.0618179794484905	-0.113995629176526
0.00258992106499375	0.156882541218597	0.0492353847885301
0.0043376522161317	0.0260756381154814	-0.0254523501008359
0.0139707366518918	0.0476654965397873	-0.0607242795284813
0.0205152100501206	-0.00183729496438254	0.00451172238224308
0.00354385198797108	0.0444280705851292	0.0337678988090647
0.178074657193868	0.0364246540037123	0.165700946580493
0.00237721957392266	0.19965034939363	-0.047969687315691
