3.21477865136205e-21	-0.00692782461068979	-0.00247833409799945
-0.00648205826400664	-0.000719735791818726	0.00912130022330694
0.0146004435331549	0.000684673619689509	-0.0032927747558869
0.00488885972623969	0.0271682388791662	0.0194162714082758
0.00250571179092107	0.0360089120407189	-0.0154681298085335
0.0357812092444149	0.0062915811556529	-0.0299546211838087
0.000111924037286419	0.042736928350903	0.000220819539244056
0.0346501121291118	0.00809826306325152	0.0332747767243888
0.0308824860371069	0.0104322988081656	0.0354833370134898
0.00167480199779776	0.0390034405810579	-0.0153935892936413
0.0386647131658319	0.000960193176279623	-0.0109935031390361
0.000393963755290705	0.0368116526574527	0.00652001710679251
0.0222062759871857	0.0149551448217083	-0.0366961901428352
0.0344052454676353	0.00798698995876574	0.0331483488475733
0.00291023047383298	0.0429340965444626	0.0222834097058479
0.0396810665213096	0.00522429635064583	-0.0289264699923826
0.00409406408133637	0.0395298985838956	-0.0246803010393942
0.0392253484886445	0.00429615229157401	0.0263176073265796
0.000342024825515255	0.0388624037335648	0.00671275427958217
0.0386627088622343	0.00333002121732985	-0.023081228733727
0.0375748423013108	0.00498487558138868	-0.027286165272624
0.0321751993379508	0.00765704239324037	0.0314586795971431
0.0313035148171052	0.00123595732848034	-0.00245721441355843
0.00483372845615749	0.0194835368115754	-0.0179467513899013
0.00200668026503491	0.00047634248371639	-3.78203979046685e-05
-6.02816055198822e-21	-0.00780361454992289	0.000795731981140479
-0.00791169872480301	-0.00216683589839121	-0.0084163527992197
0.00142812434462379	0.0432316126392184	-0.0154531352389473
0.0321059766956604	0.0104824073123793	0.036666381979316
0.0276913849604768	0.0119642542221669	0.0363507057436319
0.000742567499844717	0.0415082322187341	-0.0101702109902226
0.0361816304243942	0.00587925509097641	-0.0286952473544888
0.0332157013749219	0.0090280617233532	-0.0341191513657325
0.000574363741950885	0.0439591625168963	-0.0071794611993728
0.0344552187768931	0.00922989054103623	-0.0352863393462173
0.00134799559888899	0.00344731259853713	-0.00160374647674678
0.00125444224493572	-0.00913807312004759	0.000273215284895261
0.0296823720409947	0.00977964066036572	-0.0344253461630792
0.0344358685938656	0.00735758485767066	0.0321172553352658
0.0013104511908005	0.0423094324535756	-0.0143993174541794
0.0361812955220756	0.00499127868845163	-0.0263315582849715
0.0311445574429195	0.0111969864093826	0.0373564531571586
0.0312563202328456	0.0119829760880793	0.0393088734857749
0.0350555377677295	0.00621400470853116	-0.0296369083503682
0.000240555002151265	0.0427626199476423	-0.00288535965613251
0.0141015110693268	0.0185917919059946	-0.0322633670663435
0.00116949560945078	0.0391632482941596	0.0113446630312825
0.00156475038684063	0.00436820059587582	-0.00127986658562299
0.00668393294116175	0.0165064815711807	-0.0178903014790515
0.000394697644164704	0.0015687357321481	-0.000604572246765206
0.00215758402501593	0.0139782615245256	0.00682147862001157
0.033465469455433	0.00915726054695453	0.0347548698827131
0.000803381274605623	0.0426849970214405	-0.0106807205198385
