-7.09892938036697e-22	-0.0130340206544236	-0.00450677788179668
-0.0119669393789158	-0.00119261921016871	0.0166761717856011
0.0965195756255275	0.00170609787414821	-0.0183620473855368
0.0314868273319066	0.193115535007891	0.146939377921715
0.0201270958744717	0.259698821775895	-0.134578310222715
0.359383420077185	0.0453969725215562	-0.281971633554822
0.000719171448449947	0.466548609961158	0.0425424033360774
0.399533323521199	0.0522820877598285	0.323100482715079
0.363173621633422	0.0790657350626739	0.377458914221426
0.0168538836917801	0.445506784839423	-0.199118254284763
0.466342332430411	0.00599049283792127	-0.12945528518916
0.00378147736191994	0.473992729707885	0.0977598520278285
0.309071289892684	0.132956928987251	-0.449360675388394
0.395148553480338	0.048176164818309	0.30590900770624
0.0646299346452586	0.403576006146804	0.361235308768601
0.411214307420481	0.0590607107921109	-0.347353070879393
0.0263622905845467	0.449916846872604	-0.24328739774705
0.449317754093799	0.0218925156638034	0.220424048758201
0.00401653896419461	0.47672225841125	0.100126385309233
0.427730456674888	0.0281621545272556	-0.244163916374974
0.407228486262204	0.0381088040428582	-0.275943030287224
0.285062685050954	0.0458109029858115	0.248125723655057
0.228520959189508	0.00355948594233229	-0.0201224943242269
0.0310888610127016	0.119583042649595	-0.127462464046284
0.00944529401646598	0.0133661108413065	0.0165072624507123
-1.76325916297249e-20	-0.0140490594529427	0.00122702138484462
-0.0148881736182239	-0.00401214361909663	-0.0157310326880372
0.0135389053204844	0.427351494007465	-0.16467463524087
0.335188389978041	0.0672788856434311	0.32784091571147
0.342578471396883	0.099507974991629	0.408563992294865
0.0066113283166954	0.465551610607425	-0.121859115305478
0.397937335280379	0.0522169192376046	-0.321889626599465
0.37361404757184	0.069076049591027	-0.360508936010459
-0.00120037079573995	0.484343397160875	-0.0157563420613438
0.37236442511307	0.0749144841413766	-0.373272346755016
0.00721966164158469	0.0326775101696469	-0.0259718942693989
0.00237159538844051	-0.0173348983677853	-0.000241466800694547
0.278418318732126	0.0643948285749061	-0.293128543582378
0.360853764141547	0.0491446667754438	0.290309926209236
0.0115670455483341	0.362364740399218	-0.13629590132716
0.312715681697263	0.0343719907465939	-0.213300000476473
0.357590685979351	0.0794518137124224	0.374258903612983
0.333363093841461	0.0761269770950397	0.349613421111448
0.364862330392033	0.0479519745834654	-0.292341408330818
-0.000853767435106204	0.460594359788706	-0.00794064615088783
0.109887963766022	0.121234993733259	-0.245750637400159
0.00928848054443679	0.344390215826373	0.104233853078803
0.0100694954023211	0.0364609532528244	-0.0284123932897282
0.0389374292461231	0.103874331183989	-0.122647548024743
0.0176357852721352	0.00305436293328246	0.00181687141495897
0.0107388984525953	0.0899818032110586	0.0546228716552651
0.377107919132027	0.0598421156682966	0.333980120173945
0.0062743683756504	0.420801003975591	-0.112614837544365
