-3.43653168248071e-22	0.0215065193007844	0.00726082441064712
0.0174343294489972	0.00475147667900281	-0.0281179127214932
0.148648572894086	0.00125736499450325	-0.0234674935372831
0.0324354765747448	0.231637644969203	0.182394511528057
0.0199504696770992	0.303189610171416	-0.176229912907783
0.38104357434498	0.0480015429223236	-0.295484948188427
0.00065792139228203	0.475926341223601	0.0388574924211557
0.404697491305772	0.0552849876197	0.329216196372403
0.367392294280293	0.0819120703425873	0.380728884313324
0.0188294019775108	0.448500170079474	-0.205307003755363
0.468390912282092	0.00655353244501887	-0.125884683516493
0.00427301216997689	0.471050202131799	0.0983408061720284
0.305577314938146	0.133268709976335	-0.447024061105585
0.402740922093488	0.050682341557872	0.315630113443047
0.0601784367549093	0.416353681114452	0.352771281946703
0.421795859615775	0.0544541114607608	-0.337805234876047
0.03119895557705	0.447212923547818	-0.26144595196249
0.453538380737031	0.0236822576253515	0.22901910755304
0.00437144637875102	0.475747532393517	0.100370370977194
0.438065274044217	0.0267784751435349	-0.243320151841561
0.420003586916155	0.0373527947127745	-0.278598370569869
0.317638531610996	0.0505027067413702	0.27700800715161
0.274207030897986	-0.00723307221242296	-0.0139494164423154
0.0323308923010786	0.163230132726333	-0.160591590649775
0.0128212288968792	0.0456257335469885	0.057404095174408
-6.02909454200076e-21	0.0264834997014665	-0.00274541117310913
0.0202725118206819	0.00580878800495176	0.0219784982636443
0.0148804402548649	0.446036446683037	-0.179655239315375
0.351974859808464	0.0719496716666206	0.349313867839878
0.344288317748745	0.100849720387791	0.409957364282035
0.00782864113203329	0.4720598019424	-0.127909178610233
0.406016022321725	0.0520126614541357	-0.320144790346674
0.38128163622777	0.0694959834479094	-0.360948168056554
0.000376322201465513	0.490272218367931	-0.0298771354005121
0.381054051172138	0.0746669963292539	-0.374380611161553
0.0134258404457281	0.0737649222743391	-0.0708408394491244
-0.00291647862822431	0.0241207525957978	-0.00614920764113545
0.297068956503631	0.0734426508151339	-0.32393892946394
0.380798423995515	0.0483386590374842	0.300292699409618
0.0133513717079337	0.399193363573316	-0.159717065741276
0.348803931917559	0.0321134234192086	-0.234881346667184
0.364875516761802	0.0826537949939233	0.383263130653955
0.34690000298675	0.0832055602601233	0.373937084931478
0.379538000470668	0.049378050203885	-0.301945754744234
0.000201361333334376	0.472604314891702	-0.0117324108705112
0.128050061266032	0.14762780717399	-0.29799413383018
0.0089777643688958	0.374529023859209	0.129393035255587
0.0163789650552152	0.0781377685825554	-0.075580621037884
0.0450485379023309	0.137842052680741	-0.174138368160036
0.0602638214808221	-0.00283928538921709	0.0099575487747528
0.0150300055450768	0.13110069735952	0.100613985220597
0.38716566015428	0.0632496485356666	0.344067532846629
0.00706857581072501	0.443503942794094	-0.125898084017794
