1.65061599278483e-21	0.00902635375684677	0.00324174352673843
0.00793565013131801	0.00153330445437934	-0.0120928653858051
0.0285131157517143	-0.000333686707372033	-0.0036117100321053
0.00447896673526545	0.0340749101650213	0.0267722609340095
0.00246894231536225	0.0426215293343462	-0.022743963556562
0.0387845561999677	0.00664418805594286	-0.0322791514222497
6.34571964169532e-05	0.0464338392156131	0.000326816993675149
0.0377256574613518	0.00848729391792209	0.0361405154007672
0.0330897101121641	0.0115184700732769	0.0390704453043849
0.00186086006288418	0.0420789761819164	-0.0180480701732067
0.0428389582179221	0.000558075932336676	-0.0100867587113499
0.000128029739683114	0.0411855818772868	0.00377667234664466
0.0269696651914687	0.0148004737588249	-0.0402005302669799
0.0373269221997215	0.0084224592617526	0.0357242905990131
0.00386460164389792	0.0470296932438354	0.0273051920952023
0.0432471707824547	0.00679319698306959	-0.0346862818764204
0.00379218876062889	0.0445372847071668	-0.0256925135106561
0.0434119999258826	0.00427668087658901	0.0278520215144036
0.00013377354606812	0.0437351456785068	0.00434766215716728
0.0423468271250799	0.00331794958848618	-0.0241154618810001
0.0406957096659848	0.00496223928995291	-0.028823883951976
0.0363132034434734	0.00854300847576422	0.0358576092278308
0.0397701122883933	-0.00167881937657	-0.000250115064517559
0.00456224221686885	0.029825243832065	-0.0260315983536113
0.00262094286060395	0.0123349813337054	0.0158322101684738
-6.49808187091691e-21	0.0109185770397809	-0.00129070083277581
0.00936012591364019	0.00264453047277509	0.0100867339882143
0.00184681495958374	0.0466824312334189	-0.0178806214841411
0.0344377524349247	0.0113016381180482	0.0400732228347655
0.0294740759611496	0.0139867124255853	0.0404857425703464
0.00104922090250077	0.0454777031063607	-0.0130897084231967
0.0393123871366663	0.00645657242074164	-0.0319486878212178
0.0360542670016799	0.0092694004928868	-0.0369454959150138
0.000230992465063687	0.048483531534057	-0.00672568064655753
0.0372729908068923	0.00994109530789463	-0.0388206745509891
0.00303704915082664	0.017639521526112	-0.0183354348666278
-0.00148238063706693	0.0109518431014243	-0.00169895973471179
0.0321090021235146	0.0111109223164314	-0.0380257892887446
0.0372494021646195	0.00781745541142891	0.0343217050065516
0.00162070022259154	0.0470956948796812	-0.0172098302162112
0.0409993732831604	0.00466556711224277	-0.0291793916144015
0.0331861411294432	0.0125949417907365	0.0410098756374503
0.033382173576253	0.0134170851109362	0.0429764956401738
0.0376813451589548	0.00668912456910298	-0.031825151811094
8.69279823874825e-05	0.0460296351142479	-0.00344905802079292
0.0162437823315123	0.0236104276788792	-0.0403675381666602
0.00103265761165749	0.0432665120992266	0.0143108646893826
0.00280282161909289	0.0193511446592766	-0.0181004617839914
0.00677412153639861	0.0247786871062456	-0.029621999659337
0.016290362333344	-0.00155128619661728	0.00297184619922252
0.00263058031577022	0.0245141300394035	0.0204340047854163
0.0358239887412364	0.00989472174441575	0.0377799788527889
0.000942396520714492	0.0461071388108134	-0.0124149439540147
