-3.11236331548273e-21	-0.00611481133901006	-0.00224132334624674
-0.00570994247838316	-0.000654586162388518	0.00810523290805081
0.0115798171863386	0.000618297170061158	-0.00277357775465901
0.0041028797569467	0.0229840098823891	0.0161430648547488
0.00213733188395609	0.0306395305302476	-0.0131662159166371
0.0300242300088134	0.00530397071998231	-0.0250410910560253
0.000109121060970112	0.0351627768867366	7.54005027538845e-05
0.0283124051115226	0.00678466110196676	0.0274442440824835
0.0251761528470429	0.00865188817116293	0.0290636685385055
0.00145237879738653	0.0317502639895415	-0.0127420590789936
0.0313647144134772	0.000807594531993678	-0.00862190198502994
0.000331462846615893	0.0294527471829803	0.00522985447756271
0.0177134201149113	0.0120775367687391	-0.0294185683771602
0.0282872117745459	0.00674759575167817	0.027500131511857
0.00217496434180658	0.0353682552565035	0.0173522262434275
0.0327166790443256	0.00401361730863928	-0.0228910378872508
0.00360767701241223	0.0320952513072997	-0.0205923808556805
0.0319899138924633	0.00365528701322791	0.0219452265530284
0.000282978240561212	0.0313823501743151	0.00524762264432754
0.0319262408095928	0.00261928106172038	-0.0186964247769649
0.0311181032401324	0.00405959422773492	-0.0223517127327469
0.027226310977231	0.00658704452660143	0.0268166511215029
0.0263666083593204	0.00111463801786571	-0.00215350937706109
0.00409316103640076	0.0160358238310347	-0.0148644928760411
0.00158074961190453	-0.000198618633205173	-0.000804516222280361
-3.64528282569979e-21	-0.0069650947935715	0.00074446267614398
-0.00695079858872993	-0.00190886215592998	-0.0074024594155497
0.00124070866343565	0.0361340455639421	-0.0132906045765569
0.0267771945930458	0.00891859770300999	0.0308794225134177
0.0224238397155372	0.00978649260961288	0.0295880130767246
0.000686635367181438	0.0340371089097832	-0.00871891348006615
0.0297543724060269	0.0048871595361152	-0.0233705627171352
0.027290822283667	0.00740834408369362	-0.0277624470983641
0.000618067859022608	0.0359445254253841	-0.00635733231299507
0.0283784178918101	0.00755552975891436	-0.0287560693541299
0.00100268621153595	0.00208666937867607	-0.000499152785809577
0.00114130811390368	-0.00803424144954794	0.000303402973794984
0.0250609733663576	0.00836571679082239	-0.0292585037139182
0.0287854414819103	0.00615038223980064	0.0268790539318035
0.00114380247141715	0.0359024832577582	-0.0124935037182064
0.0307252516462719	0.00416433436264664	-0.0223191307109509
0.0255578718895024	0.0094196128981515	0.0309361823738403
0.025970973438432	0.0102515819866505	0.0331824280833882
0.0292324353671828	0.00522827686863861	-0.0247561825612821
0.000262957735673719	0.0353000387696713	-0.00252954854495833
0.011995359335645	0.0157690243372018	-0.0273961484270489
0.000945283665563335	0.0331536893743218	0.00962111333095803
0.00123608730983023	0.00284043527697358	-0.000297857203283255
0.00567235884526239	0.0135941152154179	-0.0146897938554339
-0.00046229518685701	0.00139290066372087	-0.000637166046239473
0.00172892326163986	0.0112784577858636	0.00497729429472031
0.0275855010659931	0.007750116980407	0.028830222474924
0.000714523978530316	0.0357518184409717	-0.00920134013566495
