-1.59975321956609e-21	-0.00580488517041783	-0.00207654812356508
-0.0054303554383498	-0.000645962348176739	0.00769070283934895
0.00899364018995244	0.000532009888589834	-0.00213394842188915
0.00321395704846851	0.0176749222626035	0.0121721702973321
0.00174680771673347	0.0233882047040083	-0.00985552268145302
0.0241027958339582	0.00416361372238873	-0.020039071507237
4.09067655194856e-05	0.0296842244471027	-5.55954060037446e-05
0.0240841685560384	0.00560933209575638	0.0234323279907985
0.0213052052550402	0.00745730807036121	0.0252325547286041
0.00113718075289262	0.0272717126877425	-0.0111035771807262
0.02747310820853	0.000511483964102994	-0.00734397822296308
0.000146543773570135	0.0265226035402997	0.00361811051276053
0.0166156464526582	0.0102788361914693	-0.0262621197515599
0.0237215334448368	0.00555286301342748	0.0230701750458471
0.00224702065527029	0.0301049511636492	0.0166336880077324
0.0276829767435116	0.00418827518998106	-0.0216649333820567
0.0025387426039396	0.0283544579237315	-0.0166745445266489
0.0276255397874128	0.00288686033868273	0.0182993787726483
0.000129463676174667	0.0279338123602604	0.00381158275355415
0.0268718975707511	0.00230919538955265	-0.0159510682002907
0.0258878941340417	0.00340645007232002	-0.0187156853682611
0.0209390854215485	0.00525172368741479	0.0208570720221942
0.0202018395462093	0.00102461895960235	-0.00156562214813697
0.00330092469666	0.0124620542774334	-0.0115229397819141
0.001345580081836	-0.000390360433301019	-0.00103136603993622
-2.32521004878578e-21	-0.00662863833038291	0.000697121412724597
-0.00659221325840328	-0.00181960826335853	-0.00703532536225091
0.00102583929210436	0.0292819852362746	-0.0106667460861397
0.0214429501452473	0.00728206306484992	0.024779553797642
0.0191803075654447	0.00883878441116898	0.0260630412286014
0.000537932056650531	0.0290272748910558	-0.00761184423638262
0.0252259527803241	0.00415030043795023	-0.0203914231329893
0.0231258164335505	0.00617735934360761	-0.0238716596462791
0.000216345021181475	0.0309634858792247	-0.0045850718966185
0.0239467613278418	0.0064623715698169	-0.0248454275058648
0.000845752078834299	0.00141085682924996	-3.68937559049537e-05
0.00105074057650272	-0.00762091147017355	0.000308025874155241
0.0197946504152373	0.00630485260918394	-0.0224666695165227
0.0230094709253923	0.00526118272433341	0.022071091914372
0.000910854506320719	0.0278535056124783	-0.00955586175136131
0.0237782878897186	0.00339084461235749	-0.0171975216098593
0.0212882801806494	0.00800297516669221	0.0261573964732869
0.0210094607972665	0.00824567708964187	0.0265828936012005
0.0238541267945429	0.00416776075241298	-0.0200150783584784
0.000107034624128447	0.0294143084710789	-0.00222410107601646
0.00928999795971132	0.0118648807534367	-0.0207194488886548
0.0007782880115185	0.0258688740335264	0.0068476171631631
0.0010102771075469	0.00208151379730116	0.000159909955349648
0.00452530757656407	0.0104176513599726	-0.0112273017700201
-0.000710945989573245	0.00129123704508473	-0.000619420220150511
0.00142784244308664	0.00880197412834936	0.003680495756978
0.0228314119190972	0.00642083592730269	0.0242020494438887
0.000575360959173423	0.0286829028718478	-0.00737239049288115
