2.64487440734565e-22	0.0106278712489337	0.00378616133621332
0.00926786881372659	0.00188139705769199	-0.0142192419963347
0.0373600131626483	-0.000323924856108944	-0.00487757079564743
0.00615881004717812	0.0457027790400066	0.0358648967770893
0.00335785551683764	0.0573590403647203	-0.0304317417941896
0.0526223854898709	0.00830072338618866	-0.0432627751614654
-9.08928297030541e-05	0.0619719711855189	-0.00179816163021256
0.0499813319096518	0.0108855773241463	0.0498831681052798
0.0448895982942086	0.013772620906669	0.0523951080520069
0.00182013732525353	0.0568444157443202	-0.0220908674217069
0.0558561761885365	0.00105875873966983	-0.0169750588696477
0.000351902438441607	0.0531380128894355	0.0102517428374372
0.0321720295668194	0.0214562815391954	-0.0532602771384439
0.0491436475333121	0.0113706774896861	0.0493066136420932
0.00337068606538775	0.0631028926052754	0.0310997621999886
0.0586501428191743	0.00686349702866149	-0.0409872156580937
0.00625014533092923	0.0568928209936711	-0.0385813915650051
0.056596536345504	0.00600157923297268	0.0403240575289096
0.000263605694357813	0.0562452360004809	0.0108035152114499
0.055622478311028	0.00483065771175078	-0.0335279641811927
0.0545438131846079	0.00667726258576553	-0.0393687229498624
0.0492068469933332	0.0112418973957139	0.0483953633181518
0.0533862576484812	-0.00200737628798021	-0.000597571219965308
0.00626360530608505	0.0393903418043564	-0.0346742084644542
0.00350419826213552	0.0155157144946915	0.0198290740088923
-6.3327825826412e-21	0.0129029260692574	-0.00150443995455523
0.0109107611651465	0.00308759805623006	0.0117657637780803
0.0019426261262956	0.0624672845833579	-0.0223735992344632
0.0467311930466893	0.0150104366831785	0.0541448506334035
0.0406428047383566	0.0160662169732583	0.0526698690787076
0.000452578921158347	0.0597751062489205	-0.013694869313675
0.0531853275272064	0.00678349218994656	-0.0398253654313033
0.0486261514512795	0.0120222804389349	-0.0501783809230638
0.000328874507328481	0.064048544176607	-0.0131325726487022
0.0510840704419916	0.0119440648223717	-0.0509007542693166
0.00395233363243627	0.0224838902480159	-0.0231291545794048
-0.00170446816748293	0.0127856317422574	-0.00212735955324127
0.0437603645237755	0.0144055720324876	-0.0510901435560652
0.0500224103790533	0.0106060194096751	0.0467064267918881
0.00206783917982394	0.0635514919702329	-0.0228564622474908
0.0554784771475795	0.0063077498630353	-0.039417541104428
0.0451112663522345	0.015208735797494	0.0539576077312438
0.0453930928739276	0.0174634687908922	0.057357471043706
0.0511602139135256	0.00791327333059592	-0.0413729444450116
-6.55203026009869e-05	0.0620867361731731	-0.00538434351852314
0.0220591000148227	0.0313641902350126	-0.0543363939190642
0.00139761607007326	0.0586749505279014	0.0192387080611938
0.00372597424326313	0.0246669776995892	-0.0228961126306081
0.00924016075962759	0.032754695037837	-0.0391995314055631
0.020472012555825	-0.00176443201909433	0.0036352105290116
0.00355772031831442	0.0322426018643723	0.0264549674307844
0.0482040647311879	0.0124246246406773	0.0511857718481219
0.000827730516150291	0.0622726678302775	-0.0162829279578741
