2.31066724022585e-21	0.014461129670634	0.00540874165957992
0.012326981103867	0.00260566168256954	-0.0193035184260139
0.0860146659603716	0.000421032148734033	-0.0147647158776766
0.0171442552729645	0.137368342268789	0.102198687476914
0.00986278018671104	0.181388683802018	-0.0981102396944753
0.227554218448154	0.0347438592204647	-0.187408610234974
0.000483737047162836	0.289656690778402	0.0253818752249635
0.244797450830246	0.0395841224472518	0.20768106309712
0.221154866444259	0.0586117005332794	0.23997217466727
0.0104989177710668	0.277130990106709	-0.115668213051655
0.286361331194937	0.00508607658994818	-0.0824706503517477
0.0025412457701282	0.290341176252403	0.056762443859054
0.183315565592968	0.0943242379120791	-0.280881186344483
0.243772173254158	0.0358491477281958	0.198507081815107
0.0360644781489052	0.260522907958355	0.207508740985927
0.253028478778361	0.0412598831095133	-0.218906257491737
0.0165324812728066	0.279574547560297	-0.144231215667502
0.276097003315332	0.016893678142445	0.143959323408236
0.00263910723924352	0.292539322845904	0.0578858802461417
0.26522977528658	0.020020180507692	-0.157320415265659
0.253078344902288	0.0275858288223897	-0.178818319103277
0.187637301352072	0.0340241544898687	0.170175600945527
0.159516429190736	-0.00559120604035702	-0.00948599401032225
0.0160355621006608	0.0970065834511705	-0.0886916458894083
0.0069753470742883	0.0272674123990258	0.0348249032544507
6.56723784022282e-21	0.0176989493675068	-0.00217670324211951
0.0144224390978241	0.00408396175750321	0.0155573886100642
0.00802290816615603	0.273057794384301	-0.0995439333714916
0.210222313428493	0.0501169502214829	0.217825342095722
0.207129349270543	0.0718342761635213	0.258258603428827
0.00450390568699115	0.28975040010023	-0.0710311160584215
0.244035559449364	0.0389377603614794	-0.206336651185472
0.228503749299006	0.0506034313559706	-0.229212007547549
0.000208119006142981	0.299014048971585	-0.0118145355675603
0.227567983622051	0.0546898925917624	-0.238199919172241
0.00773587596575436	0.0431876288106236	-0.0429186541494082
-0.00246189012920378	0.0169886446394532	-0.00332146853538956
0.174375188461427	0.0510636484662303	-0.200593884659715
0.22881291295774	0.0338914832336981	0.188192624331812
0.00702496403582998	0.24121269960184	-0.0878112589534681
0.205888016873687	0.0226905290817726	-0.147683802856869
0.219483197455558	0.0586721990368609	0.240940470542111
0.207457070197849	0.0578784098032948	0.232959434977284
0.226908036515935	0.0360046395211361	-0.192257584532033
0.000167779850789694	0.28723397584038	-0.00376560310422394
0.0728569051418179	0.0927996383197667	-0.17509100384161
0.00479281525771175	0.224000248046398	0.0737401609769787
0.0084906356296624	0.0463652698568669	-0.044105289852693
0.0249095536289403	0.0810131573870599	-0.100807212525926
0.0361399986067567	-0.00237658218117478	0.0066980907882524
0.00777997267975434	0.0761866731219119	0.0582555625243062
0.233510445177849	0.0449472960400632	0.216479629002103
0.00364668030964132	0.269358827124597	-0.0690441755601578
