-5.2197984592984e-22	-0.014772826173303	-0.00488850244855408
-0.0137066925150728	-0.00117017500501581	0.0185636593708722
0.138219761638435	0.00185133709032617	-0.0249120324787827
0.0443287384637919	0.263001100390593	0.212282685904047
0.028739542387207	0.352227932270849	-0.19711528258882
0.484336067879384	0.0539457451319971	-0.366555352664897
0.00104949029764217	0.617854458125181	0.0593880497424737
0.531826482046086	0.0614523123296898	0.415298757408775
0.485467471443128	0.0928244793713245	0.485758979482147
0.0238424907946948	0.583698725373023	-0.276930463368696
0.615326838782849	0.00709189864819883	-0.165119935406553
0.00576140567860879	0.621297499752206	0.140163129966208
0.410659520554655	0.158864583805799	-0.581914664250877
0.526892391069473	0.0567101366443779	0.394275742086514
0.0874207877966129	0.518847596455652	0.489889997968821
0.547602175714303	0.0670584196734669	-0.439747285489055
0.0383110768007363	0.582788714727262	-0.342954914848599
0.594492938608074	0.0257619327755969	0.283337132081507
0.00599582486027141	0.625341488867694	0.143099746111762
0.56882422296055	0.0325282781984248	-0.311916120468732
0.543631987669685	0.0442977658608412	-0.354247939499352
0.390586181848557	0.0556356500436537	0.328463171567899
0.317191950206052	0.00338754914010747	-0.0252775190329947
0.0445510385489176	0.164580400494915	-0.183294901552094
0.0131707326924088	0.0211266222413662	0.0267398619822158
1.82420329488556e-20	-0.0154924527605603	0.00116621879178004
-0.0171016009910606	-0.00458233353027671	-0.0180259955711946
0.0191624940370747	0.565768679725706	-0.2329639725851
0.452782937416947	0.0799564944799328	0.428046143885911
0.458257501829045	0.1166368583661	0.526084011561539
0.00919651448088531	0.613447876990782	-0.169651288523427
0.530241256795381	0.0604501944730355	-0.411229973256005
0.499226999304343	0.0810668091850791	-0.463837538207125
-0.00113041421307787	0.639380672239061	-0.0264916903046868
0.497923564679752	0.0875418721396725	-0.47969720007433
0.0102049643883418	0.0496809907179639	-0.0404932749337668
0.00260839034102293	-0.0198996922325729	-0.00076622512264994
0.378886383539292	0.0789114716865519	-0.389063242860432
0.486255865492334	0.057641338115463	0.375453786390235
0.0166936913404084	0.486786021134401	-0.19649919046384
0.427163925184878	0.040614050786307	-0.280182793649755
0.479041369668524	0.0934875636007093	0.483358196584081
0.449271305447875	0.09115136672711	0.45692949407932
0.489859697849015	0.0566814281240081	-0.378734523114353
-0.000963623200097388	0.611754913504683	-0.0113238878706326
0.15346893673716	0.159767655312065	-0.340917582040782
0.012886204377703	0.464401049027398	0.153056241327847
0.0148189987063622	0.0539734537643844	-0.0453560940053284
0.0537692588421969	0.144533997672835	-0.175585539460146
0.0281620799258859	0.00344918082891183	0.00313971644545611
0.0154143644554618	0.126821275146811	0.0822932143111357
0.504727202165112	0.0704574441959503	0.430997328947587
0.00897402575681063	0.561297136522152	-0.160454224551508
