2.85933993668872e-21	0.0137057423594887	0.00512516776524281
0.0117638335782529	0.0023835024247353	-0.0182951591388182
0.0763289927682331	0.000228804111241712	-0.012748556502215
0.0144175358919854	0.121457203579509	0.0885876747931126
0.0085392961489271	0.160027045331739	-0.0869464523916336
0.20452435844988	0.0322086695343308	-0.169277624335686
0.000496547570642376	0.263491790229293	0.0240570346971088
0.222581253026049	0.0372415881085984	0.189201610814764
0.199644042193262	0.0562408322937828	0.220590945519538
0.0101960879842959	0.251876115981973	-0.10791403785634
0.262930845785056	0.00420716514154678	-0.0715360587042536
0.00173002533782555	0.268146974159911	0.0437658827570706
0.172174920216387	0.0851406167424431	-0.257302700145583
0.221628631554122	0.033312719198923	0.180316666383353
0.0349238945130497	0.237553063567886	0.193612337992146
0.22957906727108	0.0408944292384545	-0.206272733547376
0.0138106773999326	0.258649986228537	-0.125270730371187
0.252692544566565	0.01553884301882	0.129155801330596
0.00191443415431947	0.270063541686927	0.0449091958401302
0.242087459960135	0.0180349067696363	-0.142223776409079
0.229659356389412	0.0252687305800763	-0.161991754728027
0.165814225495778	0.0313708420702168	0.152851152783634
0.140171826390187	-0.00534826510150801	-0.00758221460716238
0.0138887318837349	0.0859390534020892	-0.0781004632143
0.00614904378384316	0.0248706391743517	0.0317780088825679
1.84877781115558e-21	0.0167244617996075	-0.00212676043611696
0.0137438252982158	0.00391384098039238	0.014860462778174
0.00771795952584057	0.246568605513614	-0.0918463614200241
0.187916927014736	0.0466371410237564	0.197564760582914
0.186550076464032	0.0696769530387204	0.23918728054648
0.00503695561406998	0.264517651746223	-0.069730562521503
0.22146516634989	0.0378132456517867	-0.191586598033743
0.20739973363061	0.0468689160707485	-0.208499520683761
0.000219160803719547	0.273212748964613	-0.00635263581223889
0.205713140808307	0.051699734055386	-0.218665229439036
0.00698532331872018	0.0386158293269563	-0.0389962093783129
-0.00237597370430878	0.0161871090587033	-0.00306934972288429
0.155041616630667	0.0463204511189008	-0.179161015301155
0.205494681754916	0.0315222180730269	0.17111112850401
0.00641199405853911	0.214967836515651	-0.079026792189717
0.182881804415073	0.0203995814713119	-0.131763662015969
0.197704299774361	0.0561843748415496	0.22171222878617
0.185758605141793	0.0539891285487017	0.211762723991329
0.204346859405354	0.0337307485590977	-0.175153436482226
0.000241665445569687	0.260214043991009	-0.00352196180192492
0.064183513155711	0.0819745797965236	-0.154224836493473
0.00387043402822405	0.199296412452301	0.0636612564666864
0.00752531844542705	0.0418976004328747	-0.0399685340367613
0.0219077175086696	0.0709993398082213	-0.0890634317178599
0.0329468946053192	-0.00229833664336007	0.0062321890829379
0.00667082268430265	0.0676373905059619	0.0516036472048691
0.210945342327677	0.0426090677316156	0.197782630191399
0.00361280028920267	0.24221189120561	-0.0634381231148896
