7.92671037128913e-22	0.00063105646731166	-1.10782093494799e-05
0.00051396891618142	0.000176654362011882	-0.00067507897076978
-0.00141922404823249	7.62746583305513e-05	0.000426987307069352
0.000330890741659702	-0.000954298634598558	-0.000976927139254424
0.000359720053315805	-0.00103771933341092	0.00159265967067079
0.00140653939456516	0.000282426155749888	-0.00123918870400564
8.34638426355326e-05	0.00323037178612456	0.000128215427109498
0.00280443351738939	0.000514793296256893	0.00284544178192431
0.0026884149098187	0.000748192754085184	0.00331275175401662
3.73022181759577e-05	0.00367542910688516	-0.000829291133874264
0.00366249951965178	0.000208707597554279	-0.00191996925716588
8.85589854639567e-05	0.00405356739929402	0.00138776057097809
0.00215627306054446	0.00202388821247358	-0.00422546185827416
0.00261101878145868	0.000514566848939237	0.00231776957031513
0.000414391243998559	0.0029444270236831	0.00225781241705322
0.00266136783161585	0.000828897119148529	-0.00297754775432826
9.12955511723416e-05	0.00354692560135281	-0.00119750966383073
0.00320688501416401	0.00021171460328928	0.00193513289905691
9.21649882632602e-05	0.00392222306722915	0.00122960508868899
0.00275532946579532	0.000593270240865024	-0.00236358760453776
0.00245858759176755	0.000674518346772941	-0.00222274176012942
-9.61087676881783e-05	0.000171569749221871	-0.000154256653629496
-0.00107303599737735	0.000780110930802243	-0.00038472350925293
0.000332512853131453	-0.00139587123450324	0.000631215046528664
-4.27254863913302e-05	-0.000204155247654847	-0.00035437436392331
6.6726432965654e-22	0.000646178588692939	6.91959933166336e-05
0.000618910056664477	0.000173809708531817	0.000665267840734485
8.28006397282015e-05	0.00213899127601683	-0.000197914232081961
0.00153288062287677	0.000475468364137755	0.0011508576149056
0.00277047415338111	0.000973878349280333	0.0035515785283742
-3.42642013534219e-05	0.00338625325299673	-0.000204238192849273
0.00276049086646566	0.000655829248446288	-0.00274185974432452
0.00260145705879935	0.000899685240406374	-0.00314013069322124
-2.50551078004599e-05	0.00348022904518619	6.54479735584748e-05
0.0025512058611418	0.000892886379322109	-0.00297401895195172
-0.000126805403406357	-0.000579241743226891	0.000801593245821999
7.80915709600209e-05	0.000721723719663991	-0.000122083885310129
0.00105903573512081	-0.000194600413482526	5.35733576233098e-05
0.00140435540560879	0.000773158312575298	0.00187232888668305
4.86467069635388e-05	0.000168368238709893	0.000520848162845358
-6.62535287426732e-05	0.000558158583018072	4.91866793437003e-05
0.00241744909515314	0.000710905768990489	0.00269730669823794
0.00174380722300747	0.000251921811540354	0.00119850029452347
0.00200450053476429	0.000448804853103753	-0.00174618062287382
2.47966166931033e-05	0.00297679578051956	-0.000170221927536226
-0.000229164747305716	-0.0009563949437062	0.00170404920850496
0.000230998222048809	0.000620310768463802	-0.00120592177675536
1.69010055448451e-06	-0.000681856213548455	0.000657439410096594
6.60824862779525e-06	-0.000975748636149847	0.00188920296596848
-0.000304474759453764	-1.4408255999314e-05	-0.000161779586651314
2.08195989724895e-05	-0.00110305551530623	-0.0013605336073609
0.00228852994232808	0.00055727265620108	0.00236073611038886
0.000123335515992943	0.0017743072904558	9.92941724760253e-05
