5.7220081453786e-22	-0.00306937512522904	-0.00161047689694037
-0.00279020684154372	-0.000235372338505396	0.00441643543202792
0.00145084418938099	0.000640508085566554	-0.000873392834713404
0.00333534826741576	0.0161313707266899	0.00834386538965596
0.00243979942090887	0.0239339070308178	-0.006571459618648
0.0461867294278349	0.00871427929921021	-0.0412679852818997
0.000123207283149549	0.0676721035515269	0.00557960119062929
0.0571245116731083	0.0110811281982412	0.0526189115237213
0.0518471697437165	0.0167241246515865	0.0613747733522726
0.00162017015107646	0.0684576024735304	-0.0238361398637365
0.070360749747586	0.00160616400501051	-0.0248737621751905
0.000486267365169326	0.0743992533261761	0.0142170929312997
0.0449209014161153	0.0291869300406254	-0.0738240107829597
0.0558819003603034	0.00996200002163978	0.0483722718133277
0.00920890061014942	0.062345281960893	0.0492869714230164
0.0571065187867804	0.014891210539886	-0.0594804616946498
0.00239404437531466	0.0696997790314947	-0.027474940790071
0.0655230199759823	0.00459998274238687	0.0356198891087042
0.000561215136940769	0.0733912254408675	0.0144838261147483
0.0606741838708816	0.00717764097835774	-0.0421228495280585
0.0566398098056068	0.00900318459177715	-0.0453363726373396
0.0303998349948155	0.00722473582061698	0.0292498273252162
0.0179043217583172	0.00259701281006664	-0.00427488284552582
0.00295086962307233	0.00541363907103571	-0.00677206822013224
0.000412757237627725	-0.00223875526307807	-0.00328255744623463
-1.73619175710069e-21	-0.00372722290520637	0.000737281299060013
-0.00341857655514694	-0.00093393814018596	-0.00363297220575704
0.00132344809562545	0.0591088924952138	-0.0165879820929738
0.0434554852844969	0.0126898433795761	0.0459890697593782
0.049803901244065	0.0211096359196459	0.0663162248885597
0.000385538070937844	0.0691662944439341	-0.0127670326836271
0.0564413898965466	0.0119382162229063	-0.0536503567336256
0.0526520784409687	0.0151371460783011	-0.0588824316641473
-0.00055601281714557	0.0710189329792119	0.000658482327358582
0.0518649429950568	0.0164183399554971	-0.0602097803198413
-6.0594722812514e-05	-0.00237446926035303	0.00361735154425152
0.000933170115018372	-0.00399671969956705	0.000206673788544697
0.0337241360767587	0.00934106945447303	-0.0356180072285455
0.0467055882772956	0.0106222816992577	0.0442164945048939
0.00105380213070967	0.0422852294409985	-0.0110782694877248
0.0336294831737506	0.00719945580578253	-0.026690757467113
0.0502187394777872	0.0160759492373708	0.0583061375920827
0.0442906445553907	0.0133981519055856	0.0486297114434969
0.0490652557559197	0.00969524246306769	-0.0443237460562457
-0.000286299948462211	0.0658170023494559	-0.000530651470403479
0.00988541523840706	0.0104704483007214	-0.0192341340746544
0.00140743609452417	0.040679403613561	0.00580981394846314
0.000406702848765982	-0.00234353522683995	0.00341602808785264
0.00342308815652338	0.00495125798694937	-0.0037765895846426
-0.00307381146064556	0.00089396556044689	-0.000811169864894462
0.000559841075669224	0.00278210638188745	-0.00221781034590415
0.0523637694150153	0.0121322583046911	0.0522737657101575
0.000616092541398704	0.0561760999954744	-0.0108270745925029
