-1.50419527404215e-21	-0.0110956966393798	-0.00401447898999902
-0.0102410040103731	-0.00107006248846062	0.0145122701174075
0.0600643882913475	0.00146718396098392	-0.011821791539064
0.0196922619887762	0.121116103636607	0.0877730050453138
0.012222273918422	0.162687632290209	-0.078416185867737
0.209182135736033	0.0301168117181901	-0.168603797785629
0.000187900775231735	0.267860605822041	0.0144581897478962
0.22462930781945	0.0373459262062656	0.196111631929524
0.202837074670343	0.0537684367463638	0.222561497266783
0.00945812138511101	0.254118533544058	-0.106652627294896
0.261251379456205	0.00418068567953659	-0.0744962564576064
0.00195929664998714	0.262249268588413	0.0489778329196566
0.166173274408498	0.0863160448229487	-0.254223540335598
0.222142818885006	0.0351529679970817	0.18833198849075
0.0297202800953346	0.247379659819444	0.183880379001546
0.238692281297993	0.0360331325474704	-0.197968781937368
0.0174918565400416	0.256389524446057	-0.142328316037843
0.254035630153428	0.0167964351017339	0.140548121106518
0.00198934282154443	0.266668723297497	0.0505963704651017
0.244012673576249	0.0185719468021837	-0.143673085003031
0.233328687584449	0.0255541508186463	-0.163685462482014
0.168753490238199	0.032288503068788	0.15520151383356
0.141030778630461	0.00318901664082223	-0.0123165369549045
0.0194817145772516	0.0768324281349975	-0.0781457101422523
0.00626626473971619	0.00717953528450848	0.00827776390257911
-6.91810646279115e-21	-0.0123141454583314	0.00124578043305141
-0.0126613364073989	-0.00344109839027394	-0.0134255900213076
0.00792929244244294	0.25142599075969	-0.0924888416566477
0.192071656406477	0.0475147605889335	0.200450562857752
0.188920094146495	0.0661037673262514	0.236872004545661
0.00372291869911811	0.265749165563534	-0.0662209321979178
0.227752002807352	0.0332203804190655	-0.185674420061039
0.212081615772532	0.0461239487744495	-0.211711457423942
-0.00013774041963381	0.277354186762738	-0.0214225614530971
0.213712107709951	0.049005777166549	-0.218520207984217
0.00472362424860206	0.0188623492312681	-0.0142876087556954
0.00213150367435264	-0.014709460703005	3.19307454239232e-05
0.164400033769242	0.0430500060247298	-0.17769546970156
0.206631653123042	0.0348672550882995	0.178590226831366
0.00690561410969115	0.219294469614668	-0.0785994058640097
0.187427790899147	0.02327638596608	-0.131714796252451
0.200847434274503	0.0548468892762846	0.223371701387275
0.190433359007832	0.0535861320292153	0.213879026689654
0.211127006278075	0.031373615411141	-0.172805366883971
-0.000194252756627585	0.264788404645385	-0.0102993152546419
0.0669399338047284	0.0782160727870615	-0.150005179897791
0.00555522585429704	0.206778052323709	0.0576339822815126
0.00625228365933468	0.021846775700398	-0.015137471447219
0.0253080359970087	0.0657773301821509	-0.0756728047837196
0.00923025239221335	0.00267100438912195	0.000668970789118918
0.00696141185483855	0.0567709640566471	0.0319619230872682
0.212743649429657	0.042331378985218	0.202383503845244
0.00385724053093307	0.246685430600471	-0.063840213250947
