0.00123029629571147	-0.000796498521152758	0.221571940038603	-0.00451398513485627	-0.0380202174964649	-2.17630362046863e-05
0.00280077030885485	-0.000784270719998194	0.872030198124639	-0.00610771780949102	-0.0732839165917103	2.28040041211915e-05
0.00498419293477196	-0.0013367434014044	1.84311330320765	-0.0067291351565812	-0.0951434656723727	1.07395864331601e-06
0.00710535636150279	-0.00205598376304057	3.01571988058482	-0.00972473108738548	-0.114609689487101	6.5581402222743e-05
0.00892148459811219	-0.00216530296314339	4.34068952999103	-0.00807425517383951	-0.125602783087112	5.20329605167191e-05
0.010938190679234	-0.00275959204642134	5.71198701124815	-0.0074094713215333	-0.132769147299235	4.51225779945721e-05
0.0136381888187979	-0.00368801930565181	7.06665974046731	-0.00432576126661816	-0.136304864564236	2.00055428482093e-05
0.0169891878633092	-0.00600310549137186	8.32682846516177	-0.00293530263618688	-0.137711180587127	3.22093299048297e-05
0	0	0	0	0	0
0.0203794061236251	-0.00920445767601414	9.48217992044015	-0.00286735057327752	-0.1376121697529	2.90764543593177e-05
0.0153117359057648	-0.00870466576202684	9.34188742900581	-0.00336136059580747	-0.137295568827868	2.34729223958522e-05
0.0116471087146343	-0.00656735167436793	8.74498515285332	-0.00465741606674978	-0.134130961934132	3.26296591455523e-05
0.00964185685667522	-0.00488633560248784	8.268308875342	-0.00701564138445066	-0.131201443919798	1.50212582415335e-05
0.00856955581746455	-0.00347575568247386	8.10607879875516	-0.0107035172623054	-0.129255544437973	-9.20451551502118e-06
0.00898236422570937	-0.0023351040049771	8.42902458562611	-0.0148453755130186	-0.129519886325289	-2.07942194645198e-05
0.00996900893397887	-0.00121444379093623	9.01296452094252	-0.0179207459162088	-0.130525127451204	-5.54597713231241e-05
0.01224939977412	0.000521498428641629	9.8245502346004	-0.020284048935202	-0.130984299014044	-3.92400091730231e-06
0.0162630298550161	0.0010996243029028	10.238494612153	-0.0208698209617724	-0.129582834400971	-3.61560571945105e-05
0.0135036455346484	-0.00146337332770237	8.94101767259037	-0.0191725252539035	-0.130692780659687	-4.52231294438177e-05
0.0111346347593063	-0.00277733532096942	7.54918978032932	-0.0157671487568469	-0.130863990770646	-8.37151305929026e-06
0.00892916811996353	-0.00272811765215112	6.06863593908465	-0.0104818584601694	-0.128150874358267	2.29276748515426e-05
0.0074036334246868	-0.00200522993056495	4.57615721102598	-0.00633750819626615	-0.121255202342728	5.07648084159446e-05
0.00601297238557085	-0.00123382688139605	3.15771956088733	-0.0020335770376194	-0.107935826341949	0.000116758086154651
0.00413079699204385	-0.000163992485015882	1.87848998633622	0.00793039644027905	-0.0903491292812693	6.80122184021182e-05
0.00223810975056477	-0.00038344840870267	0.868916384467329	0.00381219161851978	-0.069010077687395	-1.86499061670674e-06
0.000945257599746602	0.000802012712509264	0.176780350329894	0.0119284393815722	-0.0323479547146448	4.29462890260641e-05
0	0	0	0	0	0
0	0	0	0	0	0
0	0	0	0	0	0
0.00847325790364564	-0.00300680327461187	7.08459246084384	-0.0111550830919463	-0.12893469918465	-5.87617377641989e-06
0.00916073843381495	-0.00275249297349963	7.33604069637077	-0.013326999488198	-0.12982712245333	-1.13066535569996e-05
0.00886230584032704	-0.0032729357003768	6.98591435117619	-0.00838749242805346	-0.129621342552002	-2.00824770193433e-05
0.0105009968903574	-0.00368357536631331	7.07599261010388	-0.00659424592863446	-0.132620821296992	2.48167792895554e-05
0.000812696838492565	8.0169810046838e-05	0.130632894937183	0.00461162251873909	-0.0323648398563254	1.12934936846934e-06
0.00757347536802432	-0.00203004033659291	4.28972705771691	-0.00732648082061806	-0.119190596824819	3.3360430810494e-05
0.00718737306041981	-0.00198072730963017	4.37113209540798	-0.00636345889746804	-0.118679967017824	8.61440468018804e-06
0.00814432429998165	-0.00273212793560556	5.84286088030372	-0.00977811274588513	-0.126472334805366	-5.79545697470257e-06
0.00912402529927899	-0.00258391464996216	5.66831248297359	-0.00784802381958545	-0.128399277544506	1.99303918395647e-05
0.00562156697014992	-0.00151398902036485	2.81280894915058	-0.00565546073554282	-0.104169768732097	4.42198485236327e-05
0.00381399234074881	-0.000609126972284192	1.42739071759821	0.00164318813206961	-0.0844992386140581	1.70461867265657e-05
0.00231432284829887	-0.00027345432245059	0.562424967350311	0.000772687966565183	-0.0577418710648654	-2.03544256415689e-05
0.00817265765572316	-0.00264517334113108	5.68604855710441	-0.00905582788385521	-0.125594924826939	-1.44336671722938e-05
