0.000664850777787718	-0.00023668585613455	-0.0408739413221984	-0.000805897111363564	0.00560956349342139	1.1122947135779e-06
0.00149287902405303	-0.000177259390635452	-0.0710511995716248	-0.00249386697785543	-0.0011072524984439	1.92468316912808e-05
0.00239210108061549	-0.000223295341593117	0.017924337117867	-0.00323845983812951	-0.0138997966296153	2.62976807309907e-06
0.00326439703472152	-0.000281199445640555	0.246403611513904	-0.00487601500550267	-0.0286347407683589	2.79002980779671e-05
0.0040300944713032	-5.72327609251929e-05	0.616412238676752	-0.00235835280704845	-0.0368567702655524	2.45715994612925e-05
0.00484962613024283	-4.63494736575804e-05	1.0521800876464	-0.00098808386309968	-0.0409203684445507	2.20074281555166e-05
0.00594723584851159	-0.000173603628014101	1.50433111975964	0.00152645142852112	-0.0421528847416431	1.10813471340833e-05
0.00743531830477883	-0.00102984122253298	1.92843354024714	0.00294677214363359	-0.0420755558557367	1.17709281968326e-05
0	0	0	0	0	0
0.00883275429455758	-0.00234857199706833	2.31897149137438	0.00369666919768491	-0.0413118195275255	1.09647415005226e-05
0.00674000669554736	-0.00214137744255841	2.22574364410225	0.00339921083096051	-0.0422528591144091	9.52277776604652e-06
0.00524610189232464	-0.00124096002149963	2.00313073595768	0.00249943385814659	-0.0419251194249572	7.46790302702155e-06
0.00451850722481579	-0.000534865391755671	1.83671528289022	0.00117618532824741	-0.0413822966756242	-6.2121836728163e-08
0.00426020047320383	8.51523525364349e-05	1.77870715263508	-0.000586422124751903	-0.0413578974781066	-6.02098151524429e-06
0.0046593557812254	0.00068924217711569	1.88244145635507	-0.00226931653037249	-0.0424230808508947	-3.14647383195104e-06
0.00538133455135775	0.00132260636581993	2.07042789260452	-0.00325534169330077	-0.0437256300828927	-2.82732510682148e-05
0.00681563572928272	0.00229561446707722	2.32492435130282	-0.00376321773491758	-0.0450886211551585	-1.43785208509991e-06
0.00916504247301346	0.0026195645519858	2.43355535049716	-0.00387188952158823	-0.0456995598917137	-2.15120855755679e-05
0.00751727680256011	0.00112282337758526	2.0111608847651	-0.00401193295772497	-0.0453439142447412	-2.71590887900771e-05
0.00621732728992538	0.00021855069829921	1.56228403051716	-0.00349474146910603	-0.0446913921211508	-8.38735577206606e-06
0.00493117465027138	-4.58171808932969e-05	1.09818442039791	-0.0020381603981269	-0.0425824613403065	6.16891954777055e-06
0.00406157920029422	1.91019220497428e-05	0.653869632712874	-0.000878671129350179	-0.0375595632522926	2.11880904045557e-05
0.00334891116157789	8.82295807860438e-05	0.281081779120326	0.000637006249291694	-0.026972781049241	5.58684419768752e-05
0.0023860411501457	0.000362634022443118	0.0221367254375221	0.00542700459617767	-0.0131052737490022	3.48246996762037e-05
0.00141562418491328	7.88394778766912e-05	-0.0605438125926936	0.000734081882449572	-0.00155805279642284	4.3722594114376e-06
0.000627251611777632	0.000418621176999624	-0.0320533778922816	0.000132267450852669	0.00525210890270508	2.7688747058814e-05
0	0	0	0	0	0
0	0	0	0	0	0
0	0	0	0	0	0
0.00433877194889113	7.53457059271778e-05	1.44670467876114	-0.00157540601422664	-0.0415891690059971	-1.3103329311697e-06
0.00492781461463112	0.00022539817705527	1.51592489029505	-0.00241941384787157	-0.0430426372425815	-5.00258584713536e-06
0.00426867537126559	-4.63275197709961e-05	1.42682034570543	-0.000365987129300644	-0.0409354730676883	-1.19560361494498e-05
0.00477652243700372	-0.000195923012324371	1.47372792493627	0.000471690537912415	-0.0414661125035901	7.81016457006196e-06
0.000516992636632094	0.000101112481078933	-0.0182955898175032	-0.000717570792453619	0.00511494479683367	5.7533780835083e-06
0.00365196161943155	-2.75215843810683e-05	0.596221072586818	-0.00180024323430196	-0.033399744712776	1.29008969657559e-05
0.00371654914557871	-8.43273893068303e-06	0.609586761051659	-0.00107628755954114	-0.0344143155300121	4.59808315578962e-06
0.00429249481520318	-7.35443910946597e-05	1.04543433540575	-0.00187438742121787	-0.0405854333128167	-5.44978748980614e-06
0.00425586938600573	1.25248994577943e-05	1.01950617734004	-0.00117504727017939	-0.0394860031938441	6.67094251946726e-06
0.00288583206441341	-0.000106641356761314	0.2147254908629	-0.00231972656200819	-0.0224944122535923	2.34371865412775e-05
0.00202799760871746	3.89516358180005e-05	-0.017226717358864	0.00123287079683649	-0.00917945407432516	1.29676175001235e-05
0.00120680342648278	1.27864269089482e-05	-0.0565912198652543	-0.000792680757906305	0.00247392264435366	-9.30760448064343e-07
0.00406675191750419	-3.83456079827333e-05	1.01004447760728	-0.00176755038819517	-0.0388217042159369	-7.408472952681e-06
