-0.0077256573043906	-0.0071882521913261	-1.15201436927565	0.0225507353438977	0.202674145856315	-0.00122545268861091
-0.0304763109674089	-0.000585327632339107	-4.95457239509614	0.0339072999174902	0.452737541055113	-0.00229548194153264
-0.0334860237122603	-0.0142295935436075	-11.36087903668	0.0436123020314979	0.656379848724445	0.00012932225791543
-0.0433248426789904	-0.0148315830009685	-19.7501700726843	0.0740364480760739	0.847245691031477	0.00159136240969455
-0.0424228348311638	-0.017730026734974	-29.7184668431487	0.0594663875928327	0.945883926242217	0.00210555128599448
-0.0426028066370827	-0.019500148763202	-40.099106772017	0.0610418006667871	0.98982680217312	0.00195046196198617
-0.0421112306115064	-0.0200693473721076	-50.1592926722215	0.0519119288265798	1.00515868970519	0.00181342683829852
-0.0413586985895014	-0.0207980396947311	-59.2846420220756	0.0506422571447877	1.01032125366977	0.00180844307614404
0	0	0	0	0	0
-0.0403088004666404	-0.0217031428895552	-67.5170033135762	0.0527126429599438	1.01232873358338	0.00180921106380858
-0.0417855795583497	-0.0215928271635637	-66.8678480651005	0.0532273770360564	1.0086026812308	0.00181058470389203
-0.0430699442958289	-0.0210092895000927	-62.7825253429818	0.0540284553312209	0.99851091299461	0.0018098214682005
-0.0439159235484825	-0.0205033789613015	-59.3939514749835	0.057851585728983	0.988448800348041	0.00164836323941945
-0.0448251867591291	-0.0201563144524908	-58.2336142491285	0.0658245548742678	0.981363374559794	0.00136115494919423
-0.0457466134554976	-0.0197823732894956	-60.5744793792428	0.0760973770441735	0.983361714246748	0.00106110039976287
-0.0458098216619525	-0.0195776892660753	-64.7304659345047	0.0831663583989705	0.986880673716588	0.000847008444946871
-0.045412439360484	-0.0194597080029788	-70.2627113426959	0.0875497774504574	0.988667816811412	0.00083822756631523
-0.0452283035628637	-0.0194163043286101	-72.599615749637	0.0885536358714166	0.985562909895543	0.000845429458777815
-0.0455553132934102	-0.0195380943408843	-63.3581840556618	0.0851426519691679	0.987909928082547	0.000847455394657523
-0.0453517677060679	-0.0194056877429171	-53.3207429011521	0.0773036096179516	0.987564980272807	0.000837701934436352
-0.0451566589602426	-0.018800041052795	-42.4546939562739	0.0615696717530507	0.972412449790564	0.000570199408748665
-0.0428491278261704	-0.0208315639757438	-31.3126122170063	0.0440068689083973	0.923021902536767	0.000160396683447415
-0.0406608452264838	-0.0179965676352802	-20.7671409605926	0.0167566838503925	0.799809568895779	4.46980953385757e-05
-0.0293652673297995	-0.015460986252294	-11.5940963436306	-0.0608199736222105	0.621882285939652	0.00120775235625661
-0.0310537196541649	-0.0191660015578777	-4.98975672775906	-0.0123106965636632	0.428299115864437	-0.000117045285350275
-0.00722587526135296	0.00126455297973468	-0.938180232418448	-0.062332246729603	0.171907003270902	-0.000102473916231609
0	0	0	0	0	0
0	0	0	0	0	0
0	0	0	0	0	0
-0.0453032300479266	-0.0196412641917143	-50.4346524194705	0.0662912229830471	0.97919536650546	0.00115599316044368
-0.0457212696405216	-0.0193762797118231	-52.1372927889974	0.071110392425841	0.982936217469485	0.000817016279381316
-0.0440757436000271	-0.0198482328509911	-49.7477534975141	0.0598663583839261	0.981023723080296	0.00160010542221255
-0.0432553519017572	-0.0199886516486092	-50.3759232002724	0.0571980324182647	0.991965584249708	0.00180356714662836
-0.00660538362668665	-0.00208599261474044	-0.67179476722594	-0.0229221727042005	0.161709144051998	-0.000275380855647359
-0.0433953785654662	-0.0164054272943433	-29.2836731446601	0.0507133712513429	0.898992734704348	0.00185839443037197
-0.0457866066088666	-0.0183899241942458	-29.8353416508716	0.0452727634687506	0.899885041842795	0.000968162312255363
-0.0467315399108321	-0.0186981008743259	-40.9357559086007	0.061645995236494	0.963589447015673	0.000585083978549215
-0.0437291054798981	-0.0192963458064927	-39.7668669152622	0.0593552844274421	0.970154579750698	0.00178550143227227
-0.0380047670027568	-0.0140229725283715	-18.2552892277233	0.04509989574007	0.759824961877519	0.000430033148091224
-0.0311905944353567	-0.0182094966750155	-8.52901391669623	-0.0159034173476118	0.566528757115224	-0.000421293375241485
-0.0026264647415418	-0.00384627464065329	-3.05675651877263	-0.00102266642773434	0.33443056081274	-0.000768407145687943
-0.0442364523807828	-0.0191514752153961	-39.8525563205493	0.062673575679812	0.95490838289016	0.00143071855995236
