0.489448263905722	1.63149421301907	-3.27090288474921
1.79213681160499	4.24384661771546	1.44277182939788
-66.476905870009	-14.7985722519457	5.66530131178466
24.0206778098974	12.3929591109518	-8.45016888381249
30.2507883793878	36.9030891769499	18.384453548694
272.840787739906	128.264492611588	-85.0390608308543
136.189721133863	452.155951509857	15.1749737867926
407.857864011674	184.203684699891	128.026039723307
389.918526110347	218.239353898388	153.875057469048
147.95726745904	486.577048500895	-50.3837015574111
505.309605935462	161.710471641302	-73.4473827438659
168.440757398833	556.842140118924	39.7483836192359
400.711320719008	329.717663485686	-195.43877650095
390.745236798415	173.398026270278	111.466043322433
199.103636006848	429.290411060433	128.069442625934
403.700484867676	245.591182893334	-157.5412857018
154.175077273243	497.269380351573	-49.0846568117565
457.451351393772	159.956889725383	80.9674911617864
163.541201065382	537.039371657599	40.4877641132771
415.034051206199	181.160882635482	-109.818657242863
381.643403729582	179.309647003172	-111.256117008306
121.287654580403	65.8823280292273	36.8232736215286
16.2323359650606	42.2845471216258	-11.9782142664354
3.6147598617594	-48.6222522433479	6.17452177438437
-8.42573258432219	-24.4931588180788	-12.6091395385622
-0.305312681651252	-1.01770893883751	2.34478707695391
0.400854944029671	0.294266283456145	0.182123982209192
110.653221983334	354.217097035541	-23.1981192584037
276.677706529932	150.37886599342	87.6345101730589
401.381182621585	257.927141808336	168.385266232571
137.659998618321	472.77243759604	-20.9518075133259
403.133060161619	205.09728309677	-136.951108149176
382.067978090553	214.660339829633	-148.809573807302
135.010138601452	479.458862339957	13.4848165724427
374.992253453398	222.291095349396	-148.52745416093
-18.5483231248226	-43.0556025233095	19.1529258044748
7.58313265180178	2.29038283018516	-0.66229638417233
188.352798351953	83.2898181428194	-50.8157128094909
289.638312079259	158.47356876286	97.4324695365816
56.1367351347262	174.736495076573	-4.19903349134945
139.44904267756	91.890826831294	-37.3650335089113
366.879794352378	203.109442532164	135.775068564184
292.137093645119	148.880830728636	90.9018578081621
320.586099658341	154.452535549142	-97.7981808268799
122.771318659829	427.566467560999	0.985921349515369
18.1199114045982	-4.84534224079283	4.62265709274465
69.4746769370161	190.03711284691	-11.8435504935063
-13.670081843303	-46.0996961214352	17.2467284975855
-2.93837676328004	-34.2875394122241	27.4810639395365
-32.1232450981259	-5.5439827890696	-3.56058302860271
-13.5271121465138	-47.9514044413849	-25.739581977534
361.407079530734	174.789122494262	120.33030830963
97.9266732138166	320.805337391943	-12.6123973807109
