13.0332645718138	43.4442152393795	10.1332037147731
42.8801114408771	12.1351944490639	-23.3359546976305
253.662085109587	71.1717512216645	-21.2428851367495
149.538337945927	460.321800847747	101.639705103869
192.026916661127	634.291557093651	-126.499892206031
1057.66514739075	517.577143425585	-323.979379796668
414.762936384929	1364.52591464684	74.2023796752066
1227.26454207199	588.483813217147	352.779824872396
1150.79352186681	691.708144320898	426.048905766751
461.580431311012	1389.49885983308	-175.517400530416
1446.72002264832	473.372272891572	-165.862852055907
474.138331687521	1533.78011849913	97.6343212594987
1092.30693598552	877.042566835447	-527.234468955543
1221.50371373059	543.172779540863	328.185353354941
575.21235691239	1269.51286504467	356.414587928257
1193.62609771911	652.321765774745	-420.773693953758
459.717623510529	1407.29075444501	-161.039131981776
1344.85351816802	487.038189175755	222.697766492287
463.33861393005	1491.79733994909	95.4997381483126
1291.9407054348	510.835612395643	-296.032530681238
1221.36871006253	529.466384503367	-325.395800380449
776.595074910061	369.02648517134	245.577662982355
485.564265026523	85.481417918537	-12.9087596683496
91.5456444931438	296.145106414721	-76.9037279135284
33.5535176764341	82.7808592392867	39.9413461737992
16.6915598049243	55.638532683081	-5.45856063581048
55.2956213932938	29.5605305079338	19.153437586657
400.19869243065	1254.26788751697	-135.696573998466
1000.8890370698	542.187561847172	354.874656820059
1130.20749575877	761.791984190839	472.362618588592
450.637169531341	1419.97343828545	-102.965800799171
1193.46662671949	630.382654988016	-396.707430653961
1142.40905404705	639.183117696355	-405.468346615154
428.907779905476	1405.96575755031	37.0298029446944
1107.32498879466	666.059831012008	-426.148915756001
57.0092421343217	129.517720297638	-52.5498755225244
-1.02188423271697	53.273076600291	-0.720632631586297
752.772329794016	475.023769102663	-313.005446590852
1088.74989587111	480.891371263002	305.637198693014
315.836139813373	993.439969820177	-114.777117035266
824.49873624085	343.088020922081	-229.705990338848
1129.42503929369	659.950466730877	419.05979241414
1010.43638620372	585.594115477234	379.997987824373
1065.52142881687	535.570324214494	-344.884374020726
408.40526118075	1346.24390833233	21.5372579203595
338.600256886837	419.005070476799	-221.545625927856
267.13761579129	887.628878328954	103.531205519389
54.3780528416299	139.985560535055	-50.4410799182367
119.870397337108	244.488226207827	-117.305106828827
106.250435706976	17.1705640831845	11.4574721256413
71.5721069623028	224.021335924416	67.4594752180215
1177.41152644939	595.035856244232	368.77897263356
371.694942434909	1212.82953189502	-93.9471258646531
