99.5533075651881	331.844358550627	44.3718316560138
299.07824406983	142.46000743347	-154.55864257828
2275.34567217805	700.745300201067	-142.738469925768
1666.76267728727	4108.95156876914	1012.22570385825
1886.50189155558	5377.49606113557	-1029.60986050392
7606.24089399749	3230.48914939244	-2068.70480202802
2848.0813266255	9421.72089470008	372.209315369255
8399.7026770077	3569.71929956952	2286.78452487237
7839.61201302449	3951.71004803616	2699.1277954474
3079.72588252575	9185.13924346904	-1381.70472471949
9543.01862675752	3002.87422850883	-941.986286181796
3011.13792154548	9756.63229274515	715.604851618138
7094.4484577184	4744.20675336849	-3250.8091483021
8333.20966275439	3422.84358359887	2161.34119302248
3774.27795973869	8490.98729850375	2534.42643856783
8520.82827259933	3744.3357445683	-2503.67250813416
3221.87390754857	9286.78538583809	-1596.1556070391
9191.3116464114	3185.14811819242	1527.6411197383
3008.01920906257	9728.91533992283	722.052226115862
8851.11317049044	3199.93645266573	-1765.88153536998
8493.98802315921	3296.08697795138	-1993.51460509841
6092.33361129262	2718.67137357176	1794.98936992526
4543.02830110749	1216.88801286307	-108.982026346336
1234.36183325627	2751.17039683283	-856.764353617507
368.354465433577	713.517197323944	295.918301533982
121.728624650655	405.762082168848	-18.1308267517018
356.530365039336	191.943819219262	124.232564465745
2868.22880361436	8782.0468527721	-1140.65725956504
7225.39813127075	3487.62843176374	2372.92060973503
7568.27419105483	4242.964273562	2939.28337517695
2992.65743289071	9514.4661591278	-833.634139517534
8310.71574668932	3595.47516073226	-2351.25103861173
7949.134653078	3760.79190255725	-2570.52459218858
2917.89294604686	9719.60774498913	-20.1438501333685
7885.18303413893	3875.56625565816	-2678.91430873223
515.257617556828	1135.5718283672	-370.51198432787
57.4376648832099	370.143352097418	-27.3238601276059
5920.60229734846	3136.02680594603	-2167.49068126893
7692.80772236976	3188.14452320637	2049.51600156689
2448.4922269417	7488.73097611142	-974.668331677457
6535.3569223092	2567.38160509645	-1569.93957900763
7748.07944323483	3895.52394019624	2684.62982368044
7223.22751984492	3686.41840883293	2538.589603163
7643.10793075188	3283.80596012373	-2147.45562087133
2804.0960581529	9331.84931644379	4.2437434537955
2956.79344594245	3295.46324015083	-1799.02606976937
2221.9306471471	6970.41146771757	795.402839693915
572.248312130227	1215.38857665505	-390.982098652142
1342.70871491841	2397.85235812886	-963.533201974398
862.296997887229	207.890268175271	59.5603490965549
805.94706728425	2088.93471990876	529.167866653585
8062.66895516714	3609.65925166636	2386.77710828616
2696.12121604466	8627.67750790751	-789.225688153445
