-6.79010822542166	-22.6336940847389	-6.34789557030767
-20.8446310997968	-5.60657674042485	12.7056737461712
-54.4438130939582	-8.94961043352157	3.12362381245606
55.4599561319457	85.1669748156917	4.70637301996602
67.6214459026304	140.340802686621	5.57915451074413
450.238133031546	210.739674767034	-137.3126042241
207.188191133723	688.860227543589	21.8113475538603
618.466396375044	284.464520759327	191.803751961526
585.759249231962	332.94417631258	227.869142911907
225.073393585918	722.381715760611	-80.9545795136868
748.669215420752	238.840359281398	-100.144568589691
245.393816920586	810.002669039522	52.9981764307101
586.416100429487	472.34698233538	-282.488523782443
596.577348659261	268.178829816095	171.159697278635
297.708665343594	660.604688160898	188.942599044834
621.41263452422	358.569151978077	-231.5849719969
235.614169385665	744.165834194391	-82.9174051079712
691.806993253537	245.623509291504	124.423179612122
240.474985934622	789.345240890587	54.4904174553264
635.233668805886	267.897397317703	-159.435150614578
590.355312019903	269.035434413233	-165.89695947381
247.961189632727	129.485105242029	77.3746182202812
94.384262493732	70.2740013444045	-17.0565502217699
21.2015012938545	-17.1207324262206	-3.68269974988515
-10.736598309599	-36.7953165969962	-18.7589155816305
-8.7560450351685	-29.186816783895	3.47481609539569
-27.9431044491305	-14.8101019849717	-9.60970289921452
179.567345063655	567.955460296099	-46.0857282700019
445.849611949512	244.290836617353	147.157221045419
592.001860611551	385.295825747752	248.390900230987
212.590162875466	713.942262050322	-39.1993913779464
612.806815021606	306.335301250492	-202.515414138347
580.877020530674	321.959904927198	-219.398549574325
207.75530203232	727.924710278104	13.9313290422035
573.225711872525	334.465465059623	-222.08111590309
-22.0911343609773	-54.5741147064449	24.6205265213084
2.69728670100496	-26.9300408802832	0.306419175073843
322.61018272881	158.45895030081	-99.2037303678782
469.276117417728	245.739756052874	152.666542545389
109.041035776692	339.080829334396	-20.9944811710403
277.905213181596	155.285962150019	-73.7900432401105
557.82617809522	314.934944790055	207.884547986427
463.931725704898	247.843906519474	154.239020324905
505.063334688838	241.464240554939	-153.13347288048
191.118537210378	657.886279464286	-0.0082966050622501
72.9861752116675	55.1291110997219	-25.8340684546842
119.328671865996	344.427881049657	-1.07916173677877
-16.0745549916532	-56.8734955492559	22.847587070389
17.8812468546758	-6.26471769515187	18.4818663188442
-47.7775220271572	-5.7100320967527	-4.79468292465815
-7.03489792052321	-31.8867087736667	-27.0120893458403
557.840905841438	274.919030749608	185.036027004719
161.215669710201	524.730169451933	-28.0267483164251
