61.2844065256616	204.281355085539	26.024167796344
190.175127311358	88.0449481088871	-95.9097719125471
660.277371186866	191.286317471282	-30.7643814504716
347.219858492378	840.813189037715	221.226626450197
360.918468102382	1034.94302894216	-188.337715160281
1000.48228627625	445.996041714755	-279.80182294129
341.259479631307	1140.24147260239	-1.39949711577358
986.359627928715	480.059144211863	316.579303168314
906.092991082789	513.002770904857	338.119953797382
350.857805823369	1061.75579694605	-143.409048003263
1049.83174908536	332.841384578634	-108.015006726442
307.704503550823	1007.42557937625	60.3065339652826
736.623694034412	584.240732855823	-350.821235643968
974.463116428096	479.077270322935	311.795226968947
422.768823151953	1172.15893246571	217.603271388774
1105.68977678213	466.633935746416	-282.163863474684
421.004360620155	1100.50322904553	-231.799596426617
1084.78011899986	421.844305175746	249.094846531419
322.328072463594	1059.13672841889	64.137500879701
1053.44049431822	398.903403680784	-218.223664240968
1035.99746755251	426.445697516668	-255.467207677544
943.500090866139	466.749882844737	303.517670877789
931.157058650112	241.628795364902	-4.44982045347535
312.851463924388	728.384582459555	-211.748128466732
144.34980906102	299.267850776398	126.711299788457
74.0369026047794	246.789675349265	-10.2981814619829
230.516682209545	123.605543262653	80.0500986620396
377.989703598044	1152.07212751917	-141.521011561535
932.797997347245	528.281485130576	344.055593890022
842.777018852789	538.189514572638	344.85180096955
345.015586586072	1113.00621616806	-91.3566444551411
1012.84632210706	434.559803924298	-268.497534096899
956.973342973816	496.517336411736	-324.7728358798
358.815678655945	1183.55639137278	-67.665244613285
994.267882319973	512.800287707514	-333.340702886807
191.221800137143	426.118737505261	-147.530124996576
40.3696857567263	238.235298671539	-13.1919349566364
862.689643354495	503.296950013004	-325.329416362887
973.778436329448	465.903461159537	296.096892318215
378.523881459985	1153.73749941456	-141.236871686205
1025.80547520726	413.350206767007	-250.787198861495
915.223846617261	536.479128689796	348.490501365701
923.175841042338	567.4415903643	365.41323507771
974.799986768666	434.78659640376	-271.562306227251
340.759168823585	1137.83220384603	-28.0564267869105
556.562076518578	679.567497494765	-338.265850968311
339.787957027979	1059.53984801173	122.039097962465
197.030576835641	463.193988249234	-145.363141647509
331.722651343611	626.747202163094	-243.29015462006
361.286488663087	76.005000998091	24.1592742038009
231.299280449187	588.409140345717	166.220972564405
957.338728816278	497.790517806405	326.681490056006
355.472831868173	1137.99692811295	-101.228445801318
