78.8356808760524	262.785602920175	34.3599562009156
243.151637275636	113.735753881382	-123.804149531854
1188.25589457389	353.675945565611	-65.8615748603281
723.619042333325	1785.8792761019	446.801806511636
787.108031058018	2277.41897244524	-416.575058291937
2687.83889155602	1195.36770943823	-753.117380725027
965.202411517365	3212.14886745712	56.6005702443839
2818.69101512105	1318.48361395554	850.118183707654
2609.71270319201	1451.88320576622	952.923204651882
1024.92265283994	3076.98082095671	-426.041886351043
3116.68526559483	990.990791413666	-318.697603208264
952.768789508979	3104.54711401846	192.480616452846
2256.23205160107	1710.66660167195	-1065.50791673443
2789.56795459871	1280.447980428	822.046777755129
1237.55107594097	3150.01263220776	719.533220623195
3002.11626880719	1331.753116419	-844.011134663639
1138.33424088441	3147.31593249999	-582.086151255458
3094.13687210534	1146.28759878902	620.680216008917
971.51773132955	3167.91974734257	198.467385977689
2994.59167644002	1124.05220968739	-621.574311752836
2903.51513253418	1182.77264780007	-712.363672869412
2306.16899566065	1102.80290974128	724.525171076369
1966.00396189295	514.179283926286	-29.1959314221197
591.891883202651	1371.56507779787	-404.776287696759
229.213598641775	458.375422562849	192.339414415849
96.3016156941785	321.005385647262	-14.0264692539967
292.491011741924	157.234932226609	101.788777991371
1017.99555812523	3116.63880588861	-384.287365591468
2521.63237162779	1356.40666743992	896.621575847606
2475.68646975201	1549.51625010654	1006.38491994539
1003.14659949232	3201.29364109181	-266.570281182134
2841.87620337084	1265.81799782371	-797.474669005679
2699.7950498615	1379.80816473989	-907.528013593417
1002.53188370496	3322.45947326947	-98.822705384911
2736.36172348337	1425.8351543331	-939.993141008783
308.424131354282	678.814067734683	-231.654703241298
49.1171638990223	302.337010329153	-18.6735411692926
2183.23493681964	1240.93713300155	-820.732158294801
2664.95474391415	1212.54928780299	776.593179909165
931.269219826258	2854.04220193468	-352.411509542871
2496.03530885416	1006.37799952204	-617.213628536302
2604.89053321531	1466.37819517619	965.60645915651
2513.73036522378	1449.20757159983	956.709900326112
2663.31969347243	1194.84398811288	-759.341324676906
958.551782719965	3189.05385233796	-39.4362713873342
1231.91052610699	1449.12422488857	-749.906214053129
833.6404218364	2624.24946486946	292.42628169188
324.847145899979	739.050463819371	-231.456899068523
643.378452221812	1177.3824903976	-468.174876723586
553.480596885073	124.98300204161	37.3673021173811
417.076505343375	1074.38583108316	287.467801587129
2718.81681923561	1350.88921359713	882.092119403621
953.92785827535	3056.89491204573	-270.969061410819
