0.616268479845463	2.05422826615154	0.939551484952233
1.45846426599164	-0.483681948906133	-1.62315313176595
16.2778284209493	3.70962818503421	-1.57541072582336
1.59413925109582	14.6596826916617	4.33520350689672
3.50582970868033	19.1317243094362	-7.26883625646081
15.9534626408506	10.7743426758252	-5.43254393544653
4.62912574987517	11.4892207195296	4.234141238143
9.87608913145287	4.20035627081671	1.67000234292728
7.5857200948773	7.08862134821958	3.30405001266059
5.04286626473104	9.08310787460699	-2.63889372599096
11.7426534486099	4.71896411363918	1.34176757123571
2.99265539057704	9.26457049962163	-0.410210882250965
8.22448891850341	4.81846371033115	-3.46250474543669
14.0141598947799	4.65528451113635	1.20154597596033
4.65516356457282	6.45104781147657	2.76105669487091
5.9807213572522	5.51592538808072	-2.89989808205586
3.8278791171021	12.1136138990623	2.06169152940415
10.4541270276684	2.00627053480343	-0.391916623130174
4.04175226422043	12.479686982155	-2.07154820780343
13.950218891934	3.3967488672792	-1.01819809459049
12.1851012945101	4.66366832570803	-1.97469420956864
18.0404219149732	7.78299116619854	5.84092613703922
14.7994808564431	-2.93519144691392	0.794447973799113
1.89121366487001	15.3103244742485	-3.0101852335384
1.64171644849982	5.98069970091795	3.47529538553957
0.96325862047767	3.2108620682589	-0.936290718958786
2.56086688292502	1.37908626783379	0.892539055929134
6.49448748874403	16.9955276273512	-5.07914811693428
12.8486432514701	6.90773612429078	5.40569918634804
6.2388729335015	7.33387184093923	4.42058772279471
7.46374366434527	15.1824271744271	-4.96115827706359
8.85859739821077	12.3248390880261	-5.73678587378176
7.5455540939494	5.62441102856846	-1.39950791558766
5.75900693390158	9.95786923774579	3.04906801412638
5.5867157210531	7.29331392353449	-2.95238455919153
3.58444217735115	9.54524870328085	-4.49745093775254
-1.33987039666758	2.23927054269329	0.218089580676215
9.95210833309539	12.703972937642	-8.18939342693042
17.1178170146576	3.26818072488852	1.66412278292915
6.86614844135035	20.8834892493985	-5.01630235532426
17.1909009188384	3.33100279092893	-5.64070677544036
9.91481676726569	9.53856343020229	4.80470825264534
11.5079467283274	9.45538992329904	6.94521237640551
11.3850770641892	10.4990003687794	-6.81213426740936
5.61490175482729	11.9979080304547	2.03279372473883
10.1297861356848	17.003349303637	-9.12077523116396
2.71645245294341	14.4898687871702	6.15394187192204
2.83462846160033	9.47298192818872	-4.17146323769428
4.11236301854823	12.1850498774248	-7.43246440307504
8.25774622858864	0.480945747549417	0.812832838881428
3.62564645586412	12.6846705893751	5.42873117338181
13.0968295713783	8.34619182339191	2.8184580660428
6.51798227185926	17.5952388497061	-3.00361059215288
