-61.1044071446748	-203.681357148916	-27.3952635926824
-192.000079420077	-76.0257799233676	94.5977333336934
785.764561472544	262.181649907908	-60.1575460542893
809.213424492004	1824.31963565532	420.640393962824
883.758335618726	2418.96188397334	-364.078367654425
3257.46098048569	1432.88887886926	-910.607775399678
1220.31727813046	4056.98739459206	84.4035287653239
3578.02892603935	1631.76907658028	1061.50841016968
3325.99862514228	1801.67911060663	1204.80841425107
1298.2818511304	3930.83599717402	-536.675604207624
4000.2562720138	1267.17005108311	-421.883280620639
1236.28732260888	4030.89001031453	260.364921784436
2933.48309557049	2182.02719391091	-1379.8759897945
3524.95504739944	1580.10165155146	1014.71766031679
1589.38255127817	3922.31273854452	963.636479588273
3765.6181151194	1700.92260837765	-1096.65516432071
1423.57367545934	4021.35864544779	-709.628528840054
3935.497909099	1430.64164037276	758.174637652526
1254.33317491375	4088.22520662317	268.98230970173
3772.83707297604	1425.3908492171	-795.639697403616
3632.72886380209	1487.64048015298	-898.120395891899
2621.90767397424	1250.36124133542	809.178553137206
2022.61247999411	670.037193951223	-75.2223957940669
590.663760266461	1141.0913347577	-367.571643858511
100.740728063667	77.3468127364743	16.9997239971696
-68.978272897209	-229.92757632403	9.42862297574053
-248.106496323565	-131.211038349867	-85.1650909900204
1248.61128481009	3832.08396948434	-453.908963762421
3095.67580660311	1627.41620358479	1065.00346214172
3183.15410241296	1943.04581748532	1282.06627674991
1263.55560910899	4062.49891539642	-325.535485675601
3592.76214623951	1593.83316040465	-1021.62412530359
3413.01818579611	1729.66264318286	-1154.93923309046
1256.31328114921	4208.05998752773	-89.9158119861564
3445.85172682157	1785.489969921	-1191.247293447
118.541472632402	215.015245305322	-43.0736152712484
-38.6307774888755	-254.326297578408	2.2091688998125
2628.59534161052	1414.90767634629	-936.058770122555
3257.15466686054	1497.71957740714	958.456820441602
1069.63809578389	3281.2678176133	-377.272986080552
2853.68346880449	1211.55937629791	-700.316811122028
3293.40213825387	1802.71223343347	1202.08666377757
3106.38908191519	1713.42323192117	1135.08602786788
3309.89560255393	1470.7699112271	-937.836667861162
1196.31290118993	4001.00255074135	-42.5837632038909
1300.12235447651	1442.78556470142	-747.101243872691
1004.30142187927	3087.20484325581	279.729175336978
151.262022565702	261.3623388915	-44.2814573712411
636.131384847441	1018.16008844673	-352.713711579953
77.8507114385252	68.5699388142487	-1.67951362202348
321.480057849606	783.870626666313	129.236313952762
3408.57899240748	1651.46123751833	1089.56581724926
1163.95335597045	3721.20191817127	-309.270042189919
