-64.2800449837065	-214.266816612355	-27.9397960209535
-203.585324089567	-79.7520175919835	98.7685678381952
835.71815133254	276.535719626551	-61.6451617144657
792.717104126369	1776.96500706953	420.65418836696
848.784722627933	2329.82475445011	-357.116707265634
2867.52936013991	1261.04263040116	-795.197668846684
1040.7070684149	3460.6701457434	48.1208739916646
3032.71565942289	1411.75262279296	914.884123492144
2810.47409599153	1540.02830595752	1017.92913175689
1097.85405014799	3302.83142852232	-452.736110698979
3327.7926995541	1057.99163343194	-345.019247045215
1012.73572769343	3292.59558662956	213.794150849903
2389.14823452265	1817.05720949728	-1132.23034676312
2995.20648648045	1377.26885548301	886.998064483133
1322.05476152534	3400.7097397963	762.981534269222
3246.48494716001	1416.1770149874	-891.710236316219
1233.38065214194	3370.79045146386	-644.924197818729
3326.57454731929	1235.30138605197	676.061585984786
1037.15090518519	3376.67431651722	221.500672935131
3214.80951553453	1209.14570557469	-667.81739147578
3119.96019613728	1276.04326451164	-764.550915791644
2410.85399267577	1158.49097165866	749.088414130213
1974.82367074101	648.105721723352	-64.5649427676218
602.451313048118	1176.59021104841	-374.132131037581
115.250847090376	100.54120934905	25.6143630721236
-71.8512974167424	-239.504324722475	9.19518570851273
-263.337082227303	-139.239947130228	-90.3788029947802
1096.1789860464	3350.55491426183	-405.769233070022
2710.88569419161	1449.20587120942	946.49148901146
2658.87080551141	1637.13535520663	1069.92312783296
1071.13764454688	3433.8060398663	-279.764692409863
3067.13150791048	1343.88357599087	-846.638076588521
2910.86262423589	1481.30131938634	-976.282238706438
1078.74271130127	3577.60038607668	-122.928078410545
2962.68241610524	1525.63824921848	-1005.56628885809
136.971691690743	253.318889069761	-54.6999157093725
-42.7994394673565	-269.882624636778	1.59899473308366
2370.97296931615	1289.66999902478	-850.171770663891
2840.85667161743	1317.3135110204	843.508948997149
981.606595796104	3002.30190117093	-352.908850217675
2627.66129221244	1103.02033682901	-639.455682918248
2804.79262238067	1560.32633103428	1031.87943696904
2707.18813056663	1529.50407649961	1010.39900262829
2880.3183675373	1276.27698908242	-807.410852868187
1030.2769789106	3430.83867183266	-53.1169094407079
1252.33979448173	1403.78002723657	-722.553355381939
915.390102284964	2810.53376418956	267.552869759545
168.460972148195	302.048353526717	-54.6757966541657
648.275690619557	1047.47496366437	-365.236912597524
104.861933758839	78.5892048619047	-1.29245263491433
341.083099211418	822.516836536457	144.647505388069
2914.31832297456	1439.39097006344	944.249371524585
1026.48421206456	3269.89292451509	-279.148006380542
