-96.5234827321754	-321.744942440585	-38.4340572745001
-302.549203915099	-118.446909237725	143.521432111656
2838.56274536883	888.962972572078	-182.905874259739
2648.18502186717	5998.08521974297	1568.02518674619
2936.25010980942	7873.21441188546	-1489.71177068536
11323.5910949952	4519.4924580468	-2913.59136769273
4255.88653117194	14108.4987411575	492.441005950479
12573.558752165	5055.86691244678	3324.90749330959
11737.7600933778	5472.93663566881	3905.51596756399
4557.62272165336	13544.0383528275	-2220.14807045844
14183.2609116384	4402.06222416453	-1332.56704868246
4429.90475388782	14373.9074133609	1121.9627235386
10573.0041488097	6499.23214981061	-4694.31506112427
12420.26131346	4902.80049602622	3143.04112137103
5579.17088843379	12395.822743678	3946.14754609654
12923.1959768675	5313.52376304279	-3556.66398235786
4853.01597658283	13644.5173797721	-2687.92418778222
13768.1978118054	4664.40133538964	2251.21923427822
4451.41374217497	14425.2700757796	1143.08416646461
13216.4103874856	4650.09688058515	-2504.94749880461
12698.8754383603	4737.46910349137	-2835.98281094936
9043.2634187939	3859.36446231078	2567.55387569189
6861.39816914141	2133.45044843811	-202.479649722752
1978.74277740024	3737.43745721116	-1347.42866355236
378.426312967265	469.123043541943	171.711566597741
-103.931335234968	-346.437784116558	10.186827697868
-395.06423863273	-207.976498950573	-135.069265645282
4280.75092496823	12959.7660204134	-1838.54073410601
10788.3559721059	4894.68080577488	3394.66355232096
11308.1450515891	5848.49752963552	4238.29819119716
4419.63411518377	14096.2288919238	-1354.90393115474
12515.1658442798	5032.64504132223	-3313.18113578699
11961.6889227021	5282.7852084751	-3719.33464152626
4349.782453956	14595.5284759484	-163.019180588105
11947.9999889113	5423.86893675242	-3849.1035022295
489.428767191004	1020.10943907286	-269.628007176411
-69.6329826836471	-409.16738693091	-2.92471959871503
9016.68102123215	4318.0990708319	-3048.26550831018
11408.054872386	4626.16329892012	2988.32879336522
3630.98470792585	10974.3347255162	-1527.24140788879
9768.1700573849	3776.00867059279	-2192.50909596935
11571.9758740396	5426.76272991788	3870.4306377746
10800.4546806591	5126.88893522388	3620.80880219264
11502.4694894755	4635.20791271916	-3021.93154585153
4159.09766448152	13941.2938725801	-78.5445676735676
4380.89693517707	4484.33141346826	-2587.36690907581
3390.01904893522	10463.1436327539	1152.76990648023
616.520037020067	1145.82174276388	-306.118577441986
2043.49263228966	3371.56566827479	-1278.44944655151
541.439050238184	230.675158536157	22.3899825197918
1091.75431992723	2717.68251280665	570.60143165519
11991.4706763161	5066.89586208161	3444.79603272622
4013.02407334505	12766.1977263077	-1266.56429283581
