18.5424960425754	61.8083201419179	6.4803146529338
58.298566561066	27.3069086441481	-28.1335617295857
38.3610608956156	9.37227207610728	2.14649024534091
10.4384187459667	8.45796788192192	5.51689700805534
6.41349153547022	-1.8684258018596	3.34135584236548
-17.2110547271637	-13.0673471207602	6.44012969440144
-2.19465370445231	-5.38262863738198	-6.10327987793986
-6.77300914219472	-7.83971858499229	3.14741093990653
-4.69969623208111	-11.3779783441527	1.44768006798108
-5.11197724873167	-1.79664274000584	3.01984563107527
-4.90151496902179	-3.28282979088747	-3.89649569726429
-2.09520068030454	-2.62793558059751	2.04136898555424
-0.477762340125632	0.49754829935912	-0.398893524740155
-11.1897260839618	-3.71708869761775	1.14964322014325
-1.98714489107004	2.21675085708711	-2.74205274455744
4.04879294592508	2.15579977967051	1.09946851444895
2.01425663570337	-0.0349537525013753	-3.23700345498249
-4.19293921932503	-2.01176517941159	4.42305988837765
-1.72644823610746	-1.47041076105444	2.59202701891564
-9.98074481514581	-0.272181316890847	-0.624249403056915
-10.0670772407692	-2.71159452284827	1.33106753614769
-14.8465965352255	-4.37656085639167	-4.67841776514762
13.9443968128101	10.3933880766467	1.75866668231902
17.6163905847288	28.0951858320349	-10.591865063994
18.1226644138913	44.9847740760555	19.5965636239421
21.6207314284216	72.0691047614054	-1.97954597612044
71.4070913721479	38.1348933120231	24.7131984718518
-5.39589545494591	-16.353756684182	4.91322026619512
-12.7965596893978	-6.33935175901106	-6.22638227778758
-0.586289784979629	-8.47887787788006	-0.726839995651267
-7.14291870656259	-8.72051019324519	4.39040164924414
-1.46386132425388	-9.36988945315194	3.85341076080267
-3.0389176707676	-5.18152923297071	-1.92976370253231
-3.20141546036291	-1.07417133712634	-5.01927687239382
1.9198820520001	-6.16493693932957	0.99177317902177
21.4752850509886	52.8333229777715	-18.5168028485588
15.4829737123163	74.3068853675447	-3.16014961660001
-5.53779620859531	-13.1732659593425	9.88385240102731
-18.7773316326983	0.209504467167217	-0.791906319550526
-5.28472346270385	-20.4578411035646	4.98371729925487
-12.2865365430992	-0.284787932282061	6.43145018878059
-7.76079011363055	-9.75289216719699	-2.85293351178968
-10.8752551932799	-9.75937197734471	-8.088910494806
-9.00581425512586	-10.2912009516111	7.20545554252862
-5.20417736389409	-9.40738724304348	-3.98330522554156
-0.960099738251621	-2.51898402790108	4.27136734027123
0.948681918535452	-9.28557112140328	-7.11297003083584
22.5084896930851	55.3975447666099	-18.9532357521778
11.5708496678541	26.2060328935567	-5.6893188186946
54.3378128252659	7.20379756910614	3.37961844499761
14.5631775902321	31.6983585147905	11.864043637353
-13.7493755219834	-10.1815449807351	-0.999858397177451
-5.96773012437935	-18.6494696425799	3.63313397306169
