79.2061232070738	264.020410690246	34.1654366230151
244.218434966008	114.835810535988	-124.270743901057
1143.10253957618	339.234280135415	-62.0860680025241
680.313217067762	1667.07762079526	422.343464196054
731.080940011178	2114.30588365251	-384.367218497211
2416.54137692077	1080.71013678617	-679.440187386671
864.73408145334	2875.91775821347	51.4329766286721
2523.53083442586	1185.93808854073	760.635107254258
2329.11490320231	1307.25317653106	852.091825141361
915.664101815887	2741.80564319447	-382.65851449669
2781.02008239304	881.706249897279	-275.912372153143
845.280940893892	2762.31446963482	156.143526231039
2023.6875155337	1521.29439229369	-946.39683743136
2498.38235229893	1152.81276835213	737.080912472326
1116.44639208738	2837.1662965263	647.115473118833
2696.87939594632	1206.38285254895	-764.520649512224
1021.07540289014	2829.52364124881	-515.945723260714
2775.61332214358	1030.20059141006	555.21440789255
866.355151497516	2832.08668158946	162.782652773963
2683.09706437713	1006.04592892122	-553.881016109897
2598.2872942889	1060.86194061027	-637.839613761629
2105.46804832591	1010.07547566393	661.752116545989
1839.29341172239	482.432054757025	-25.4862499216317
564.989628903882	1308.72510015861	-384.914005413401
226.422722852903	452.418008565664	189.793826890965
96.6554101358758	322.184700452919	-13.7527855923813
293.921821028799	157.838270903187	102.196963255983
919.707461373283	2807.15512814747	-348.283366635173
2267.35834476578	1226.66317780508	808.874893999264
2202.18728486724	1398.36337585102	900.652876319756
903.144974491637	2868.70372478979	-246.664249831416
2542.92499741946	1141.97411838552	-718.001366967079
2411.57498746603	1239.62444764514	-812.248031111943
899.633119456436	2980.18912641594	-86.314716429984
2448.29037494081	1286.09051826716	-844.750529413568
302.515937559876	666.901972044978	-227.199461067123
50.324570794563	303.993639713764	-18.6885926922775
1979.78572717717	1134.4800374075	-747.072040451966
2395.2568817855	1093.66853084959	698.703654365603
848.672866693009	2599.82449773059	-319.648404347737
2277.36145719278	919.16405042261	-563.367297399519
2328.2935077574	1325.9225007512	868.032159990385
2258.46422713306	1313.77298561773	864.59064026248
2389.75040594612	1079.9648685965	-684.948513221487
857.906876188375	2852.70673881788	-35.917496942548
1142.19651933706	1353.60336675995	-695.507865188584
760.675575483441	2387.99012046653	269.969825544493
316.856350320726	724.717105614785	-225.933994677347
612.39223365232	1125.7301921461	-444.655724982431
545.941238583643	122.931713633381	36.1921679666402
402.783324188655	1030.73030217059	278.459039710402
2432.05062918906	1218.00111941296	791.338540790513
860.662754747476	2751.4357013374	-243.429601375515
