-29.8879524431497	-99.6265081438322	-13.0049836087223
-95.3786809239762	-38.7219347590047	46.4700549320462
86.0774801002453	34.8039320756788	-8.84173608551512
114.367970406734	240.589290107953	50.6297428249347
119.373486323436	316.729882793882	-38.6595532059288
390.858638349267	176.214866489924	-110.62932609551
146.183180627744	490.33958276352	2.67983145139053
428.548477790208	207.985904478871	136.489172433769
393.498339503787	230.179502280713	151.118419212895
153.766584297384	468.994690664668	-63.8618862390968
477.120767981032	148.388386904082	-47.1094810024266
142.889919502227	475.429173630034	19.3181794072589
358.761234048608	270.239293819175	-164.142212544653
418.598140367438	203.401956768872	131.171436798608
194.742695913715	503.198481019617	110.499525583918
472.032997063966	223.56678065758	-141.577925061629
176.483127052448	499.683712806157	-86.279245260982
479.036973333269	181.197497181293	101.661098478486
148.255501071482	492.553931634505	21.5041962440693
454.618905854153	175.334341916444	-97.2396985091684
436.479763259526	184.504763440444	-110.471180793914
319.876390051692	165.225324078723	103.464420251807
264.191350179894	101.599511460501	-10.9760173148911
87.4360827237255	151.693186395526	-46.7579364977131
7.34129007389689	-23.606323972322	-15.856396243631
-34.3682870608571	-114.560956869524	4.76404073253525
-120.769085671322	-64.3229226639107	-41.7026747673967
153.005547714108	466.69162852965	-54.4566362765262
369.137716828662	212.911242864192	133.015332083785
374.043628663571	252.693730408949	158.705802417359
152.617879007413	490.917441335507	-42.2658472230639
437.224551787814	198.102828606933	-125.92937447077
411.312050471949	217.393191311252	-143.44056445933
152.134665310282	517.185520922428	-16.5073790071084
422.360943719735	227.909501632851	-148.841372989186
3.64229247350937	-9.7734691260219	12.4560061656499
-19.7538757983168	-123.58294880551	2.4719058717028
324.641435708541	178.066270777403	-113.837860141557
384.634820663593	194.43893946754	123.18056313872
133.008630321117	406.017201228678	-43.9470282312717
353.716710900319	158.392889440577	-87.16865484445
390.438011801698	234.876727262018	151.244143004269
371.61310914112	223.955454071394	142.184741108136
398.909065540326	181.087699546024	-113.209816636946
142.353672092757	479.624144881776	-10.3265292556693
169.657247240219	186.73208002579	-91.7188579513597
126.930799059383	382.587855788457	28.0537391725894
9.37492684926033	-2.20532477795073	13.1173458579693
95.1939621856667	134.728740300851	-40.465307217492
-33.9831120683662	10.1632796091803	-5.17399841368974
44.5184584876222	95.1583498457038	4.79927579677468
402.651885570019	211.608881826164	138.434369419929
140.818246843489	447.648353603998	-36.8374571317765
