37.0374596943814	123.458198981271	16.7197949396801
115.281614642121	50.1989985722576	-58.5589279990623
306.403809663863	85.4936250768541	-13.5354163474475
143.224573147071	359.7415740997	96.8146605073789
152.020326565322	437.673608729141	-84.1480559725542
383.597670864091	166.716073244729	-106.954467575064
123.422103392063	418.071003310065	-9.60415873837301
352.02225517229	168.154527615797	126.193264933218
326.645389866266	172.228779339554	128.208360429952
121.171120561133	387.553481436781	-46.8587032458862
367.956941781426	117.070177798108	-46.7102817416907
103.449742096023	340.233081432943	31.4414284155483
242.932498256226	212.275623018117	-123.058149572317
349.532140201223	178.426884985256	123.18931312355
138.562146134029	433.83841479405	60.3628267848126
413.006723511905	159.453646578578	-89.5834323430369
159.923763383528	390.232789855044	-97.9977880761745
385.151194952572	153.073403125793	106.346683121601
110.968447306166	368.173442062835	31.627199906335
381.406579031711	147.749538382433	-82.7301530726192
382.962967381033	157.741974364346	-96.2175415018052
382.666868561845	191.512291772111	125.162852569435
397.471869965625	93.6884718324016	0.793567644502562
133.300659243204	326.676460231866	-93.2878056690784
67.2525412080074	152.396693619491	67.1147602974201
44.3872144919353	147.957381639784	-7.12347865329666
142.087525917356	76.0311869876778	49.2561592360995
140.732684035697	434.906601399272	-51.3770914822414
356.54603365386	206.097519885182	134.345133059451
305.129359865337	177.352540202201	123.425263579155
116.592142567111	399.153178299051	-26.5443089847528
373.590640846368	145.277856589447	-90.8747589684819
352.174191306333	178.41947502525	-123.130149984898
128.871415112222	430.071863829766	-40.2701056873959
374.67966778197	180.022328510735	-120.726671335909
92.6125992331093	212.607722647777	-76.8868211657379
22.3020151671609	145.95428455329	-6.48255555453327
342.287633085519	202.026651794306	-129.714758033981
368.031933329719	181.15102971407	114.76954344488
152.670713231358	463.542748623803	-57.4161771626957
416.417385868823	165.936013092058	-101.764723525053
335.004820670318	190.49834582261	128.904841328398
351.162503646832	221.154991187659	140.875314247466
368.637723207135	157.853138107551	-98.952293011047
124.006771685389	421.873550563291	-15.2445577248246
234.202683084066	294.975745621634	-144.543457075784
135.932690723659	425.699792961437	51.2807962889769
93.7546283199342	228.982270823891	-76.0322936134461
140.816762018635	280.417921118801	-111.424919678347
186.314459736586	33.1633177506939	13.7700409414252
102.139496081376	268.388099430647	81.4695269506076
348.560904415412	179.401015487416	125.910037035523
133.361545255809	435.321349969667	-38.6091945760902
