28.4099053997275	94.6996846657583	12.2197408043591
88.9481296583887	38.9765399770471	-44.6162313409921
172.624775470434	46.4895105943043	-6.60954728556374
70.5352585017378	181.515907252096	50.4421104530088
73.7668764166911	217.481848622749	-43.5455894518408
195.137770747044	88.1641334846328	-55.8880965437708
65.1812040441558	219.240071449551	-0.448242414003461
187.419914909836	88.8164034180005	63.5770506448461
171.68588942942	95.0571353799516	67.2940380864538
65.3760605791944	203.81784034314	-26.4113182991528
200.069754742467	63.1866878108063	-21.7380050468993
56.9702883988738	189.330078530305	12.495147797878
139.642701806213	113.402338437287	-67.3723978810896
186.677456267275	91.9947092713177	61.4681776295003
78.4241232956695	225.949049015796	39.5824286472575
213.390589898352	90.800049612754	-54.7071550735959
81.1071104398155	213.660405265336	-44.4578560638108
207.290273103487	78.9203529918709	50.5696859686541
61.0511663603797	203.485347493014	12.1765400509064
202.288986177681	77.2737112669904	-42.9091432720394
198.932073036387	82.326086116467	-50.0544412753364
191.182552242872	95.0672841533683	62.5402730963083
200.899785316846	43.4462202326027	1.65575516742453
68.6186599039184	174.814103303128	-49.4635604125422
41.7178996893209	98.629243752146	44.0062589270378
33.7461178920514	112.487059640171	-4.92060465920916
110.018486147568	58.7597395357859	38.0787429107369
73.0911861259447	224.322292517434	-27.8998584482786
181.021947187145	104.04489781694	68.3266346508717
160.65716415864	100.906712185364	67.3469961376182
65.5663337631183	214.925070435166	-17.8916495923475
194.871780257254	84.5892428784854	-52.9124175907069
182.382860032864	94.969822320755	-63.923882542026
68.3940544222223	227.9171158759	-13.9486354640881
191.416813430199	98.5676416401688	-65.0860509021365
56.5944892431062	132.754974342673	-48.9033543147747
18.6519331063577	113.165199087135	-4.55601011067237
168.666549355528	103.253277810206	-66.1647515582136
190.116130796289	91.0915630780366	57.4227894529597
75.9376320079387	231.556362612155	-29.1061586154463
206.737435695337	81.5441028935264	-51.6798572952871
175.085741202779	103.663212746551	68.3178921101705
179.132955974547	113.224301637026	72.405576474381
187.967115739006	85.062453651361	-53.7778414756375
64.9635677747947	218.704817163343	-5.25996514810523
115.987006539946	149.790342289678	-73.3287159340232
66.3198645775862	210.543863207715	27.2397321431385
56.4450260059676	141.972668779431	-48.0383733565913
71.4382266234212	148.789559580312	-60.0462407407566
120.921723609053	19.2475635377202	8.93029444856171
56.2929031476737	148.470815514567	48.2324307988603
183.330680661727	95.3525855460653	64.4021567564549
68.5338258622926	222.066829207436	-20.0714381557657
