87.5471172825911	291.823724275304	38.1699797574364
268.060671994737	126.566427762663	-136.956865428184
1486.9290022662	447.129357813496	-86.1052652532983
952.903300632985	2347.94304014289	584.552548089466
1044.78250031549	3019.88052464864	-554.172689472405
3768.93666317426	1667.18978407943	-1054.05652083805
1378.50638094118	4575.61096486063	121.756934007019
4040.7253402815	1840.63174921451	1175.55292877395
3743.4870129486	2045.06211165394	1347.06715677528
1475.10986458764	4410.22074916293	-627.240908629123
4519.61360514193	1430.22964027796	-447.282132778193
1396.75819693371	4556.27206406315	271.446886904409
3331.59000021604	2416.19652500315	-1546.57212747237
4003.53175196931	1774.07912300602	1128.26543254676
1809.04883233263	4388.50826040721	1109.19656913255
4223.60050190973	1909.50050579303	-1236.02890244778
1597.93835274436	4527.06027801335	-783.95966230093
4440.54291468429	1605.7830185352	825.977663637985
1416.11336798069	4615.3360831944	279.7910370633
4281.49098127544	1590.65092815638	-878.859650756478
4123.66624311362	1662.62980398037	-1003.10079743962
3161.16612107416	1482.51271296285	975.109597176798
2587.91570606887	682.903395737123	-47.3044974240755
755.678235990729	1737.16651582117	-518.280671898517
275.368985074371	542.790786030093	226.746149587191
106.945204854024	356.48401618008	-15.4711593264612
321.473018487199	172.807285485338	111.871889341469
1433.16183417943	4381.9773986413	-547.46851171047
3551.84955081484	1854.85921916782	1235.29694027507
3571.12950842364	2200.50542620409	1444.43650170123
1449.64733605993	4596.68780585482	-397.95810426537
4039.68608479886	1815.8132826822	-1157.21877596536
3840.00283983476	1934.29612998172	-1282.24678263346
1425.58181411168	4735.2185801656	-78.9340344141447
3858.86542190657	2005.63914657969	-1337.00285068243
372.590727693086	818.6360819401	-275.982975757026
54.0139560382571	332.775895199693	-21.7919405959208
3017.46663810894	1692.19717075419	-1130.68130880241
3768.4807736693	1668.03187948943	1069.20169021221
1274.71681868905	3909.83813121387	-485.208278230603
3409.19675197709	1370.03648025072	-840.95490618283
3722.98537521925	2046.77721309385	1359.84344074032
3546.58700338618	1978.57972682336	1321.7257238494
3755.94713775357	1682.72087467121	-1078.48880233558
1362.24058912666	4529.55524146893	-32.2096191388362
1639.59799156179	1903.87944580616	-998.376613476221
1146.40855203106	3603.87118522144	404.182742312928
396.480852976471	887.530756777973	-278.428727106944
825.126789467386	1497.13303021018	-596.926242884988
655.274529395533	151.813131168474	44.028363662559
524.41983920537	1349.85812101559	355.824524963509
3882.91957145876	1879.09005139288	1225.50828264621
1340.69641274311	4289.0262226963	-379.929065419729
