8.1696475844505	27.232158614835	7.60760309461243
27.0843441489624	5.86587814439377	-15.4596240001209
182.393202963272	49.9006938068371	-15.8806164272177
96.3531440815553	318.825918348854	70.4084269218189
128.197180868947	441.970859725914	-93.6656651781908
757.000535929973	380.634990255216	-234.748957031483
302.588682566395	986.052696343443	65.5362771503438
892.884121105478	432.654332631504	247.398982927033
830.515003254062	518.693850145638	307.375242212109
339.214848627863	1002.41571464409	-132.738242434221
1062.44670967268	346.131191854687	-110.437880613846
349.968158944806	1137.76338818401	54.9740507164268
825.873233639295	639.972826473788	-387.476070484342
892.755820895532	393.595424350666	229.440512344999
440.506182832283	914.950297280072	275.4503214505
855.130949127951	503.899106547285	-321.414170372434
333.648660840635	1041.5200824641	-93.7636887923481
985.116288956063	354.288796754827	145.737850422417
341.913469907082	1104.07135213757	53.5128244308434
940.401993412083	368.732483539301	-211.361753060797
879.416882036939	382.650950444987	-233.521413475182
548.849732116269	260.460572118953	174.159087935
333.397689980201	47.9283046719868	-7.47518112702248
57.3131855185677	208.112083465844	-52.2095342062117
22.8501288457269	59.2164181388397	29.3196006358143
10.7694399266096	35.8981330886986	-4.43126862628612
35.712484607835	19.121963930333	12.3866297910561
290.546223976042	901.965597513466	-102.347647662048
713.008925239857	388.389688299053	254.430129085141
814.928957838148	578.433122695703	348.17484702815
337.753869661064	1038.70034410489	-86.1865236161992
860.322299229603	484.869641195289	-299.740563283706
819.276297204335	467.700321031471	-289.929281529279
316.879855294662	1020.18268090426	46.2049617816233
785.637475432814	495.796400099458	-311.263655825595
40.8868523373138	93.0913379379886	-39.260212699202
-3.41384582378684	33.5728784519978	-0.0688135052715185
526.720424959194	344.070773437982	-225.902726674932
784.529342365693	341.120022403228	216.021290815001
224.025496175764	704.889152181752	-84.409584644977
580.169121889258	237.593557280318	-164.123279233874
813.591264516127	491.79841578185	305.665511138389
720.177972132689	423.973857782541	274.810523647429
761.770600016264	398.632330821244	-255.270857140963
296.417457984218	967.16466905601	21.5770508135932
236.051498873704	297.012506900876	-158.562899941209
183.714376661303	621.558753372834	77.1386663816535
37.7567359166709	100.867076842386	-37.2934532598586
79.7461604359687	169.251989362118	-85.9442234382003
76.9197968753097	11.7843532212288	8.74357857786904
48.5306503239904	158.89854409443	50.2618505765924
852.824190598319	438.741566757299	263.253157633419
268.371752195395	868.059647951931	-69.2183621164696
