32.5138901024226	108.379633674742	14.9376488152896
101.862495171812	43.5035843538711	-51.5798432100456
264.884260881412	73.1879349732992	-13.7070900749616
125.818349502132	336.761616516864	86.6276169926087
138.476928893625	424.342164978843	-82.8986206685878
482.151138257828	229.475072157258	-142.364696772902
173.969139808498	575.378417081823	17.8153228369066
507.158441379825	246.315895393748	153.412497465253
465.270066825104	278.985221542805	174.73533727164
185.371991384978	551.942740556722	-75.3728734913778
565.102308613756	180.981131730406	-54.7567406198345
172.608273615909	565.800713517486	26.640922063781
417.848800518787	323.946362492748	-195.161768394972
505.655303434036	237.3780086722	147.428953873676
230.384437170815	569.65807550004	132.748955268148
532.945881484927	261.471286662259	-165.641976847337
202.128243475396	581.194174076571	-88.564595119434
560.138553998269	208.306577762741	108.294089513541
177.223600813988	580.056142386093	26.4542252501598
540.778427788904	206.431603925878	-114.633159129292
518.964536614386	218.925423306166	-131.936685604202
420.171020671898	205.443434441353	135.321167097821
367.298654837089	78.5147857674321	-2.01717840320568
107.707637341771	283.788044032088	-78.7703488421138
55.63022846731	128.288525263467	57.3863872768161
38.857696697784	129.52565565928	-6.3309482026094
126.215562919432	67.4417077199576	43.7017683414471
184.520935006112	564.533793567338	-69.6274730454695
449.968463383566	252.685912490354	165.520030829467
440.720917491437	302.124996767537	186.846053195711
187.056151595985	583.66175793862	-52.4970419248574
506.004772247995	250.949942951087	-155.377313871055
477.983670907539	260.999300087351	-165.550682188814
182.397888799762	597.681769686876	-6.53024454537471
481.169132324363	274.867233948548	-175.207301334721
77.5431024734491	179.113157587006	-66.315906216693
19.2498646263203	129.225503568949	-5.17200831366485
383.801319110781	240.304410867204	-155.224309382018
482.427434524239	220.900212083272	139.460569622802
168.741363710348	521.137114948278	-64.1193869045974
450.680779769057	181.259324585719	-117.893999204217
465.927698648028	283.352405626052	178.907489510817
448.722577565402	275.590511914275	177.947991672047
472.503584851243	229.924292840471	-145.692812630004
172.804235802899	569.405547511683	-1.71581294198683
226.537065726173	286.227364503209	-144.166088077343
144.889075694206	468.357440604017	58.9222547501331
77.1205079154184	192.926130701159	-64.7262451070459
118.91628868712	239.761333186761	-100.27398862603
157.790821119758	26.7357715339305	12.1782994351361
85.4441740992029	231.1959995608	71.4387207882673
490.020349961594	256.794527072387	160.8506874248
171.955639689319	550.906091478694	-48.0221246425881
