62.5969567435169	208.65652247839	27.1856015444162
194.62393706464	89.1951529531208	-98.3951964386967
730.255538127405	212.623908013451	-38.2189352339804
404.756719313298	1001.70083213494	256.17319266652
431.112187575149	1260.23206628636	-228.583027686878
1388.66985056808	634.295888609696	-397.100902804989
495.702943113809	1647.67594031759	29.9995578548629
1445.6591145485	692.77565143079	440.76795059768
1329.93298388206	765.89808978673	491.929450714197
523.060265036217	1567.18923359817	-215.06291323653
1587.21035577105	504.355742218533	-157.236715675971
480.254584498176	1572.33234935692	82.4140774749923
1156.59656823582	885.868800008027	-541.088440986302
1431.47870368478	673.730334904655	427.655558518626
643.840853396702	1645.24682149886	365.91149309535
1551.46437164361	710.429561946888	-448.304118935565
586.71645995678	1634.03154447508	-288.217983770725
1593.54150084817	597.822481984232	323.085981004045
494.535507464593	1619.33199462739	86.1927705820335
1536.57845661859	582.087464995365	-321.29832155594
1486.98314191892	616.579835435879	-370.827635317522
1227.9939699305	598.015818725074	390.366209016174
1103.31492531678	280.768287546442	-12.1840054094138
344.481220331222	818.984707358795	-236.022873596812
151.910643744963	313.555396406851	133.530350541324
75.7602820828018	252.534273609339	-10.8816258061677
236.408124223442	126.665450283043	82.0426155584926
530.059211627254	1618.88103073512	-197.845613897834
1301.7478851843	720.521062398432	471.284080840526
1253.84273875677	820.887368879825	518.948795712024
519.549497212014	1645.70566138855	-141.523597167185
1455.46666507004	669.934579537989	-418.782429209413
1377.41126151435	725.876603072506	-470.17375106831
517.60841702375	1712.07294853787	-47.5007108220529
1401.59426179868	756.563359468592	-490.988121744571
202.860518017599	452.173925026847	-157.160620525324
40.045798679583	243.766187030983	-13.1272265294886
1141.66579080032	673.802310196667	-438.444154840148
1376.57031890034	638.359204031774	405.49008205235
493.907900931728	1516.50645774552	-183.194122247485
1326.69327497551	539.338972482903	-333.455656034863
1331.18832393213	780.355532295178	503.080902072688
1296.35038069849	775.573466860777	504.010358850377
1368.61731907789	632.624484535753	-399.697466891036
491.66531337886	1633.34778932136	-19.4576557619336
677.015237335339	822.060588682202	-415.027654453034
440.28165312958	1386.06343500759	159.776283147371
208.433343266484	490.970664220552	-154.264372391642
372.983138967534	702.051218890864	-277.485197445523
379.592500215494	79.8822242702511	25.8564724773116
253.575025881225	652.687574997397	182.824819087359
1392.63841686569	714.173404334457	458.889552829102
495.364276926286	1584.59393009629	-137.668845270535
