-4.04231437757549	-13.474381258585	0.700587169774779
-13.0578341138451	-8.66847648508484	4.81044264311825
47.2137767288755	11.9610772835432	-5.31258440225244
9.52989233114458	59.5376802024568	14.8776180384546
16.3844230677576	82.817008264358	-25.3862752507425
122.74027849669	68.573297435126	-40.4144021489592
45.9095218706063	144.444996369691	17.9952779846635
132.78922264838	67.0463199617327	32.278135233651
122.79209642866	85.3503367899044	44.1011441450003
53.4965474467889	147.762250335889	-20.7760487230391
161.626027541747	55.3910008168226	-14.5548314583623
55.0822634137049	175.496829532251	7.9690625656189
125.032473754227	100.643399172703	-59.5516729493166
139.192655410627	58.5801907908477	30.0635605857393
67.9933194889426	123.688358637821	42.0567873835567
113.669865155004	78.0555760007291	-47.3596687893105
47.8017397266593	151.912989296905	-4.72581032098735
143.848290304234	50.7488041976043	14.5353274125003
52.9847397410502	166.951063734148	5.98871380011225
143.726621440554	54.7431168358682	-31.0056835526891
133.045507817176	58.1785565810471	-35.3097226302405
97.4335704813117	42.8927043954678	31.038680833664
59.6426700276029	-5.61062698020866	0.876518190546471
5.39741111728724	48.6537846952037	-9.4472235609532
3.53777973827027	9.41665662237002	5.52845058472726
-4.19756247838856	-13.9918749279619	-1.20275175789726
-14.7586690981773	-7.93039618642513	-5.13406039949903
45.8406393856477	141.592635937143	-19.0349761516083
111.803216141799	60.2743512867013	41.9268339690822
119.981569867891	93.7750065032396	53.0231196391773
55.9283338276896	158.969926570395	-16.2390682311193
122.753999602296	85.9823207098383	-49.2323986823566
117.237077911563	73.0645919878338	-40.2536645475054
50.0511435750899	144.61396141513	14.9182681042424
105.953185939437	78.9467201413183	-45.7228110238254
9.27443491553042	19.9971281399601	-9.58629348089724
-8.07113063271687	-16.7278199607547	1.07952534574855
77.5986560405706	64.9265846534367	-43.5515799320662
129.707023192784	46.3662833653478	29.7623917315712
38.4025166625931	123.000687338354	-18.6590711300265
98.3855791944098	32.2392004016187	-30.718855667161
123.349064894108	80.0807821320658	46.6643805891559
110.785612575148	70.0664336787422	46.5645232406992
114.158425361786	69.4603511488294	-44.7854544074545
47.3334759818268	144.870793851258	8.83371319834354
44.3109690021388	63.957872809115	-35.7825335580449
24.1278108254144	97.4459523648499	21.7188417976584
6.85560491063269	22.0214903438183	-8.47449421848419
13.6956728645747	37.1428677365893	-23.9236404185255
13.5559662960126	2.82994398254738	1.99600091406463
10.2359757512049	38.3881613198461	14.850730550562
134.532326898748	71.793809277682	37.9328918605167
43.1351303777003	139.592870446486	-13.0584572411335
