68.9389122887666	229.796374295889	28.6911707603079
212.869698264174	100.41608388727	-107.543857645573
761.830229067439	221.583108017547	-34.0247797484025
396.822901570349	940.739534774387	252.314863884251
405.77642077104	1145.86732076714	-207.784418917786
1021.97933666847	450.192672831674	-281.25525478634
340.981050197752	1137.81112931654	-9.80564325000653
978.119293105194	477.548263086778	317.458005523673
893.198851516722	502.828754738424	333.343965368404
345.287722706394	1039.50612822923	-144.658532978811
1022.04670914107	320.994518329546	-98.5534654643781
292.289432555409	961.486395280151	51.3127152508746
713.189332861353	553.183914812646	-334.280663389588
967.042632358878	482.903528057752	315.40728256696
418.520965339879	1187.73363119338	207.044283356244
1120.79799752462	459.349561779973	-272.045721892168
428.178095632441	1089.2588240899	-242.963255818035
1077.90175046607	423.899971935433	255.628287377956
311.524886128716	1028.7821134569	56.2323632070192
1049.81917065828	392.774221273809	-210.336230424745
1036.71504519471	422.478530956638	-250.49456828378
1005.51214149473	500.174969861541	323.133876526602
1047.19803285071	278.861784398231	-2.77846064272999
366.776509499316	837.151800646255	-245.340511129312
170.074957849225	347.267048107985	145.876208824838
83.3984847667585	277.994949222528	-11.2018462981224
257.062750495633	137.881818496228	89.2917457027397
389.052547630037	1172.4037359843	-149.009744005443
950.897523221641	542.276262460295	352.118380078116
820.752241041204	524.20833160163	336.063359553321
342.55845612102	1100.90464256694	-96.2734463781292
1012.60388059154	423.110127380021	-258.949882958966
953.884761514179	488.529343816716	-320.054386250543
359.986789599871	1182.50287197078	-80.6476918991082
1001.05046373589	505.886690803826	-328.478696156024
222.907832350536	495.128390118471	-169.314610323245
46.4330868193867	266.383789900669	-15.6232844620699
909.960785999336	527.182905249187	-339.013651433379
986.249139843126	476.526823778485	302.089434785548
403.718271653342	1221.16574253308	-152.01937856785
1096.08922706747	438.854741120831	-262.082825141401
907.871772270796	536.134913404175	348.006653177563
936.827026119151	583.384935708067	374.492309094136
989.503964622252	435.923592033065	-269.842627969895
340.612881801349	1136.42312546174	-35.6103102169082
616.840543910903	753.426796599163	-372.192920329691
364.345282579913	1124.34687763162	130.51571664143
230.630798454095	537.887306568899	-167.204813717557
384.959744719341	723.905645390498	-276.785855207607
418.133528373106	90.4207410885344	26.8126590034534
270.699197691561	679.063596746939	190.999078010754
950.729650674218	498.489531413194	328.059261523967
366.049250006651	1161.61846016238	-105.902524348764
