-67.3446645516222	-224.482215172074	-27.6620809417845
-216.644531284823	-83.4468094254327	102.288183640376
822.674428857261	269.292125986737	-57.0051620889913
673.15799728896	1492.65042528881	368.785863518068
691.720377535678	1910.59280403217	-300.300047299731
1971.11285735067	870.391498066644	-540.660183691427
674.94698379916	2242.32767925314	4.68667431817105
1943.87935820401	941.268475215364	602.252689298758
1784.30643573765	1004.19212897719	646.874571526016
698.793996471145	2071.59141050983	-290.553581049429
2054.53542731997	654.477502325977	-197.798022577342
603.523105403998	1959.37016688428	116.672742814431
1427.96838339085	1110.32460255529	-676.62773474443
1928.13530672091	932.229314191783	599.208806688443
832.169312775276	2279.58927668135	430.871713784449
2158.73624959841	891.376911432425	-533.285371889827
829.53700211102	2133.46942518672	-458.070908905946
2128.23152743667	824.345286331103	470.884504156938
632.105765746893	2061.10800646093	122.880397328492
2080.26953226781	772.610998471178	-416.563804672971
2045.5698813642	833.474100453715	-492.411857444627
1807.09080410331	884.100558055208	569.392360835958
1663.70987999623	537.74738080728	-39.9540889872865
553.371679299095	1101.41560187767	-340.268759202949
128.79576998745	126.928457078264	35.7216940046922
-74.1727130486926	-247.242376828975	8.46666301006688
-280.142881901308	-148.229690122382	-96.2025484432433
751.806646222227	2276.82565064191	-288.64209889366
1844.47465977265	1022.25048533508	663.896516187575
1646.99984417542	1041.65512509514	665.612940888347
690.046190105594	2189.47603317167	-191.248672385314
1990.53358399347	857.575604135137	-521.309725519505
1882.13678673577	966.443702772409	-621.013964879787
713.444335682412	2313.62096647963	-129.685471094786
1947.9122071312	996.47118683127	-641.405525180765
153.043100731078	286.482948908563	-66.2704783272785
-48.8645964785451	-286.995543130573	0.662506614017242
1707.01357206712	954.72087561276	-624.138496607472
1919.6619312138	904.684351546486	579.320962161935
732.37656708278	2227.91616133491	-271.33851184879
1973.38918732634	811.834139450338	-473.970378085648
1807.86064104338	1044.93014955041	678.0946323471
1824.80283012217	1086.79515965814	711.054923083603
1934.16819607435	856.645537963365	-534.096201212118
679.228193478889	2242.33457834579	-53.6631972871627
1027.36665691722	1179.18607951451	-596.842292006539
673.802568110406	2064.45361757516	215.82699516096
178.644376247046	335.885124096863	-63.4657704838034
594.980381823473	975.297781658809	-342.092875366584
136.278517167909	89.1088644513028	-1.50375111701204
336.249033106393	793.170452880099	152.195095492177
1895.05509761186	974.468790319106	629.696470545233
708.585608503472	2241.84730003993	-201.049851645947
