-0.0973169483936838	-0.0235214722540746	1.60967632799426
-2.86193609811802	-0.0717286386410124	9.25765565320631
-4.59271254909544	0.001032697566171	15.5386075301708
-7.72086988645597	0.00864899706553128	23.6642713565225
-11.4326479758562	0.00460514005807588	32.2869897144297
-15.4619065624628	0.0272129313414093	40.9526760081693
-19.3523471551344	0.0595350673266253	49.126764686587
-22.9411593006146	0.0977764115024665	56.5286297999749
0	0	0
-26.2164028247705	0.136054433653146	63.2331607238288
-26.3093492480929	0.155852270331221	62.7309361503033
-24.8483690113193	0.146882626062014	59.3921918616869
-23.6035330577335	0.137831738229399	56.6069258051872
-23.2700553621174	0.140561666527146	55.5937486298388
-24.3115819157454	0.159294396796924	57.3442771711585
-26.0876860474849	0.189064399108912	60.5272173059068
-28.5054218482608	0.23611265528136	64.7222557774644
-29.6827762886703	0.273684076338998	66.3161586980523
-25.7427163605442	0.207132623379039	59.010838573812
-21.5052071581489	0.141646990442831	51.0366604705837
-17.0533536247638	0.0862788139643954	42.3746619072163
-12.411380793973	0.0375055359057144	33.1929379602577
-7.92090920316236	0.0115827585919172	23.8920502165924
-4.28151416459645	0.0118801720479785	15.2311083428286
-1.82401051885658	-0.015878281892267	7.88669823150823
-0.1053225985101	0.0223035480110251	1.69513684239138
0	0	0
0	0	0
0	0	0
-20.1452701511756	0.107968128257739	49.1766575440062
-20.9377434940719	0.125258609433604	50.3707624030434
-19.7063227583251	0.0934463765699911	48.7173358963784
-19.760420947251	0.0830360012467522	49.2837921099587
-0.0921665786451977	-0.00274298672872709	1.06925469593058
-11.453560819684	0.0193864769064362	31.7953600320306
-11.8955985256405	0.0338083605689137	32.2078748741692
-16.4163225131361	0.0752772835745007	41.3785795136304
-15.5494147775283	0.0428835977540916	40.5900376515847
-7.02041029674993	0.0096553676112244	21.7982562402428
-3.40656166882618	-0.0117600433516325	12.2170294647482
-0.834242662877461	0.00369983430881135	4.78515177276205
-15.7563862211268	0.0548726584936922	40.5625341133879
