-0.0375366418229763	-0.0176402029289478	1.10181313638884
-2.36947493185332	-0.0475076596720504	8.23064407692699
-3.68742044146552	0.0250626879881465	13.8281076557356
-6.36195017200177	0.0504938070585209	21.5139457327273
-9.10903039065773	0.0364405429366183	29.2384862946468
-12.2000644320382	0.0327476342771988	37.1680307250991
-15.1229423978652	0.0342760323490125	44.6106538778757
-17.778944142104	0.0395685729926255	51.3335907089758
0	0	0
-20.1381016162331	0.0431774753294246	57.3740410531884
-20.1244263084244	0.0501879284963393	56.8206251129946
-19.0592066043443	0.0535075578623415	53.7814630242243
-18.1259349258855	0.0547504594400398	51.2283738480038
-17.8809588674684	0.0596335365484389	50.2985059041507
-18.7095462614492	0.069884687616173	51.9309710274523
-20.0544808386668	0.0812174122876193	54.841072217052
-21.8023071513818	0.0950740250770843	58.6062513103662
-22.6638181494889	0.112345549496007	60.0526267783814
-19.8255483780796	0.0977053045943629	53.4994606742303
-16.7158925085671	0.0813626179042834	46.2946543415304
-13.4436819879641	0.0730456545420208	38.4777817474571
-9.6956740490477	0.0564940018864613	29.8982472442855
-6.11334904399447	0.0525449019622701	21.2766303033671
-3.18293394400077	0.0614163920786436	13.2652176366256
-1.18087118773628	0.0227336700663602	6.49847219153413
-0.0693988079493911	0.0179334312015095	1.42301619147237
0	0	0
0	0	0
0	0	0
-15.6050175131764	0.0589811188948613	44.5226096427304
-16.2505148135355	0.0704389636091748	45.6526086902488
-15.260543049117	0.0494534477813647	44.0969851283287
-15.345397554335	0.0436961814265094	44.6651546992964
-0.0539604923186534	-0.00215176330495068	0.796411984515477
-9.01290647778639	0.0414107434431731	28.682673393618
-9.44832249532563	0.0563729053418887	29.1474407054654
-12.9550120555508	0.0684311690195874	37.576707489337
-12.2370284259679	0.0423756022055021	36.8056485349957
-5.45382912048872	0.0528619710162313	19.4108166518232
-2.84440042647066	0.00146421205236309	11.0145089850629
-0.578991774473926	0.0227116373772531	3.95628087992549
-12.3415368951509	0.0475074857615054	36.7221718419275
