-0.0308707882486372	-0.0144260861403881	0.995570049551607
-1.23566088056352	-0.0375842985649577	6.24911477318695
-2.32972535334699	-0.10327329844311	11.3469572249208
-4.85816645366534	-0.168736404052995	18.7799441380626
-7.55772037641145	-0.261933733021581	26.3574798733763
-10.6362353921261	-0.329512512630131	34.1693885656726
-13.5904363685692	-0.384326523206558	41.5469450358997
-16.2911752836522	-0.428711845718403	48.2352893128086
0	0	0
-18.7339578906637	-0.467691595362251	54.2956012011137
-18.7097705985284	-0.454967227757289	53.6599973429704
-17.6035418470627	-0.429514812189591	50.5596142618836
-16.686786972726	-0.407803528035444	48.0051709055145
-16.4763966279057	-0.393835446827114	47.0515672013187
-17.3552955779629	-0.392440746086255	48.6286492017176
-18.7671936982743	-0.398049255985756	51.4751173348246
-20.685084190899	-0.398968104720902	55.2238707744417
-21.6527253351618	-0.381651857403596	56.627670629209
-18.6452483987817	-0.360372100216328	50.1202702420206
-15.4278842844071	-0.331467600160817	43.0201219464999
-12.0287175216368	-0.28905266455634	35.2805450203249
-8.36780997856236	-0.241349844243772	26.9491494858708
-4.96537513760425	-0.170526771014659	18.6447431523564
-2.27933571872785	-0.0739289540178224	11.023905851495
-0.706216553251199	-0.0250510545597484	4.9870295855083
-0.0265873740867097	0.013389012533784	0.964641419910442
0	0	0
0	0	0
0	0	0
-14.1866514536335	-0.350665625086759	41.3344916887478
-14.884277046449	-0.343931468060371	42.4131202754448
-13.7995643250996	-0.359883460633743	40.952107373847
-13.8502571452332	-0.372165723669452	41.5534293804147
-0.0490067544010778	-0.00187235056359327	0.75454016078379
-7.57857039881736	-0.245533554955366	25.8383080468772
-7.99358292584993	-0.234679702040743	26.1890796381794
-11.4796269269317	-0.290175081910658	34.4183761025485
-10.7085625697246	-0.314101830462459	33.7715496998061
-4.22249298887216	-0.15010823377266	16.8613474111705
-1.78730168017525	-0.0691840045445052	8.81057749270806
-0.342606659229964	-0.00352428863244917	3.1072524448985
-10.8690893574612	-0.305024859835181	33.662027747784
