0.00177590407231261	-0.00357528845181326	0.51178443672279
-0.0946364986181915	0.00891818144086991	2.87330858075535
-0.639440965640563	0.038485638863828	7.31543080941373
-2.12639389723399	0.105039660270421	14.1388793972365
-3.83620482881435	0.160903985875329	21.3500295204654
-6.07641473747912	0.241548562382026	29.2196304056237
-8.35704915998164	0.324612154521855	36.8278125826891
-10.3890452755114	0.401697869544812	43.6589918189156
0	0	0
-12.1804829573831	0.472372161886004	49.7815538997553
-11.7368344681495	0.453684868624468	48.8936249551267
-10.7306544111665	0.413077848097726	45.6803838721641
-9.96098722331147	0.383915961121142	43.1225651930674
-9.65504956913544	0.373758532472467	42.1541686551593
-10.2938679487792	0.405864276293721	43.9964223834426
-11.3880080681597	0.463102771587448	47.2418156978135
-12.7779989508666	0.532492622773353	51.4490767396414
-13.5212000344585	0.57684934517708	53.2975292744996
-11.472885931545	0.487000139107923	46.4809055539006
-9.22467696126291	0.385969573635087	39.0464997265323
-6.82560517056372	0.282432568558433	31.0364192308227
-4.40486140037421	0.182087834425882	22.7221444948338
-2.08038004992554	0.0984109212230496	14.410303552239
-0.617584146038077	0.0614313708140551	7.52214424595584
-0.140125297281886	0.0104825540074692	3.18558246037139
-0.00636184262809773	0.00523667507900116	0.661234142767302
0	0	0
0	0	0
0	0	0
-8.11235755916193	0.316661114809242	36.530400581925
-8.66523412124868	0.346642756334557	37.9392831385472
-7.90892049142711	0.307956466701328	36.0063173929881
-8.11899110827044	0.316907243632024	36.5989439066642
-0.00772054599276575	0.000699297222945616	0.423469867999788
-3.78723535645637	0.15920861927798	21.0383636625357
-3.94939808425163	0.163350171044826	21.4577750119053
-6.2832513865729	0.251820472407137	29.7235469954358
-5.87981047129909	0.233470637306592	28.7540478390222
-1.7005982459146	0.0891681491518109	12.6323868752285
-0.432007813931972	0.0309655494368195	5.54234392550543
-0.0801676258291152	0.00800897621163326	1.99007710998244
-5.90329200295549	0.233270271059956	28.7965658258496
