-0.0819935468346504	-0.0228941852874888	1.49768231109611
-3.19653259545531	-0.0663772844473226	9.54573367187461
-5.46790708905111	-0.0809485683736331	16.6533919300571
-10.1031812017044	-0.131748171793912	26.1812965370584
-15.1896701424434	-0.230850541704355	35.9425606056461
-20.9492422384006	-0.28403690513206	45.8415082017007
-26.4911270395496	-0.3177285365888	55.1626768559795
-31.5799997839677	-0.338894192983874	63.5979345568856
0	0	0
-36.1447946888162	-0.358703493645032	71.214277524139
-35.9725434216626	-0.342431845270033	70.3095345431177
-33.8390087718952	-0.322964732018296	66.3555177898915
-32.0439104446927	-0.30799235102917	63.0835411915963
-31.577763156765	-0.291979365783044	61.8161276823929
-33.1506591682404	-0.274887441673054	63.7153881273284
-35.7496706310163	-0.256116505520562	67.2218400186347
-39.2127197692089	-0.224090025244238	71.7809814379568
-40.9844207264496	-0.171198533099789	73.419586098174
-35.4765732582532	-0.191887013979376	65.3735416279744
-29.5109266103154	-0.209255715681333	56.5382870542706
-23.2525312711052	-0.201316496291281	46.8894048240395
-16.5259789708385	-0.189026833954022	36.5287602123713
-10.2118877577877	-0.134970519523272	26.0596231977865
-5.09476906412993	-0.0346571329621934	16.1789615708085
-1.7833827053589	-0.00703343216943593	7.81702766660547
-0.104919589406684	0.0242963840406927	1.70361612782035
0	0	0
0	0	0
0	0	0
-27.3017837922382	-0.264050356181714	54.6017564817112
-28.5390732714305	-0.241196127136728	55.8671116926289
-26.6609488814721	-0.283325785507557	54.2124839031826
-26.8337191047156	-0.299291635128808	55.0438154412827
-0.0842746799417445	-0.00230493500408455	0.999890721680822
-15.1151865467806	-0.208980348266352	35.1800857338905
-15.8285891641925	-0.184390327717959	35.5314787256196
-22.2657713632975	-0.212395104139095	45.8528144144439
-20.9796191340852	-0.262139155310267	45.2329832098737
-8.82604230547553	-0.114644524693355	23.7223014359486
-4.19036522447208	-0.0627202757255691	13.1094236289385
-0.885477801486747	0.0162201162111048	4.85012673270178
-21.2000429632404	-0.247658119114056	45.0191559870508
