0.0030729879306558	-0.000268288076999533	-0.0572238088015536
0.032637677273022	-0.00752594076707202	0.339247594314966
0.10460016076985	0.00454184170512593	0.0542441754483673
0.262998994109337	0.0067082491831764	-0.0398056263585138
0.484595408543785	0.0132176090710755	-0.622438625794286
0.751505421529644	0.0153659784055262	-1.13769854104954
1.02828243212079	0.0152019285976801	-1.7289982078758
1.29621962259992	0.0140914721874293	-2.20963480503201
0	0	0
1.54651992686903	0.0128367664800881	-2.56434919542755
1.51537353705823	0.013161048146025	-2.34478599507973
1.38751182672747	0.0141706582659674	-2.08786309811006
1.29197463521473	0.0156611079310126	-1.85999909385627
1.26625952560591	0.0168581091568521	-1.76918988813841
1.34530156739191	0.0183964721612528	-1.95317630321335
1.47950034753486	0.0206604632530715	-2.28396814360569
1.67167515444481	0.0214138931648254	-2.69952066513203
1.77211448127467	0.0218880653750781	-3.0558485894231
1.47222343406539	0.0216768048747616	-2.58639677339752
1.16031352652574	0.0200675472510745	-2.01072134774991
0.84722015400837	0.0152899019698333	-1.29839942802636
0.557204050509179	0.017402703066208	-0.981565663604766
0.309685484258314	0.0153408081916948	-0.732091520258276
0.122021936777037	0.00650013326324122	-0.361617562146259
0.0355365952173993	0.000377035203587672	-0.130312829352019
0.00146639528705859	0.00115965668840196	-0.193138228761751
0	0	0
0	0	0
0	0	0
1.05560831934594	0.0157226859042034	-1.4533489343124
1.11390711401831	0.0164552173988367	-1.64123265559709
1.02647471133869	0.01582061924273	-1.42625536880949
1.03908261446612	0.0158682600449828	-1.51945777058359
0.00420437611514274	0.000247590987191369	0.00109063970582751
0.490048285384229	0.011872435758929	-0.57445303041696
0.516402049043021	0.011345768595572	-0.589939140055831
0.806164600099685	0.0130322313243792	-1.02606004804529
0.75237352732396	0.0148668340388254	-1.01102638256022
0.244206327188729	0.0100586486123938	-0.346901565511872
0.0827634193581397	0.00139203143747612	-0.0394309289443018
0.0220231625949462	0.00054073958766771	-0.181789293145133
0.76133312370824	0.0140316000499734	-1.01927833285315
