-0.0243614042990601	-0.0134155432132426	0.960613881565438
-0.490411880948179	-0.0150051340087724	4.56438739173402
-1.63355326850739	-0.0561772073750746	10.2042717402937
-4.10474483178587	-0.0350006892033534	18.1756373303616
-7.39493071208399	0.0147727855268259	27.1215729858657
-11.5209057357383	0.127540654283081	36.7021334785927
-15.6677330956372	0.253957765517367	45.8896208420263
-19.5869174840546	0.381824553521482	54.2835823312613
0	0	0
-23.1741434919982	0.500530876304932	61.8888722829632
-22.9335992486818	0.488238878629029	61.1340916928478
-21.1704958786862	0.428754849627783	57.2760852521269
-19.7642057173534	0.383589757073621	54.1356272360962
-19.3642571524166	0.371966165793713	53.0553877268619
-20.457767794028	0.408736520558325	55.140960754526
-22.3609370812309	0.474210670109358	58.87308551604
-24.9910937936913	0.571123925679743	63.8421608260392
-26.2465241975365	0.624756881868958	65.8351074601848
-22.0400342151147	0.47870957499865	57.4222705128928
-17.5540222370092	0.327884707244521	48.3036595567533
-12.8747278181628	0.180759454182668	38.478675751208
-8.30668279148293	0.0502846736304092	28.3900667797044
-4.65214274031512	-0.0184941786441762	18.9998295021814
-1.84747248388497	-0.0264255987330078	10.5654703172895
-0.504839718458241	-0.0290272591193672	4.49251174765622
-0.0122717774672711	0.00993752707264744	0.776865657298111
0	0	0
0	0	0
0	0	0
-16.1104090588584	0.273402943561854	45.91982692295
-16.9323036465177	0.302727735868906	47.3794533505109
-15.7240811516548	0.259044350595456	45.3555348081583
-15.9012565146636	0.263116623536077	45.996502652062
-0.0348160855169814	-0.00263531735252322	0.636271546285336
-7.45691339995166	0.0283675905121857	26.7327180663569
-7.78569179775938	0.0390756139091367	27.2075113458101
-12.2223681010581	0.159902061796906	37.2527361525442
-11.5210319930708	0.132347350912531	36.3121966945823
-3.84558103171502	-0.0237976155930362	16.7788738389561
-1.20373691350211	-0.0349134991999373	7.78718505223626
-0.285786640211393	-0.0107522001697031	2.96053500758667
-11.6540309636007	0.139100623446467	36.3190288115231
