-0.0563337566699524	-0.0200632985294213	1.28573312218568
-2.74327341859897	-0.0553860232377238	8.85543573451362
-4.47478463750971	-0.0216733917197889	15.1671386087907
-8.03374734588557	-0.0315828414054962	23.779784072889
-11.864738100447	-0.0880242339465145	32.5712888986369
-16.2636503632704	-0.114088999950578	41.5971325274704
-20.5211306369061	-0.125621662227537	50.1225184717538
-24.4606454439347	-0.128234506197086	57.8613079925015
0	0	0
-28.004573527848	-0.130556524186237	64.8477488919617
-27.7995850259456	-0.125691987914515	64.0429001615582
-26.1110239788237	-0.120119449267944	60.4394726897681
-24.703182920571	-0.115041067998599	57.4588718396519
-24.3293218411842	-0.106185217022862	56.3394607065632
-25.5363220097634	-0.091920671455107	58.1472085965388
-27.534669414081	-0.0742999982904413	61.4357561901462
-30.2038534249307	-0.0459120778907562	65.7263555095239
-31.5936781502558	-0.00510700487131102	67.3621338210264
-27.3510349093724	-0.0304511887009628	59.8851083799469
-22.7607328040253	-0.0541211262275216	51.690373274657
-17.9863283501411	-0.0576590599139707	42.8019436070761
-12.8113532959971	-0.0589879863627854	33.2302510492495
-7.94206718521191	-0.0328850682657496	23.6120613696073
-4.02213832160962	0.02036531384281	14.6497164934024
-1.44784035701137	0.0102144613279371	7.11960789637993
-0.0846934800183063	0.0210403399891969	1.55287455757801
0	0	0
0	0	0
0	0	0
-21.0703458861801	-0.0940010373158203	49.7573595157824
-22.0155536651131	-0.0768383216949108	50.9885489863777
-20.5888044557377	-0.107204270202782	49.3409024290348
-20.7466783979041	-0.115731395151495	50.0615150274538
-0.0674654830628875	-0.00217516252163188	0.891789686315533
-11.7891158482302	-0.0748909542063085	31.9245157594624
-12.3555820998601	-0.0561237542808848	32.3407647432607
-17.2613788853352	-0.0646601156948117	41.813387355251
-16.2785554608132	-0.100354364884241	41.1003985126404
-6.95926594910516	-0.0224931946076515	21.5030283230525
-3.44520737332587	-0.0264817638398211	12.0110491815183
-0.716398985478642	0.0201715283907646	4.37896178430155
-16.4256331081853	-0.0919507112551394	40.9501445855438
