0.00560306778828555	-0.000700684904149679	0.317026718192965
0.0453063284066803	0.00412817146718092	1.69905525124536
-0.045977657574879	0.033492465418291	4.47028779598607
-0.363151819299527	0.0702969372125628	8.67378663893953
-0.628509055963763	0.109285233103744	12.7558807202251
-0.930624901266242	0.145267021439445	16.9145837491264
-1.22441625017922	0.179473500256557	20.8630065238097
-1.43834633547341	0.209969679622949	24.2802589135626
0	0	0
-1.59128243476538	0.236022998166617	27.2488829139749
-1.47672055254943	0.223581962080718	26.8691850150253
-1.36644334854766	0.207826911408303	25.3629443123877
-1.26616177950923	0.197092100094114	24.098133602401
-1.21263400665203	0.193947060231398	23.6309250057362
-1.28871823549487	0.205088445493462	24.6316385801224
-1.42106911528779	0.223850185083833	26.3641721251563
-1.54883852281223	0.242251102608805	28.5268708136752
-1.63351904365575	0.253236834861498	29.5501860324521
-1.48364359197062	0.230388861779409	26.1679811319147
-1.27493560666267	0.200881030637645	22.3753060405693
-0.983511843812641	0.161493306005517	18.1098061091267
-0.661547538251678	0.118756273202116	13.5912843757057
-0.302165065844406	0.071079424475848	8.92943679842355
-0.0202416468661479	0.0387365675297642	4.68052779107683
0.0196624139558177	0.0125130808000588	2.02104630773781
-0.00250006978759079	0.0027285999034252	0.520826151542913
0	0	0
0	0	0
0	0	0
-1.04524191205096	0.171239442896208	20.7062767701203
-1.13942723873999	0.183046079749662	21.5700608968756
-1.02855881389602	0.168609055771725	20.3798147683467
-1.09390726695143	0.173307440267327	20.681079016891
0.00370971123685612	0.000866345985388284	0.257798553124625
-0.531151104221819	0.103786019348853	12.3894249404843
-0.545006258845161	0.104905329023994	12.6677329333319
-0.858433379035149	0.145466802401894	17.2023864902814
-0.82898834705734	0.140159959857862	16.5784080387088
-0.197136059311143	0.0605713019562934	7.65690057198795
-0.0143180636596409	0.0243165269629384	3.45492624077598
-0.000220967324762483	0.00683166490161349	1.32907278309377
-0.788027976945954	0.137589021514481	16.5834210105716
