-0.0237956323969509	-0.00905911507294869	0.852460653023978
-0.724074928561601	-0.0283238139354908	4.90017298811516
-1.17246075588936	-0.0296652026586465	8.21809494860731
-2.1325330081489	-0.0428763176549516	12.9817102436547
-3.29023512728217	-0.0601016518723677	18.155489183432
-4.61196649638792	-0.0640222210685735	23.566884472793
-5.90694815728075	-0.0611104102077837	28.7550238685553
-7.10741207910621	-0.0536806804500075	33.4964432145043
0	0	0
-8.20704725188456	-0.0451481881541799	37.8127880032165
-8.19137450286281	-0.0465173658512911	37.3989358780231
-7.68323327586246	-0.0501717419761102	35.2126763475678
-7.26902662162362	-0.051173213425695	33.4323522130978
-7.16087048725461	-0.0497103190062535	32.7987443493402
-7.52494940208353	-0.0455347969193709	33.9594202374804
-8.13386797810292	-0.0396082264083706	36.044800613818
-8.98369610291081	-0.0279036885645834	38.8496347500503
-9.42780903408079	-0.015554086306516	40.0125277141234
-8.1007903423966	-0.0277014942829061	35.2732664921399
-6.68151338923141	-0.0390239072923816	30.1342039254115
-5.19051460456187	-0.0467788166811331	24.5998204311495
-3.65752079031059	-0.0502827882764955	18.8157274972707
-2.2198822912633	-0.0414217690065593	13.1123452928965
-1.12906295919969	-0.0235218727315344	8.0563526683827
-0.456513085502339	-0.017804559502049	4.02826269987935
-0.0177610382892256	0.00799217010298185	0.775801689126466
0	0	0
0	0	0
0	0	0
-6.15080576876371	-0.0510504987384284	28.7795098559582
-6.44255312885568	-0.0458963787652693	29.6030120511459
-5.99592041160485	-0.0550331511799764	28.4598259603595
-6.02071978804314	-0.0575678101581106	28.8246743417446
-0.0353186978315642	-0.00152853772637468	0.672158201242825
-3.32472732823578	-0.0533701003414969	17.9255692218457
-3.47713059806179	-0.0497841202709183	18.2058649930751
-4.94213434617695	-0.0504329492192234	23.9052580214213
-4.64128196822591	-0.059448124759655	23.3551367769088
-1.96433173350111	-0.0379115368004351	11.9578859858624
-0.894008517541179	-0.0255577660259029	6.47014114946494
-0.195416598904193	-0.00450531363254351	2.42065879184827
-4.71400265997196	-0.0558682416212879	23.355675997692
