-0.0482612308775619	-0.0043048382864208	1.20754634137415
-0.312704333342	-0.0049104554096337	3.64972260468846
-1.32772449396463	-0.00430170066355527	9.36079969212401
-3.11169192510218	-0.00289548432015191	16.7780932842413
-3.82674796077818	-0.00253523905586063	19.4424569269815
-5.34218279363828	-0.00211065978332934	24.8344359452676
-6.11714467359097	-0.00212026082866352	27.508719401938
-6.88605557116578	-0.00229508136287113	30.130061217517
-8.36553346835161	-0.00328010619497948	35.1107987527595
-9.06658593667545	-0.00407429030497542	37.4519178167228
0	0	0
-11.0273780464175	-0.0070907149348722	43.9651669986142
-11.0007924832304	-0.00677371157482288	43.9294950771089
-10.8577756867344	-0.00629237238412355	43.4996118805095
-10.6094524687319	-0.00565188056520718	42.7120551163356
-9.90451309445605	-0.00423330466389326	40.4179982715679
-9.17413455007955	-0.00306174622400191	38.0067167835559
-8.92257976520496	-0.00270729120622784	37.169805190711
-8.82784322031759	-0.00247525872252108	36.8540295133886
-8.92179599730853	-0.00227343972239099	37.1682561885983
-9.17262403755053	-0.00197591396013387	38.0037181805533
-9.90158666701091	-0.000966753263924491	40.4122658474697
-10.6053785307157	0.00030603295607395	42.704001039337
-10.8531396754476	0.000891944630153061	43.4904021270877
-10.9956961741494	0.00133849566057381	43.9192877482669
-11.0219338137527	0.00164584942819465	43.9541231654486
-9.06274834280747	-0.000975977130495685	37.4439823813778
-8.36207213219751	-0.00163414365006621	35.1036329633596
-6.88325411842643	-0.00232553946347157	30.1242758909807
-6.11469020011004	-0.00233948881132204	27.5036162520197
-5.33988145978117	-0.00217660552603052	24.8297216430957
-3.82474223265983	-0.00147573925170307	19.4386663640097
-3.11022921593443	-0.000870530666408083	16.7753932444429
-1.32876203690175	0.0016516924842548	9.36335827701902
-0.31211350981984	0.00364994750033561	3.65053677706219
-0.0484721682769137	0.00392170641542335	1.20991341509531
0	0	0
0.00281638410926608	-0.000757326436223947	0.0826329682159065
-0.00539819625243945	-0.00287014213616845	0.470074392594138
-0.144357441175076	-0.00515037825969686	2.26985963674214
-0.562701814030439	-0.00478350280275956	5.31182777962468
-0.898939826898984	-0.00470224266353599	7.22224678358385
-1.84779687264071	-0.00381253018717496	11.6964919196411
-2.44647365370568	-0.00337168439362571	14.1819305921644
-4.57466219183513	-0.00225826811810998	22.1372016242904
-7.63854941434364	-0.00267660965839136	32.6710600322476
-9.74374194525446	-0.00502517411296704	39.7055284523458
-10.3973800930534	-0.00605343133577591	41.8764864718757
-10.2806641803965	-0.00495051850810697	41.6481058401838
-9.5203740716286	-0.00358217873008404	39.1530442131848
-9.51816068691878	-0.00152990004731022	39.1486801883601
-10.2771545165124	-0.000327416671927668	41.6411981848547
0.00297777168407181	0.000671210566738038	0.0839020494198612
-0.00478418187681103	0.0026997413640265	0.466558269803988
-0.145564506802076	0.00399295871489183	2.27753603144114
-0.559401884944398	0.00307136809504905	5.30444379837985
-0.896319933483024	0.00256512426725753	7.21636391749181
-1.84804249511481	0.000705028688497101	11.6971889154237
-2.44569501410505	-0.00011387612434688	14.1804891352524
-4.57245730154698	-0.00188135232364713	22.1328391754512
-7.63541528358213	-0.00209968146508519	32.6645925279829
-9.73943640589238	-0.000159570643419858	39.6966692902573
-10.3925248592048	0.000738825435089491	41.866573627066
0	0	0
0	0	0
0	0	0
0	0	0
0	0	0
-8.19055126388765	-0.00246413253900575	34.6669062432189
-8.18547872222724	-0.00237954056818088	34.650249835855
-8.36410585017042	-0.00226437492406612	35.2468539470334
-8.36868779334671	-0.00263041672610063	35.260691023728
-10.0006466497503	-0.00510766133531378	40.6193349706007
-9.99654233252627	-0.000123083560779769	40.6110442225582
-9.62681196353404	-0.00448154447356754	39.3908574472424
-9.65222916356729	-0.000634667849020763	39.4792340978369
-8.67833397942558	-0.00200374156906341	36.2934106194757
-8.68068920797681	-0.00295674513178394	36.2987033554264
-9.39501874095683	-0.00113028490575485	38.6547021045799
-9.34318891314776	-0.00392276783806556	38.474410367002
-9.01858889340661	-0.00162501221394223	37.4167085834156
-9.02122485893459	-0.00340814679378548	37.4220595093322
-7.56784039493511	-0.00221355289844251	32.4669183017193
-7.57041940737866	-0.00253468872521337	32.4720511461404
-6.81805177084377	-0.00238186775271572	29.9190628997321
-6.82003030082048	-0.0022182949914572	29.9225256424825
-8.42938337749353	-0.00315001170668065	35.3728921878067
-8.44867063391133	-0.00176327714022943	35.4444735911828
-3.64738788094469	-0.00182423848161848	18.7302494013186
-3.64363090146957	-0.00201160589515202	18.7199600421634
-6.04153262812305	-0.00203794856044635	27.2519730135252
-6.04111273578804	-0.00240096259904103	27.2535947288057
-2.92668539190404	-0.00177578379623707	15.992036036501
-2.9159845464616	-0.00190149459391543	15.9568342270821
-4.4147652552276	-0.00186558862704032	21.5346067284677
-4.42068741444321	-0.00214983504593678	21.5579163673645
-5.21868921866614	-0.00193964242183722	24.3891416157215
-5.22444602110567	-0.00230285278224483	24.4120161942417
-2.25916022057487	-0.00158018284996284	13.3202955735129
-2.25295387711126	-0.00172185048354707	13.3017476537257
-1.66441337890798	-0.00155357281739164	10.7785167902699
-1.66740421536319	-0.00130146028111253	10.7851608766808
-0.465034619104475	-0.000689357332872638	4.54141335070066
-0.4634397092642	-0.000939170380374715	4.53739448677633
-0.770032076140724	-0.000657504610509457	6.37129752375042
-0.769059506402718	-0.00115556708820982	6.36846699871444
-1.1680824573963	-0.00145096888186828	8.45372373325131
-1.169388028811	-0.000969944584443574	8.45760218371433
-0.247540735062629	-0.0006216241305128	2.9945347418582
-0.248787480099788	-0.000644350230378103	2.9979835067984
-0.00300097086553422	0.000566929825120647	0.199148736974175
-0.00367467494501466	-0.000626023785011292	0.214772684912676
-0.111487627959746	-0.00042082293572894	1.7668684926388
-0.111357064401798	-0.000433538338424544	1.76695075785682
-0.0366599920521723	0.000108912105052437	0.859942646654813
-0.0371873282297174	-0.000392728310601243	0.861186419321153
-0.005610292406785	0.000397922464785479	0.219193541927488
-0.00574251262325226	-0.000399405613276391	0.217783711250539
-9.04101132324897	-0.00376661383860035	37.4286741049057
-0.0699268226283217	9.79077420572125e-05	1.24418865287752
-0.0706180234212946	-0.00068088847003485	1.24805473399947
-8.1647941465853	-0.00208291756402523	34.5186857417599
-8.16698064546327	-0.00277967248103988	34.522939087751
-0.179456202104001	-0.000958485810333268	2.34439428610456
-0.17843507302559	-4.24551387013988e-05	2.34009584358932
-0.359612632077992	-0.000142432819176728	3.75824956095175
-0.360305629453099	-0.00130054145965529	3.7605199887453
-0.986539178867179	-0.000400936762272931	7.46726905078477
-0.984912685619739	-0.00169586567387637	7.46280321210385
-1.45173643135701	-0.00191325044033656	9.7449317468762
-1.45103030577646	-0.000737416300054443	9.74318067604945
-0.626671513276466	-0.000215918919729214	5.47700238829883
-0.625863922926675	-0.00161139537210167	5.47381548671001
-2.03886268904267	-0.00109467148839173	12.3465136612286
-2.03617225627637	-0.00203082483698871	12.3349461502115
-2.72911931835993	-0.00137536930497224	15.1735614626251
-2.70086060738104	-0.00216294095441366	15.0632531480072
-5.06132458940833	-0.00180340826692393	23.8231470178804
-5.09235379383565	-0.00235009589586742	23.9361262017468
-5.91125216326679	-0.00195907222024707	26.8027943606177
-5.91894009950002	-0.00242849525612221	26.8319895343331
-4.23978391479731	-0.00168142754835921	20.8787287755923
-4.24099384418324	-0.00229582932871968	20.8855522257745
-3.46990805396702	-0.00157452551843842	18.0331894034887
-3.4240749637499	-0.00231545581603671	17.8618018899943
-6.85480795155421	-0.00216816551435735	30.0590874888008
-6.8500589829629	-0.00242680261700868	30.0449904148916
-7.4441896301002	-0.00232604502479249	32.067301185958
-7.4467244010682	-0.00239449093515876	32.0729637222116
-7.81494120112892	-0.00230199049236736	33.3512601857262
-7.82044375324977	-0.00249380510287738	33.367820551789
-0.0325480934313313	-0.000105894259294392	0.716096112374961
-0.0220823951831468	-0.000670219489913531	0.571054343253256
-7.37360694859092	-0.00240278539890879	31.8583571464822
-7.39635458229159	-0.00231594141529238	31.9348501506653
-7.37606082316044	-0.00235601323727411	31.8739870045037
-9.06123816621481	-0.00124552260150982	37.4999538264145
-0.0219750112486422	0.000569228963705268	0.572657810047529
-0.117254278485837	-0.000323235850572535	1.73711532249604
-0.263015229342694	-0.000576516677778831	3.0195650705259
-0.487577978043909	-0.000785266195275088	4.59840297895217
-1.21832237452732	-0.00119638786877006	8.61501041661842
-0.802373284358121	-0.00107043316113705	6.46401724069905
-1.76192539215611	-0.0014619284740764	11.1278287416207
-2.51028815000466	-0.00172233715219562	14.277989366578
-5.75432968406565	-0.00200878152946276	26.2573989488769
-5.78274711750652	-0.00236086566770036	26.3590111120672
-3.29829522254758	-0.00174874646517614	17.3678786374047
-4.84170316429302	-0.0018843016054143	23.0374466730502
-4.95795403608105	-0.00226254658246942	23.453269931458
-4.0635844166251	-0.001817704385145	20.2260571521483
-3.95504574531593	-0.00219545792692856	19.8255142165153
-6.5045988356594	-0.00209765807461551	28.8622318126233
-6.48317272536356	-0.00244359862970425	28.7899274436845
-6.58586485904663	-0.00222657986507638	29.1488797954677
-6.47015774278304	-0.00235082004878414	28.7496766202431
-4.62338187039173	-0.00204592501099768	22.2564209616515
-3.16330133414896	-0.00216067478041177	16.853627051506
-5.31105324474394	-0.00211544664588431	24.7033711878738
-5.96502717774567	-0.00220384572480418	26.9958878852276
-5.6927365770194	-0.0022811441148489	26.0448348241973
