0.0021148216275354	-0.00694402871705915	0.576264465745466
-0.834334175568631	-0.0263224936726183	5.32298338466701
-1.09450294940974	0.0896609392744264	8.37398122060013
-1.08638713210277	0.188993155351728	11.1115738270181
-1.03351586113347	0.267285230311051	13.9382682483383
-1.01405304616319	0.339687847552856	16.9374734708367
-1.01170039481731	0.408328524299721	19.8072647639898
-1.05615112589209	0.47194419452921	22.5105860218827
0	0	0
-1.11919928392772	0.529099758709454	24.9912150385283
-1.04098583347493	0.516255575338535	24.8417403948283
-0.96968364079354	0.485009012801296	23.6503327505234
-0.915024310285169	0.460464049710503	22.6590644350457
-0.854073542160783	0.450481746343356	22.3301550209117
-0.778843860901723	0.46230560701651	22.9839216505739
-0.699918637705718	0.484983281305037	24.1568020558967
-0.589057076692608	0.513328488747064	25.7232112762984
-0.482458172561943	0.518565649486177	26.3782793243591
-0.552306128941335	0.462720194268404	23.632742288803
-0.624177243969605	0.402728196726157	20.6761424701006
-0.745098541802183	0.338160898440031	17.6586592756567
-0.744822144102885	0.268939196380747	14.2112900584313
-0.637915044613529	0.197571255507549	10.5386728562207
-0.614593343654339	0.105675316246052	7.41748728318051
-0.37668026333626	0.03293286623257	4.19122403603937
-0.0212722975178113	0.00420337434134867	0.891274904244345
0	0	0
0	0	0
0	0	0
-0.841731074557945	0.397656576782171	20.0447471024606
-0.753549775034323	0.403618722005051	20.484613367913
-0.906985576042683	0.396900557914179	19.8291174866404
-0.964587348345117	0.404829694485596	19.9766386267045
-0.014265282019418	-0.00183831088028816	0.484770475494143
-0.967918704723293	0.259049244204804	13.8191254947973
-0.916581366312127	0.259814575871116	14.0970450908093
-0.860020892087487	0.333767928855491	17.3788655695168
-0.976036550148192	0.333839020005869	16.9232580858685
-0.859865393817573	0.171093937994089	10.1031425715435
-0.674225661791794	0.0639821029842472	6.30802010000035
-0.129547235195726	0.013875974549252	2.27724676015645
-0.90971684815156	0.329821486797147	16.9615742435635
