-0.0194039603923154	-0.0119208283800497	0.886861609527093
-0.396991510744843	-0.0147129309790099	4.1834998087838
-1.33044356420074	-0.0481968371614331	9.36290409028301
-3.29329823612111	-0.0365328914981085	16.6271326078611
-5.93869310934792	0.00232984519237936	24.8532687611859
-9.25366333742874	0.0907815232638945	33.7100840879594
-12.6166932791865	0.191722734618237	42.2548856080212
-15.8379495819211	0.294156600638262	50.116491734092
0	0	0
-18.8100654803027	0.388975591263643	57.2666986198598
-18.5472200451281	0.376223643698505	56.4902219988054
-17.0552759758989	0.327604957185986	52.8300388383992
-15.8887874381269	0.291146290158027	49.8788222381935
-15.557893862664	0.282057068261619	48.8710280052104
-16.4497362332125	0.312425782955601	50.8278596250256
-18.0166833255892	0.367661073055969	54.3403377498778
-20.2218898018563	0.454014536873955	59.0650879534038
-21.3383239616214	0.50764405370117	61.0467997674086
-17.8613549630136	0.380838868672665	53.1259632405946
-14.1752211830586	0.25304483997713	44.5703328786222
-10.3688193222732	0.133501073737839	35.4064300355602
-6.69106852156164	0.0310087569878945	26.0608405184673
-3.74636727099331	-0.0205913075109718	17.4074077861906
-1.50294834947693	-0.023691044521609	9.68989527927392
-0.410646562616874	-0.0238106624581282	4.11944416041431
-0.00874416676463263	0.00913138982315718	0.707588134412393
0	0	0
0	0	0
0	0	0
-12.9457760381869	0.204915256947293	42.2638927993358
-13.6272983184524	0.229497225466282	43.649046777616
-12.6322798987873	0.19342256338235	41.731430909226
-12.7853699524123	0.197235323946664	42.3348577171117
-0.0296660937361482	-0.00226988307454636	0.595544049514011
-5.9988321680843	0.0137635214570944	24.5162714631458
-6.26743763021504	0.0223641039748976	24.9653452549088
-9.82800352225863	0.116280630303086	34.2479144100244
-9.25615293075152	0.0943969999431205	33.3556479590173
-3.11933478565836	-0.0240344658519182	15.400481887997
-0.987355281430386	-0.0302015137144661	7.16592609726201
-0.238702554175633	-0.00958724441577483	2.74223853148709
-9.36530241643974	0.0996607902001166	33.3683115572056
