-0.00147343715975565	-0.00375077450033132	0.339524589905564
-0.150589739654929	-0.0126175502146246	2.23576071389156
-0.284176326297906	-0.0280873092029742	4.09706305069836
-0.623422589879618	-0.0510549621028395	7.06121486720509
-0.964227324213683	-0.0837165291985076	10.1096151041716
-1.34591217102614	-0.114179611754197	13.329593326625
-1.70873918792794	-0.141665943357849	16.4053001969407
-2.0683202240433	-0.164104436459617	19.3044628935954
0	0	0
-2.42584957573314	-0.183305773405606	22.0344685388773
-2.47676161625417	-0.177993987245831	21.8441588671457
-2.33580414398994	-0.166334716043608	20.4801138439636
-2.23440005889017	-0.155398625593485	19.4143120651516
-2.22476765958205	-0.149652824529389	19.0336204520335
-2.34007939433958	-0.152646271192436	19.6841014925978
-2.52297692803449	-0.159700130659186	20.8727243875783
-2.80116293013325	-0.167188639263954	22.5309500296868
-2.93186293832783	-0.168294595642531	23.1169716226187
-2.47814141637578	-0.153170186696335	20.1747975776484
-2.02498783192816	-0.133030008419613	17.0687667453098
-1.58748500655691	-0.10777341922553	13.8309521388071
-1.08370241611331	-0.0785532845665796	10.2895282854056
-0.609554020853611	-0.0491711096410522	6.81614067690662
-0.261672292362825	-0.0208791977548442	3.81038633879612
-0.0882670414977712	-0.0103745560083637	1.69608942021092
0.00214923591016936	0.00371914560502117	0.191927319913873
0	0	0
0	0	0
0	0	0
-1.91193947053867	-0.130186050510086	16.5647478333549
-1.99593887939828	-0.132048866068505	16.9709225145231
-1.84473625885781	-0.13130487668261	16.3830359313171
-1.81907317046367	-0.135945577475268	16.5806797592107
-0.00598009451045847	-0.000608605400665789	0.280606824385243
-0.999495372170934	-0.0789234503121736	9.97487545783669
-1.07816488533752	-0.0775496830590099	10.1515483160026
-1.55047434578255	-0.105662625116329	13.6127361876008
-1.40636228847289	-0.10840021741705	13.2787210255518
-0.534381676768886	-0.0441041140938905	6.23033831064954
-0.21163600442721	-0.019741749547892	3.09673091198893
-0.0336537167408165	-0.00365249732575631	1.0177347600052
-1.44765259244959	-0.10648671726409	13.2551272079561
