-0.0177731344965988	-0.0119170110815129	-0.835651745901789
-1.76601902453304	-0.0609391427707144	-7.10866496380504
-2.58910113495866	0.0956178024343604	-11.6035324693837
-3.82696362424434	0.156692713325214	-17.2224230958086
-4.82407464102476	0.217314594772442	-22.4437552028122
-5.82126723954327	0.248930485368938	-27.7632809418667
-6.63388529530637	0.272759982436203	-32.5785757965058
-7.34663407952492	0.291863114834476	-36.9052224348928
0	0	0
-7.97573290277271	0.306873867995274	-40.7902640216252
-8.00510265598413	0.306886243843756	-40.465142319532
-7.74133874212447	0.301509761989584	-38.5506754106687
-7.48832846094219	0.295947260009442	-36.927578209474
-7.42931422665849	0.295767599704832	-36.3937735003549
-7.6696388513448	0.303494823929469	-37.5452849193655
-8.02362208422059	0.312921772304858	-39.4819775405791
-8.45225187497923	0.323353343248202	-41.9543424800279
-8.6778057477896	0.330329994063033	-42.9895673933644
-7.96789993916673	0.312930984807758	-38.754260933881
-7.14618446252793	0.293229311033884	-34.0548908764448
-6.24850145519215	0.274199413520957	-28.9694494855242
-4.74500378938735	0.231591218576602	-22.7237231883719
-3.15638243931812	0.188797655820143	-16.3254818312104
-1.91373848144862	0.115079735961966	-10.6391532387067
-0.812169274902542	0.0364938345282447	-5.46423018057765
-0.0493092451341613	0.0126596463822132	-1.21134626474698
0	0	0
0	0	0
0	0	0
-6.78450002756707	0.279932297329163	-32.6682568193633
-7.02028727270943	0.289878483878319	-33.561432917375
-6.64156765455749	0.27280587763797	-32.2565057975172
-6.69924263065325	0.274221053769837	-32.6410519369824
-0.0353954545351926	-0.000790363054483731	-0.678654141384867
-4.59948161604371	0.210689673795476	-21.8579297603256
-4.82328753630306	0.222625395747652	-22.3932393960231
-6.08193499950293	0.270009905424428	-28.2886996255193
-5.79723818962218	0.247758694329376	-27.5188290610344
-3.10805558290558	0.166093639551208	-15.2415587767558
-1.73722022337432	0.0614803306899644	-8.8305265722501
-0.341813429935434	0.0211716423036904	-3.13062128835047
-5.73500720612774	0.245236094090394	-27.373642450412
