-0.020860256683309	-0.00694163430480529	0.779167799339825
-0.296979990741408	-0.0162098591880713	3.40366387401165
-0.627370592324432	-0.0402504365870346	6.31587238271376
-1.14410165436764	-0.0574903419960175	9.91058974863023
-1.68875020883541	-0.0736033314999609	13.538471887024
-2.20660193534965	-0.0892409702150243	17.0002900377599
-2.66652617715454	-0.104286120480005	20.164239190615
-3.05649492181413	-0.118247590173588	22.9471647562
0	0	0
-3.41198119862687	-0.128586727765693	25.4764869917063
-3.51708780939085	-0.119997234447364	25.5421512787537
-3.41552497039308	-0.110372695117023	24.4295021508078
-3.30479980564286	-0.103703905467812	23.4343563333427
-3.29087435982201	-0.100145429804644	23.0912967592384
-3.44210589297492	-0.100819858268827	23.8258302641678
-3.67904072387781	-0.103818648574318	25.1153469582852
-4.01232108033316	-0.106110227785669	26.858212370541
-4.20775345926675	-0.102455562704026	27.6316029500787
-3.72449574731891	-0.0927272395080163	24.7669327918757
-3.18424214377692	-0.0839791418349786	21.5759449401691
-2.59521896994394	-0.0743481537525587	18.0544593807217
-1.94896322777956	-0.0655145499797484	14.2272004346987
-1.29133173744703	-0.0542154391993076	10.2690788677921
-0.695379007934508	-0.0367759862307699	6.42706447186079
-0.274584299009015	-0.0199827529503638	3.15365602350572
-0.00808755739985735	0.0049216115762047	0.54536184124605
0	0	0
0	0	0
0	0	0
-2.91106773876525	-0.0900234603372641	20.5702142736748
-3.0515947621447	-0.0882218247752167	21.1468777221287
-2.82158638479441	-0.09264092316499	20.3036736113653
-2.78463128478879	-0.0975160411481623	20.4157359318381
-0.0218614621358144	-0.00177422036254388	0.519591452876458
-1.72051516131325	-0.069189492965508	13.4113580490444
-1.80870056530011	-0.0668170229241705	13.6486429719578
-2.45033024412502	-0.0771438257352876	17.4911031084493
-2.2620164632872	-0.0837961239446634	16.9763930163886
-1.11247966898654	-0.0506739196861035	9.29748552886886
-0.508894099982714	-0.0299605646915799	5.04199677371357
-0.122646433864629	-0.00901655435488072	1.94866897555439
-2.32969681009278	-0.079996829282775	17.069766741302
