-0.160193609195908	-0.00675945699134466	2.06823528455896
-0.909063635743134	-0.00779105879349554	6.01189213185335
-3.69460250431307	-0.00797269228113382	14.9866124746318
-8.49535668430808	-0.00763008511944451	26.2840371287287
-10.4050876498435	-0.00772855737056465	30.276482498387
-14.4446229422897	-0.0083617452862451	38.2955281954044
-16.5111709863685	-0.00908775515857416	42.2537581049339
-18.5612172541322	-0.010193446311254	46.1252961554448
-22.5028800365034	-0.0137886025862795	53.4631855558414
-24.3694440610297	-0.0161981723273462	56.9064371082027
0	0	0
-29.588297308027	-0.024572236896197	66.4755193380298
-29.5198629454798	-0.0236608255767235	66.4388463972058
-29.141168302031	-0.022325618879113	65.8207598877961
-28.4818432161679	-0.0206010795343526	64.6747730203039
-26.6073643700301	-0.0168024864200376	61.3179836050289
-24.6625616380272	-0.0136965511743433	57.7777971430565
-23.9916818541919	-0.012802684194311	56.5462243415312
-23.7381900823521	-0.0123382038851622	56.0802334797241
-23.9873252296363	-0.0121129106722745	56.5409079281855
-24.6540351093797	-0.0118137167154216	57.7673730708657
-26.590786868152	-0.0104425631336579	61.2978439815986
-28.4580561284755	-0.00830782487457391	64.645452260934
-29.1138133288637	-0.00718123907248594	65.7867780713075
-29.4892346370902	-0.00620186896438699	66.4003529670541
-29.5547526779003	-0.00537252355137091	66.4327248759093
-24.3449920767864	-0.00919272702895691	56.874713824212
-22.4808437661999	-0.00999191120348677	53.4345797751371
-18.5435898163215	-0.0101872639524567	46.1023137986758
-16.4956948604189	-0.00951931166561387	42.2333376411294
-14.4309129301854	-0.00844459334379096	38.2773007516953
-10.3932869511876	-0.00571892215767564	30.2612744211408
-8.48637289572001	-0.00407662723978541	26.2716673439716
-3.69557093729248	0.00112095373933432	14.9849287347814
-0.908793335606418	0.0047585876134331	6.01265881501785
-0.161442412194538	0.00577541843360771	2.07103926292989
0	0	0
0.00363579687786597	-0.00134964797530817	0.170508192141605
-0.0289201727623508	-0.00476342531183543	0.842640570106038
-0.437055738725178	-0.00817142371731647	3.79713311587168
-1.60326754272847	-0.00764999776146564	8.65564436005093
-2.52666906864	-0.00803403638408071	11.6603668660905
-5.10325722771226	-0.00768411030133378	18.5809690396587
-6.7135645794175	-0.00769541467544164	22.3655524431951
-12.3988143084244	-0.00794971443422891	34.2919926697068
-20.566513139868	-0.0117633977790702	49.8711900063341
-26.1719932147453	-0.0189059789699172	60.2186356609871
-27.9117082385508	-0.0217377973844243	63.408075547634
-27.6079054831028	-0.0187141798429001	63.119865394941
-25.5848772023578	-0.0150705781740687	59.4620467773839
-25.5723394398063	-0.0112555067072917	59.446750092298
-27.5876740179051	-0.00941726688498801	63.0951253865449
0.00353590730948184	0.000933847286856444	0.175923243077959
-0.0272650584739535	0.00441243088891809	0.833675296146531
-0.439990697844533	0.00568746019037446	3.80488577762815
-1.59465166100909	0.00361192458369914	8.64235742929923
-2.51815184931103	0.00286297155003986	11.6471060092418
-5.10000930938477	-0.000706713801936943	18.5744515250127
-6.70764693133861	-0.00237710071945343	22.3561368623688
-12.3861968692237	-0.00713835739294824	34.2754036144818
-20.546701213257	-0.0103548882053103	49.8454807438348
-26.1447966774242	-0.00805085381896579	60.1834848534282
-27.881432326752	-0.00673429468461673	63.36920443749
0	0	0
0	0	0
0	0	0
0	0	0
0	0	0
-22.0394155799492	-0.0116874993404629	52.8468776982237
-22.024560287192	-0.0115705022800316	52.8204896244859
-22.498942605998	-0.0115487991387204	53.6960644777347
-22.5150278559867	-0.012148283212612	53.7217011355109
-26.8583546029367	-0.019104221734191	61.5791963342177
-26.833365861608	-0.00842350583798904	61.5475668834115
-25.8638556252687	-0.0173560396454483	59.7782129137069
-25.9188556447438	-0.00923860566471343	59.8903784219173
-23.334144754985	-0.0113360152307201	55.2324492143765
-23.3465593126642	-0.0130931933687908	55.248600584734
-25.2375278961968	-0.0101332856940168	58.6908833662145
-25.1098890418449	-0.0158203180075245	58.4391745651122
-24.2379210982612	-0.0108569645657675	56.87835084495
-24.2533072110496	-0.0143745719694936	56.8976423747954
-20.3696833054817	-0.0106012884705336	49.5658353911481
-20.3858147300815	-0.0113282844475501	49.5863086612635
-18.3719952701697	-0.0102559042837364	45.8066417607427
-18.3854058245096	-0.00995965776155495	45.8231253939371
-22.6746201254732	-0.0134296202253513	53.8627401588853
-22.7157671408058	-0.010485719954798	53.9546058471841
-9.91127709912605	-0.00637959449877021	29.1867494045029
-9.89715845517314	-0.00649866841927624	29.1654220103362
-16.3088355998218	-0.00888496423506332	41.8738248996946
-16.3007458642764	-0.00954621811424113	41.8664354301327
-7.9766006225086	-0.00559463278888274	25.0633286288923
-7.94505672397536	-0.00566481683107334	25.0061866582764
-11.9652426896515	-0.00714718522821387	33.381489521365
-11.9763633936257	-0.00748353070447251	33.4091042448096
-14.1128710068632	-0.00797133849503619	37.6292913966906
-14.1224196324464	-0.00854666305680779	37.6548792726535
-6.17738202047359	-0.00464361840730684	21.0061470683792
-6.15903438070491	-0.00482501560795607	20.9753576206911
-4.56558474575542	-0.00402653360950651	17.1066142501843
-4.57540589567934	-0.00366787594679588	17.1193361623435
-1.29249415655243	-0.00174085102094451	7.35045136101952
-1.2889173953349	-0.00204673072758325	7.34482158768916
-2.12977197047285	-0.00184096056133935	10.2463904802964
-2.12776624117391	-0.00269128550337388	10.242308390662
-3.21727057603787	-0.00349624117558033	13.5065786947596
-3.22140576094504	-0.00267181926570872	13.5139522810173
-0.693500266588203	-0.0013019245201311	4.8795261961036
-0.696498538075028	-0.00156926317759409	4.88427062575551
-0.00878529054494315	0.000769084603347035	0.327483889684341
-0.0104401701839735	-0.000892401014208464	0.352568265291808
-0.314424631790521	-0.00118186943570791	2.89471779674543
-0.314141594464582	-0.000711748979739423	2.89537487288173
-0.104096238689436	-0.000211522962100913	1.41394481453424
-0.105511523612984	-0.000465367070293893	1.41727321312167
-0.0131900445250381	0.000639612655927712	0.347849705221223
-0.0134420060032754	-0.000672905878892537	0.34580574919781
-24.3038249114096	-0.0152995536083131	56.8904249945209
-0.188193600713907	-0.000148878615466124	2.01323492700223
-0.190018041085901	-0.00108704050951187	2.01935931496464
-21.9628481655049	-0.0109436536302713	52.6025293286339
-21.9764700236651	-0.012331634416907	52.6195979756378
-0.487455839427108	-0.00167650456567257	3.78814556535134
-0.485267478161504	-0.000547254737287788	3.78271232154689
-0.980726366105884	-0.000884755394714983	6.05476294688072
-0.982688556937596	-0.00240339143480077	6.05841079567239
-2.69441711249699	-0.00174859022242871	11.9210563899846
-2.68988274070455	-0.0035794259254613	11.9139864058408
-3.96208301315398	-0.00433907456547438	15.4703415785573
-3.96025207452251	-0.00265357832387529	15.4683791843769
-1.71257522583095	-0.00116095224912144	8.78866359586296
-1.71041841722609	-0.00315405274161355	8.78408807768263
-5.55491148279834	-0.00373616277221541	19.4801257889422
-5.54639236494401	-0.00501904898943527	19.4603909704028
-7.42131444572858	-0.00479735964589182	23.7928909921308
-7.3449078354488	-0.0058798500395978	23.6244581053217
-13.6865597716896	-0.00760213342491783	36.7799964470917
-13.7656960868045	-0.00851052193468517	36.9429209249521
-15.9585499829394	-0.00862909643150953	41.2062383558399
-15.9744669504173	-0.00947363091867321	41.2430676894707
-11.4863557695123	-0.00665933995710174	32.3873030709968
-11.4854392025624	-0.0075510474346321	32.3924329770934
-9.41821719384988	-0.00578744100626609	28.1169229882665
-9.29322459895034	-0.0067913117262378	27.8560774899029
-18.4773151037034	-0.00987983693541086	46.0282087106035
-18.4590714607073	-0.0103794138117233	45.9995550660634
-20.0422797130605	-0.0107440133402245	48.9840775699316
-20.0563482801038	-0.0108870814167922	49.0025779301317
-21.0327418682787	-0.0110729372330902	50.8879307102375
-21.0529362118702	-0.011399644905272	50.92009874528
-0.0835767676322661	-0.000291771523357175	1.14690665237247
-0.058483421280559	-0.00116352547051853	0.924981711349941
-19.8579063045835	-0.0108428680460396	48.6884789781484
-19.9215984283504	-0.0106533145752228	48.8056998868234
-19.8663642755866	-0.0107355057948522	48.7160311794057
-24.3461473028239	-0.00996672278209047	56.9791282206163
-0.0585474747624618	0.000875821754269117	0.928401340733103
-0.313057950391537	-0.000764013088937503	2.79720812056689
-0.710914030758353	-0.00134354086744467	4.86004242091939
-1.32480129761311	-0.00186892178671389	7.38076991813077
-3.3176284217199	-0.00308979890610297	13.7003979352971
-2.18456112888215	-0.002553700590049	10.3323691320598
-4.79487488429744	-0.00400576256732635	17.5931447806129
-6.81954355040974	-0.00507142637718962	22.4162958416482
-15.5366014065133	-0.00856709742796054	40.3944595753901
-15.6100084995326	-0.00922064407108485	40.5420543760646
-8.94686109789844	-0.00585827410946181	27.1017653898014
-13.094115375655	-0.00750814341565695	35.6039129767543
-13.4029300908332	-0.00822420944779488	36.2207884495117
-11.0056997255528	-0.00668671174045095	31.4005293190394
-10.7132660733149	-0.00714558358065056	30.7980784404202
-17.5418885334444	-0.00941885558745789	44.2577490816276
-17.4811711126872	-0.0100560768344564	44.1458733058361
-17.7577942048525	-0.00973285768294436	44.6822261731782
-17.4473850718032	-0.00986211795202308	44.0890257563937
-12.5060253562547	-0.00755660614272071	34.4356647320084
-8.58399600025302	-0.00635699533618675	26.3258763999967
-14.34869279991	-0.00831846786343096	38.0828895635833
-16.0983287813731	-0.0091039305872362	41.4894532495093
-15.369574332167	-0.00898172369064677	40.0763643375078
