0.00713572656763798	0.000638362006194044	0.128899084456389
0.0950540860953959	-0.000483772009786968	0.526255861572729
0.198256946581379	0.0176652194405883	1.80922651575609
0.369391685465321	0.0280074478113971	3.33497986896344
0.574340583920385	0.042281254447344	4.45015133297112
0.773711297107249	0.0529382258002244	5.36770199426065
0.954546332985336	0.0627787935768535	6.06856597725754
1.11296868476752	0.0725049236773049	6.41769174233239
0	0	0
1.25412849956091	0.079310289337543	6.5606759287512
1.31621856204002	0.069641509782443	6.59335061338436
1.28028611482441	0.0642089734631152	6.60398950769638
1.24160265664836	0.0607014092769855	6.48859207314316
1.23882192753733	0.0593496734064846	6.45424777837271
1.29621109874414	0.0607717261210795	6.66910275522627
1.38759031578658	0.0631426912721928	6.9880731126675
1.50976848789757	0.0630549636812895	7.24175890594145
1.57466497517973	0.0625508012477216	7.4717396802497
1.37784414598282	0.0637508193861259	7.21521580243096
1.16117874762265	0.0634360435105208	6.73867244214366
0.925118088726067	0.0553527218868436	5.88241366822658
0.675312212095407	0.0452502736846695	4.80291722777805
0.435679165456724	0.0320098085085136	3.47775352355442
0.225189100060329	0.0171447617071153	1.98934536122414
0.0838315606169011	0.00662982777360392	0.848898043334548
0.00195543999846115	0.00121855218706991	0.33513274951719
0	0	0
0	0	0
0	0	0
1.07921513258608	0.0553768781789898	6.01808464447069
1.12651368214414	0.0579471669356018	6.31356342165934
1.04397015504023	0.0554366507775405	5.88877185962772
1.02142595933506	0.05791100303714	5.93015264774482
0.00826357094108064	0.000532142685463614	0.0691505968685906
0.602781448261482	0.0405136595582897	4.2236421377358
0.633600311169985	0.0411826421597886	4.39983516571777
0.883314356557868	0.0506457802657589	5.48199973362403
0.806917140221916	0.0504207936657449	5.21768271464526
0.381917709398157	0.025335203573752	2.86014628139102
0.161268890447293	0.0114429435779488	1.39309524036882
0.0419397325357761	0.00354593233251896	0.610573753458999
0.843667230639009	0.0486163534958598	5.20181168706442
