0.00131747334173681	-0.000370296464882733	0.0471467731431264
-0.00909760633017159	-0.00133915518996001	0.675219505950308
-0.00974945527705725	-0.00475815549953167	1.20143014570653
-0.0616647429338442	-0.00522390489334061	2.40526372850981
-0.184907815339281	-0.00228193626731407	4.16469419051865
-0.381959001500317	0.00378817145662514	6.33162728866864
-0.608001068690508	0.0114587281956214	8.58035032645285
-0.817923805529871	0.0200825536710496	10.6429854724272
0	0	0
-1.03172313975182	0.0277504173789541	12.6204223547714
-0.958452236029429	0.024256425000947	12.1304796966716
-0.833965011952485	0.0187240420779104	11.0274540938947
-0.750379888033246	0.0150404780689952	10.2195544212411
-0.719404209942282	0.0138041945360574	9.91751480613357
-0.771296549348619	0.0155164052396488	10.4072967132229
-0.866026537093374	0.0183508227275972	11.3041859053402
-1.00809537799892	0.0224113275454901	12.5561984238036
-1.06527035165261	0.021920767179823	13.026643921238
-0.853396953434923	0.0163897313923041	10.9965891498809
-0.626100087448291	0.00995204667532249	8.80616771440045
-0.411454892322057	0.00385856239232383	6.58235832579092
-0.207578529846735	-0.00194098574446518	4.36425363620006
-0.0748166674250963	-0.00325278250048504	2.53698987156157
-0.0133382989546738	-0.00159378488821194	1.23299867404862
-0.00188691939045213	-0.00194997712660034	0.491196583513636
0.000903754797029685	0.000713584886674263	-0.018956270178596
0	0	0
0	0	0
0	0	0
-0.564916575048535	0.00884769477445906	8.28218520491049
-0.601689477071093	0.00987918939310444	8.61266636201733
-0.555034873596562	0.00873541125132599	8.18996129213539
-0.583840384591454	0.00989200822547389	8.43403798147467
0.000331951589416139	-6.32921825591413e-05	0.102238559936271
-0.186178115143489	-0.0018601050466365	4.09837496889167
-0.196080529883495	-0.00181548791735751	4.18231890013389
-0.387046882310354	0.00333240460132942	6.33721918832488
-0.372463438018916	0.00319588946344846	6.20606822105978
-0.0673609322080038	-0.00326748425286074	2.28384312444078
-0.013793083349985	-0.00283552301635281	0.984725484993734
0.00419535019594494	-0.000130784206400055	0.203679335039141
-0.367058420571412	0.00288046756908227	6.15659476533601
