-0.00765809286924941	-0.00737227114593729	0.608213275931406
-0.547713673077616	-0.0179450113806815	4.20024403943667
-0.939353173889648	-0.0411762805348599	7.36146178124173
-2.12203213708707	-0.0551071384774849	12.6222512063242
-3.67359947977196	-0.0782329331142002	18.5266993596954
-5.72399619279552	-0.0713545047876937	25.0525572090415
-7.83638358000526	-0.0551971781514198	31.4062734516554
-9.82762294937863	-0.0374168685675371	37.2340440875671
0	0	0
-11.6571675791507	-0.0208282871987687	42.5388078736525
-11.3829641811179	-0.0267187958969252	41.7718405100883
-10.4269361172021	-0.0364745385783788	38.9703945312821
-9.69435450020716	-0.0425249688267813	36.7350497439015
-9.48763957001467	-0.042543241510563	35.9320612402301
-10.0729753995807	-0.0324334470454163	37.3491965898171
-11.0575283355964	-0.0163012081435514	39.8907082631199
-12.4080729116578	0.0100110199736805	43.2671343988721
-13.0717293114627	0.0302583964627385	44.6012978876305
-10.9427569098157	-0.00267740256443786	38.8601851594183
-8.68075654490096	-0.0337284951873509	32.640631995615
-6.36849162263476	-0.0555331699445222	25.9968178738733
-4.08647117563898	-0.0672152329764385	19.1398857598565
-2.22105215743041	-0.0546871942924247	12.7320027754921
-0.946997991235587	-0.0235572981315771	7.28462102459796
-0.291200372761322	-0.0134855588370732	3.26270841603148
-0.00651169154183689	0.00700910030770774	0.594671073321658
0	0	0
0	0	0
0	0	0
-7.90943906951663	-0.0521458980537646	31.0865893093596
-8.34499439522846	-0.0435059785969932	32.0531992972384
-7.7108578334146	-0.0565333560269761	30.7505481746216
-7.84193310502192	-0.0559408813702775	31.2948542760701
-0.0235337413807151	-0.00106811653888051	0.548325077344159
-3.71820450292303	-0.0686116220582951	18.2486484427461
-3.88550984139727	-0.0657351100124298	18.5036209096
-6.04294868075755	-0.0596863946362045	25.2329789298351
-5.67778358583273	-0.0693833710090794	24.6880234001061
-1.90200992153887	-0.0487503558286555	11.4631118719262
-0.734132920009614	-0.0270795234711969	5.75971350292575
-0.129671704490035	-0.0011733998822006	1.98595914615647
-5.72290857148625	-0.067303044913735	24.6095475568198
