-0.0262129594341563	-0.011130528179684	0.901743099022155
-0.815140063361041	-0.0269438026092621	5.18555867848137
-1.46607010628842	-0.059890168676462	9.14932774762415
-2.92237215667649	-0.0849502578967907	14.9290065530005
-4.58862919242535	-0.117145236900432	21.0201144430176
-6.47869400414095	-0.131981306653688	27.3180111824129
-8.31771744860112	-0.139296504125192	33.3033649823514
-9.98866056369476	-0.143232772658282	38.7112371821215
0	0	0
-11.4963241869232	-0.146144871392818	43.5992865722133
-11.4980418893985	-0.14077064222366	43.1783250988561
-10.8180466009778	-0.136124209439893	40.7266137491473
-10.246601125409	-0.131938238897569	38.6939134952652
-10.1026779485102	-0.127508354524239	37.9602913181162
-10.6343237657612	-0.122240430302372	39.2923225179937
-11.50447489657	-0.11641946381042	41.6696786577617
-12.689338843566	-0.104905709379014	44.8164362265494
-13.2958046113289	-0.0896286548085256	46.072932685381
-11.4483526486018	-0.0973201794137092	40.7157905611671
-9.45215007264328	-0.104019100388625	34.8602379308061
-7.32768252447641	-0.106123074078373	28.4826625829973
-5.11764754641355	-0.103544630334524	21.7380164357441
-3.08549386782762	-0.0840979804569321	15.0928366663132
-1.49596466220093	-0.0464697515929897	9.07913411235005
-0.518557356561657	-0.0235840469093269	4.26743122986102
-0.0182081647747398	0.0099835934006073	0.810073405898395
0	0	0
0	0	0
0	0	0
-8.67563230750608	-0.121347102076564	33.3207572173625
-9.10174182317867	-0.114320191211274	34.2626392967524
-8.44652480496999	-0.127304960174108	32.9569503361479
-8.47749178255734	-0.13254667210617	33.3819122277064
-0.0389967830259034	-0.00179488451682773	0.690713110134561
-4.62741252241953	-0.107520118424058	20.7082586244408
-4.84261168832267	-0.102584511330374	21.0118138492535
-6.96182021455434	-0.111140800411583	27.6786442679874
-6.51926640715329	-0.124526340056355	27.0570140323516
-2.65538443176957	-0.0767240763561376	13.6475014358883
-1.14034072889681	-0.0427383987031925	7.18995393025695
-0.239730760211306	-0.00597534633825139	2.63436234234893
-6.62512068348241	-0.119089663882638	27.044036117676
