-0.0219366533281725	-0.0129817342939542	0.87120026432269
-1.10471310424787	-0.0331212369838664	5.85047230641444
-2.07390407357711	-0.0947046051183269	10.6456174138794
-4.4656662052078	-0.15619943763779	17.8818455943422
-7.10069222501861	-0.248291279977817	25.3723685507855
-10.2217300028506	-0.309642511911999	33.2227581488424
-13.2537224784247	-0.35775945674189	40.6726465297576
-16.042282090484	-0.396785292848758	47.4415693532833
0	0	0
-18.5702335421429	-0.431474246616044	53.5794279273479
-18.4647312942074	-0.421447094766158	52.8667072811987
-17.282190352583	-0.399313928217565	49.6960501716974
-16.3201371707019	-0.380165316623784	47.1010233752667
-16.0930447119571	-0.367259580818826	46.134550382775
-16.9861364736994	-0.364423317760798	47.7272609713691
-18.4241809102733	-0.367379895735115	50.5998804863985
-20.37196937992	-0.36512223106652	54.3772113494114
-21.324823809288	-0.348455392789667	55.7665881180407
-18.2487248184986	-0.33368453480017	49.1950614575204
-14.9667343335997	-0.310985930571364	42.0344445996862
-11.5290689654769	-0.273424801739012	34.2592853940807
-7.86924154123095	-0.228405170792451	25.932849909034
-4.55336617482206	-0.158314012898706	17.7256440624643
-2.01933381047944	-0.0627067202258539	10.3142076599848
-0.600372740987672	-0.0200355369384612	4.57962084896459
-0.0205148982863189	0.0122823741489987	0.879416812727588
0	0	0
0	0	0
0	0	0
-13.7566089118503	-0.328840122321709	40.3754214711579
-14.4464704567518	-0.322229248299058	41.4481409863766
-13.3828047443287	-0.337344950560271	40.0039635664556
-13.4652139748344	-0.347912094348829	40.6334846610566
-0.0415484754567079	-0.00150962003360059	0.694935742083191
-7.13178409633691	-0.231367972086601	24.8711714605735
-7.52098852310681	-0.221895728788543	25.1992257045077
-11.0007769097005	-0.274092774883347	33.4150665752275
-10.2666946219033	-0.295930586950574	32.8004525575866
-3.85868923417819	-0.138250781573426	16.0050341514113
-1.5911828878992	-0.0617170227566249	8.24519304755759
-0.290033853055134	-0.00128270844117151	2.8422936371918
-10.4048561337802	-0.288007867105509	32.6722129370981
