-2.72809055742755e-20	-0.017385673049037	-0.00551927693350085
-0.0177431507787691	-0.00345707145038838	0.0239401831263866
-0.0248945479131186	0.00244198977499153	0.00164439534005036
0.00105748482631099	-0.00935232914928131	-0.011280249478158
0.00223364471277751	-0.0053172714778539	0.00975706071222339
0.0114337212938931	0.00193715095935158	-0.0105119704238819
0.000185950826374356	0.0233132228165253	0.00190080534797828
0.0199875855564489	0.00380464954414487	0.0196088008814619
0.0184787095169402	0.00594637999858879	0.0232710800586584
0.000257408567192866	0.0252857193611527	-0.00794665832701726
0.0260831259134075	0.000533991705123557	-0.0104609097111921
0.000178020031309908	0.028816741372081	0.0054212036634086
0.0174818046709168	0.011731860707344	-0.0286072420918215
0.0190683341796298	0.00343350010446422	0.0168165076149684
0.00371041437687761	0.0213731145479787	0.0183075553774212
0.0192035072028383	0.00678126341424858	-0.0228914936161464
0.00047798505646358	0.0257595594403559	-0.00809712529543803
0.0232297148952913	0.00146316381270811	0.0124918634062704
0.000233922972755587	0.0278330171719687	0.00545037379922974
0.0202917824750843	0.0032039207365016	-0.0157937252563303
0.0187404356452073	0.00348325326285079	-0.0153265906289408
0.000447563414874213	0.000734816184534426	0.000539713353038079
-0.0118143278088258	0.00556205136651371	-0.00556178512989414
0.00149783582438074	-0.0137094399989488	0.00604926532753618
-0.00163527509372791	-0.0173786733637295	-0.0197050261017854
-4.09535610748365e-20	-0.0207316914110482	0.00117536299668424
-0.0210739212851692	-0.00592761549653288	-0.0226658904872923
0.000408618373131111	0.0180832047107689	-0.00340485124743594
0.011774155071785	0.00321769199952254	0.0107251071024208
0.0183959225615614	0.00794205071696673	0.0250226454950435
-0.000181024204811315	0.0243537743778189	-0.00354929369303781
0.0195429033882153	0.00431605263972806	-0.0194158112308217
0.0185608118362117	0.00549274772174543	-0.0220066081140411
-0.000536389386800928	0.0251709246456401	0.000987689156367629
0.01792415754253	0.00603262856547962	-0.0217554693709033
-0.00216937782766388	-0.0199907913181193	0.0218938470304376
0.00219128556374961	-0.0244198607270693	0.00116225391646665
0.00819401437959575	-0.000420826917932586	-0.00275221534367928
0.0115731654662346	0.00521906009880205	0.0151652459573244
0.000274117073242202	0.00443477793852763	0.000834762896178513
0.000857264973706005	0.00350501852958067	-0.000751305844922757
0.0168288040661808	0.00537171933270848	0.0199443188107515
0.0137803417805775	0.00277905017640611	0.0114615785734534
0.0157947893538947	0.0034764892577369	-0.0144552067865908
-0.000397882239376859	0.0221494543574537	-0.000659865050719897
-0.00124870811083325	-0.00514865363865187	0.00869450064365668
0.00103504347834384	0.00573624113606642	-0.00712947216921039
-0.00211294036369381	-0.0200133147959915	0.0231555625048107
-0.00058856462347387	-0.0103348368942697	0.0171103524813561
-0.0217939403256843	0.00273840870762716	-0.00328426981419287
-0.00112414790084129	-0.0186145094143064	-0.0255908914213499
0.01718677521417	0.00393404462959943	0.018196932448859
0.000269170291611942	0.0147579120100758	-0.00182403596192055
