-1.06678097060541e-20	0.018898017856952	0.00668465737113766
0.0125514695699591	0.00292277742668521	-0.0227136073818003
0.0188673716994365	0.00230800688252327	-0.00238593086061848
-0.00186962799612286	0.0124879781562612	0.00953966315709592
-0.0013259426790343	0.0173501003761376	-0.0169525101347721
0.00604244495496965	0.00221233530647821	-0.00544305664088386
8.84679787808237e-05	0.00167131088307287	0.00343128048334744
0.00119301095396809	0.00117399124206632	-0.000968340603477786
0.000523716343421613	0.00197079894671438	-0.000327595040018265
0.000900490123793032	0.000369415786102674	-0.0016285777359208
0.00103847100046699	0.000355471553137696	0.0017494712044559
0.000201903988098164	0.000681175170948033	-0.000724088604995188
0.000247191285898406	8.59772714608646e-05	-0.000176269362398402
0.00272455454544742	0.000368268762140821	0.000321829977452458
0.000640121918375246	0.000151215876345545	0.000796023107544335
6.65726314091622e-05	0.000142082101907823	2.14281196449196e-05
0.000165921567592001	0.000373116024242406	0.00121001802281741
0.00101872820770531	0.000241027325743045	-0.00164803802276974
0.000214139002363374	0.000458139568131726	-0.0010973387887969
0.00277094701925571	-0.000614111909916016	6.35939097754892e-05
0.00280724901922435	0.000137394280462795	-0.00107913273066001
0.0097488145634878	0.00184670211863444	0.00888634100518288
0.0137495889698222	-0.00698080070373541	0.00174597022922994
-0.00139549638563282	0.0212357511628129	-0.0124400226738182
0.000809536648265425	0.0143702359361994	0.0198174552964406
-9.17302212211034e-21	0.021331415286923	-0.00265455095576489
0.0156014514309509	0.00430249729804875	0.016645582836999
0.000164070154878141	0.00603463904374079	-0.00371332576361796
0.0048497810036984	0.00191943584990924	0.00645869047818732
-0.000113357381929842	0.00155039492689123	0.000678264164577839
0.000879030659096801	0.00205870686374119	-0.00244931883231727
0.00026034210561968	0.00201330252529287	-0.00214385367509471
0.000729596296331707	0.000896113301506166	0.000783357548450963
0.000799474023242544	0.000477996156183169	0.0020275846057681
-0.000212523063792512	0.00135284779252039	-0.000772637146435565
0.00351640194726676	0.0188706227354494	-0.0203834215048577
-0.00303416573866148	0.0187458211989355	-0.004839811182039
0.00371312789803324	0.0060346819344955	-0.0146867720587354
0.00651127794795543	-0.00135398646357966	0.00212612184039892
0.000322848331855347	0.0140403968072141	-0.00805144465301876
0.00997397676793282	-0.00065749838952035	-0.0087450855632731
0.0017593272653176	0.0014977555292001	0.0022138419500224
0.00320476464163762	0.00287182921572355	0.0071745233008402
0.00310059140903128	0.00182117021746007	-0.00542341226885564
0.000846068569630302	0.0027240130015284	0.00214684962567342
0.00625768687250345	0.0124868659508314	-0.0216377131692094
-0.000516535959320205	0.00864440325394108	0.00949755712822463
0.00347733903881997	0.0193509757084544	-0.0208803575405301
0.00153739178935903	0.0169829572248587	-0.0249206917930412
0.0198084633299854	-0.00332598043483399	0.00473530712523253
0.0019377320671511	0.0147991018111521	0.0146323307050859
0.00318859520310952	0.00146641673436977	0.00150093602392415
-0.000134876149422507	0.006687928038196	-0.00269026984251257
