1.25968915702205e-20	-0.0102915854670285	-0.0037961475520713
-0.0104098498249395	-0.001666399665198	0.0145987509327373
-0.0130138754803173	0.00129553068701429	0.000904675012655495
0.000956419429593994	-0.00630245674936809	-0.00653685354859028
0.000847164977668904	-0.00526545620489294	0.00693207099013577
-0.00130893381538324	-0.000600297744917053	0.00162216240762576
-2.46457597952516e-05	0.000208082799747463	-0.000835149423196053
0.000173079131451332	-7.42016156232715e-05	0.00056030860215919
0.000301077286881789	-0.000240403512640887	0.000472475928050788
-0.000150218406471069	0.00043087377838786	0.00018587168630578
0.000356198393124866	-8.84543362328716e-05	-0.000507224425692566
-3.50561438231154e-05	0.000432589231973187	0.000158747223263227
0.000363447477093506	0.000184372499303337	-0.000510145905396278
-0.000191516379907551	0.000111538942216709	0.000342665295047897
9.32084308121838e-06	0.000466746768742651	0.000182841835019206
0.000437603363981783	0.00019844900356237	-0.000411347771118687
5.67212268393148e-05	0.000538510782106922	-0.000358822432436187
0.000316331210811055	5.27563059309324e-05	0.000618951501737374
-2.94740178432096e-05	0.000529337444522369	0.000211935213537314
-0.000115649118330856	0.000180912910456452	-0.000404664397070387
-0.000291928541875804	0.000219763821974232	-3.04941619305487e-05
-0.00382177073707984	-0.000407087056506144	-0.00366626438308928
-0.00754575102966025	0.00333453419602931	-0.00236474840144602
0.0010407807710959	-0.00809498311736713	0.00476055456232962
-0.00061172933517989	-0.00976397806141081	-0.0117405842833913
-1.76990633096853e-20	-0.0122757298532572	0.00112700647332661
-0.0126555941030096	-0.00354479308301453	-0.013588415831526
-3.71403045164852e-05	-0.000783044314761918	0.00094924851461339
-0.000927833166392438	-0.000147231043042538	-0.00194457389303304
0.000415454262111041	-0.00012181861022872	0.000377023234748075
-0.000174598584844304	0.000217579455075834	0.000338997735080692
0.000489915740862778	-0.000251546003310067	-7.70113592785303e-05
0.00026774002842022	-1.13270564880557e-05	-0.000548876989491131
-0.000148698983739661	0.000481384819140941	-0.000398062153015589
0.00048196572677589	-0.000125525677977279	-0.000225981663474262
-0.00110231003225588	-0.0112074866166923	0.0129817508658542
0.00173454156287363	-0.0144236045691643	0.000715826965960353
-0.000228137236083933	-0.00172124412367726	0.00348603010100671
-0.00169902952445676	0.000747529684438785	0.000366281879704405
-4.5697322210789e-05	-0.00344786313597226	0.00234041512247987
-0.00394100435623532	0.000995625879179727	0.00306845706995893
7.21895972382881e-05	-0.000225168220569751	-7.56095811498252e-05
-0.000399971155128586	-0.000836458250533563	-0.00211526293071417
-7.51842675958041e-05	-0.000405004384312433	0.000921662438655877
-8.22881909839278e-05	-0.000130183137903539	-0.000667162088914597
-0.00146123585940721	-0.00466078543372193	0.00742539553269352
0.00047968112698392	-0.00250401560378555	-0.0048097898305441
-0.000753657426829763	-0.0114335130360247	0.0129946585301463
0.000340789484121976	-0.0060666925245044	0.00984827855724601
-0.0124246709984011	0.00198112473554913	-0.00219841540478216
-0.000423936392701895	-0.00959731904939506	-0.0135792183203742
-0.000384777510512265	-0.000169631225289278	-4.36236861690507e-05
4.34812651239418e-05	-0.00157727317614485	0.00113088815760154
