-1.59955888210437e-21	0.000144326486394831	-0.000314378722626239
7.11279857161862e-05	0.000215552613037459	7.0214117260433e-05
-0.00297979816579128	0.000244789706101327	0.00103079594943163
0.000805081222144748	-0.00302407160020406	-0.00238576880407568
0.000782117223160829	-0.00353772493963592	0.0040181961478652
-0.0012437629592892	-0.000694917729574447	0.00144787522032946
-3.60364888591139e-05	0.000862090830182889	-0.0011002718570543
0.000844111418066439	-0.000276776507087224	0.00167751886532452
0.00105797772879748	-0.000430021354990326	0.00175829858296529
-0.000360075386262786	0.00165319084727053	0.000338879062535009
0.00149856999076042	-1.16257564537652e-05	-0.00176335254283813
5.69190427178632e-05	0.00212061487604914	0.000903524085040132
0.00140560401684107	0.00113344621931153	-0.00217626229540519
0.000220366436734864	8.93824867852668e-05	0.000984182755950846
0.00032867901775405	0.00116453930668258	0.00100120398975551
0.00104535168434548	0.000944469109600404	-0.00158593671340355
0.000100046382707475	0.0017070402400618	-0.000466830591668847
0.00116776261803247	8.83173461858764e-06	0.00129944281531118
5.14076180564484e-05	0.00198314663802882	0.000952275943178332
0.000218142830821567	0.000539877952608345	-0.00132388367073959
1.53535409866863e-05	0.000390529278306086	-0.000693934866430901
-0.00295385428863744	-0.000307404605683757	-0.00287289867331726
-0.00326402564492702	0.00179406953302488	-0.000546717521055299
0.000868007957620816	-0.00286525102729396	0.00117245963191793
4.18045777254089e-05	-0.000721055915379323	-0.00122656177879205
-3.79408737639069e-22	6.67994689672052e-05	0.000229595043411634
5.42593567502679e-05	3.01875043015931e-05	8.21698626582949e-05
-7.32435064839986e-05	-0.000799901413291868	0.00143832943235047
-0.00082362214240207	-0.000197006443387586	-0.00175984650001916
0.00145143405510365	-5.72229056839087e-05	0.00158846970548317
-0.000366150562793682	0.000941939743780693	0.000923322784558998
0.00114639085594073	-0.00028966693276553	-0.000647147793152563
0.000860565815630247	9.39333195374035e-05	-0.00179448147067154
-0.000260497749121436	0.00142704012245578	-0.000429223884554526
0.00116509731396076	-5.86509777469639e-05	-0.00111807060361334
-0.000179690282446109	-0.00137495220671849	0.00198630693129659
0.000316124082613743	5.90247415041747e-05	-0.000113736699004356
-0.000298755696122628	-0.00160448591745958	0.00347194966290559
-0.00165469170729282	0.000865475024074682	0.000464341616914177
2.57582936913953e-05	-0.00315468580952102	0.00225286726057719
-0.00300235957515314	0.000710935396242358	0.00260079817988399
0.000589848155528346	-0.000373695556150142	0.000394939473954217
-0.000193089771251724	-0.000874048790797894	-0.0022283700570792
4.49995989540031e-05	-0.000478350721069653	0.000994189548568402
-0.000214195632983802	0.000407048661634949	-0.00078728367092365
-0.000996565231934335	-0.00270836387577203	0.00483831439616034
0.000433801716606297	-0.00205791248022826	-0.00361430957057316
0.000132079877673521	-0.00156709391024107	0.00185752676865068
0.000122966692763972	-0.00187117230315118	0.0039904647496798
-0.00110386441639417	0.000220965983269312	-0.000433258385350638
0.000233980531347591	-0.00237421552668492	-0.00299711135233728
-4.776913213492e-05	-0.000365003855515754	0.000551141324444158
-2.99730102051706e-05	-0.00148363944419281	0.00127782947925707
