9.81157596956189e-21	0.0187315357461379	0.00652268721664312
0.0130354628673996	0.00282862731077774	-0.0226118303166393
0.0196344345550717	0.00215592111649574	-0.00293061148325362
-0.00152237686893853	0.0174181338645379	0.0123232916443568
-0.000641999599237711	0.0240016280410235	-0.0204471157900709
0.0191485090547843	0.00486835130112578	-0.0178078299916444
0.000224999152516697	0.0209970829412782	0.00582966885338659
0.0176266168109313	0.0047628271588913	0.014516294636479
0.0152775401025845	0.00735320204073444	0.0178019225118247
0.00148462430451145	0.0201315894196634	-0.00879557605874331
0.0214199077537675	0.000862806381328776	-0.00519075246361339
0.000369507521439431	0.0223193456852099	0.00285423061015958
0.0133962028993139	0.00877375977620209	-0.0215495386077888
0.0189236830905563	0.0033750163753447	0.0143998188852494
0.00334529012472524	0.0180682956535206	0.0147160123080432
0.0162180187015937	0.00481335250552695	-0.0172539670715962
0.000863605416965398	0.0204440821776532	-0.00615116025642692
0.0198073883655022	0.00171011476146467	0.00853740558242464
0.000394665254731102	0.0217887761287343	0.00250593243463116
0.0203342010812414	0.00152298005621216	-0.012149081057888
0.0195615018090446	0.00252652445074379	-0.0139335558441167
0.0187074068455627	0.00360025541210458	0.0174031261965543
0.0186640617469225	-0.00621970111493055	0.000888054822043461
-0.000887975122244877	0.022726581141939	-0.0146967548347942
0.000846465052358899	0.0143201127905985	0.0197516221740832
-6.05350232518204e-21	0.0212712163864207	-0.00256957766355705
0.0158157257208474	0.00427429669910039	0.0167348421144864
0.000575996341704843	0.023451617302086	-0.00911870379428091
0.0170149310476159	0.00554814928557619	0.0199752818536686
0.0139557467845926	0.00822876317777203	0.0201810869500024
0.00107947408180647	0.0220893062282123	-0.00651666518470626
0.0160578210381123	0.00588606005556911	-0.0178009551626431
0.0159466574785746	0.00544300720242804	-0.016253334691324
0.000739914158778979	0.0207949642710445	0.00251726240498506
0.0144912832359338	0.00644479118357384	-0.0183706842903888
0.00344090176828756	0.0188141765125618	-0.0200384370864164
-0.00309253967407709	0.0191695784289268	-0.00465386484397951
0.0128153297731732	0.00875451669669938	-0.0241166938017609
0.0202097856810768	0.00172668374045916	0.0147023514527464
0.00060643673094481	0.0254150964678578	-0.0119367737128966
0.0198633289123654	0.000919863029856634	-0.0160363831179126
0.0158901359345024	0.00665741327187556	0.0194129150400024
0.0161945839568802	0.00719369456147181	0.0221870369541371
0.0171872314662314	0.00534974183907267	-0.0194055786431656
0.000675623697204819	0.0217799575704843	0.00229868672860495
0.00882520545956604	0.0166882279627814	-0.0282221960123855
-0.000439403094029068	0.0197931302436881	0.012706256638155
0.00308825175788514	0.0192763045133993	-0.0208676940855008
0.00182128712651532	0.017026817804872	-0.0241975829300787
0.0197753887988116	-0.00334011452631272	0.00468767944383575
0.00174471378253979	0.016081866806356	0.0159326069741743
0.0183860524688936	0.00535433484463703	0.0172455267371254
0.000187244114770569	0.0231943986658184	-0.00678007714267622
