-5.88286952229373e-21	0.014296329541062	0.00515184213429278
0.0106590370239281	0.0019368202588501	-0.0176338389729085
0.0143713574858751	0.000557119198599885	-0.0018370723954345
-0.00117646764167487	0.0104882061592542	0.0085108329277934
-0.00067325755973322	0.0135334288609509	-0.012625083298019
0.00795223590712476	0.00194528372649484	-0.00740173799497566
4.79311232253262e-05	0.00750000720165054	0.00198686772300526
0.00617474274925821	0.00165405232223571	0.00522855944442189
0.00528444923586897	0.00252350545388536	0.00619099318849118
0.000526830329736927	0.00685996981501916	-0.00319287619581269
0.0072628889759927	0.000273294256913616	-0.00147400677196267
0.000101153027380456	0.00735967447100654	0.000739149683649964
0.00453264892083709	0.002832354718351	-0.00709167246467505
0.00673486963875079	0.00123036425059606	0.00535037629858935
0.00105941575135121	0.00665667805903685	0.00485358610992005
0.00598991111876925	0.00156906634560443	-0.00581316506942498
0.000431974089425695	0.00706649215387372	-0.00254075447430034
0.00693557380127991	0.000621334935518545	0.00327296303061567
0.000111686483366184	0.00730376900021564	0.000632345298325339
0.00735194307334872	0.000418350877025174	-0.00404998079529566
0.00717642998137962	0.000732981219364122	-0.00498949790405762
0.0092459150227621	0.00160606093890067	0.00893508915363241
0.0116209499016433	-0.00447187753069254	0.0013445633895793
-0.000873320680002791	0.015108667978902	-0.00990476223567601
0.000558041772590563	0.010558840093276	0.015103265667415
1.09775109383411e-21	0.016472436633565	-0.00214455552224922
0.0127296562672669	0.0034835922352574	0.0135379699988552
0.000255576191384824	0.00916527736239084	-0.0039826039745064
0.0067664617498303	0.00223236485212395	0.00864646963846336
0.00468518053322625	0.00282554423290807	0.00688087265814771
0.000425108675940285	0.00774282445723634	-0.00252939960176728
0.00572537860507966	0.00203022680062689	-0.00610901925996029
0.00561853141737517	0.00184115041377929	-0.00565612641311749
0.000299386940006017	0.00736061031714651	0.00050720239849738
0.00521338990229008	0.00218794252636873	-0.00645532267190357
0.00234814319639573	0.0139725223355578	-0.0157930899034512
-0.00258229230151701	0.0153790283135737	-0.00295665827226285
0.0054010401071015	0.00433678237075608	-0.0114069474204314
0.00832079090189521	0.000313892034581779	0.00537472205822834
0.000277777321797228	0.0120510654412493	-0.00606724510681665
0.00989187870413143	-0.000119682959860415	-0.00790049846895808
0.00564589880687719	0.00245465884135543	0.00707012388284974
0.0061801306173481	0.00322049233933517	0.00945258899136253
0.00645722240360385	0.00198143391666235	-0.00728425104206363
0.0002195735062522	0.007911916103238	0.000827094912841239
0.00469453089736535	0.00975598335871663	-0.0165927924419167
-0.00050215372851049	0.00919461478234617	0.00718226501440098
0.00182983094950559	0.0147614018619973	-0.0161571757258889
0.00090593367133792	0.0113608528143548	-0.016607697297111
0.0147981800494579	-0.00280628315341574	0.00379092340706608
0.000696989416071222	0.0115698587427607	0.0124626027150241
0.00669442670461128	0.00194724564470082	0.00640335352554721
-3.41991564526134e-05	0.00949774153825323	-0.00315065300749127
