-4.78714507207856e-20	-0.0167584314854118	-0.00540895618142603
-0.0172258882679946	-0.00327024450243598	0.0231491779837221
-0.0257974512191708	0.00204510600178061	0.00221950781120111
0.000894455375562213	-0.0144522004365562	-0.0134878377485416
0.00160307111727191	-0.0126502770976828	0.0139650863947954
-0.00464015399172118	-0.00187603359549461	0.0050557909311391
-6.23573158550481e-05	-0.0010140518303967	-0.00250162095435741
-0.000742899059228079	-0.000686876505724478	0.000771137737936584
-0.000223927484422374	-0.00127079055178832	0.000274737854087004
-0.000571554689893667	-0.000141642903025828	0.00115514042178158
-0.000533152909294782	-0.000261935886182678	-0.00132113937863343
-0.00014111619728879	-0.000247410178454448	0.000576781613543115
-5.64281986657192e-05	5.53054974032541e-05	-0.000110478108168285
-0.00185346159128177	-7.41516232992853e-05	-3.90621804761406e-05
-0.000416442971392118	-1.24522019368267e-05	-0.000436154850632558
3.51709664362978e-05	-2.59513466465093e-05	-0.000161821946985595
-0.000102624647072989	-7.72877723163146e-05	-0.00078708909045868
-0.000591108599372681	-0.00012013585988788	0.00123501766642215
-0.000129793023384826	-9.88918564618652e-05	0.00076526052229885
-0.00181737509327099	0.000432898546262035	-0.000189997085549676
-0.00217656547354346	0.000294922582776799	0.000887224883568679
-0.0101710233106091	-0.00148181951680849	-0.00914881427145598
-0.0168006419353017	0.00532908883310619	-0.00459464144569992
0.00130629342210275	-0.015659190240987	0.00823953927849517
-0.00160524980592377	-0.0172698067358123	-0.0195414861181624
-2.44316465194936e-20	-0.0199587466769204	0.00115592074039413
-0.0204185451170696	-0.00568053840528538	-0.0218609213943466
-8.63092410886193e-05	-0.00371706684475288	0.00301461074419362
-0.00351825459819389	-0.00120095487542006	-0.0057187411849074
0.000243944237139424	-0.00103520145121614	-0.000343258963441876
-0.00059665945196445	-0.00108544983167256	0.00163692829384464
5.75228768366131e-05	-0.00130066238348864	0.00122554525104857
-0.000364517137072404	-0.000511765244955095	-0.000532982427896555
-0.000576230340699997	-0.000190774139303219	-0.00135274685334832
0.00026711630386394	-0.000865583511553759	0.000514192515959782
-0.00223150312090887	-0.019990822650481	0.0216861079217204
0.00219592363116883	-0.0236777169121038	0.00113579985775231
-0.00190092905235291	-0.00406506033256842	0.00908584330452419
-0.00561188662374436	0.0016344838216484	-0.000394490732601802
-4.65394296245187e-05	-0.00927213516485345	0.0054312143523604
-0.010482652951985	0.00172566381091112	0.00808062934580318
-0.000977551126404422	-0.0011964034827421	-0.00155360671617206
-0.002380731995221	-0.00244800149615116	-0.00687321478232545
-0.00156435687551282	-0.00134826354108767	0.00370453217545731
-0.000361798026776886	-0.00184561475592469	-0.0018057118271991
-0.00418100076500351	-0.0100323210140981	0.0162822058020122
0.000809328451219849	-0.00726709437794318	-0.0115006598243714
-0.00195483096325943	-0.0199681164288515	0.0230220386814746
-0.00062800854235864	-0.0111359834894868	0.0177822203879392
-0.0216063409193084	0.00268298045494135	-0.00320012177775788
-0.00135627982237551	-0.0197849135765107	-0.0264023903359009
-0.00226357363493973	-0.000974322195997183	-0.00113179120655159
-0.000132164212644767	-0.00560581090143194	0.00311167800058494
