2.39223413214495e-20	0.0105794571110353	0.00380896740680834
0.00844457919439092	0.00133991174564652	-0.0132922863782055
0.00822021831017551	-0.000197697909764488	-0.000390206643100274
-0.000480208349072799	0.00368423548031718	0.00394545697469867
-0.000283940064286192	0.00389733389241496	-0.00459541208165306
0.00149929922733696	0.000457023626773889	-0.00152618701483388
0.000112172121729441	0.00195655620545487	0.000659574917947344
0.00176342075060199	0.000348890656653069	0.00140207418163448
0.0015107457730618	0.000692481334398891	0.00191035264404793
9.48461210565499e-05	0.00214120039746718	-0.000823067884089614
0.00243803350441212	0.000103478055424832	-0.000713097173405243
7.4523292580917e-05	0.00287864412910685	0.000151597722704759
0.00196755157150285	0.00106596501013604	-0.00269746667158555
0.00178804920202278	0.000248631047942398	0.00115151693818104
0.000736435559916419	0.00171159053510365	0.0020080614491355
0.00148007068012419	0.00110467608642363	-0.00226581339979697
0.000128491919202915	0.00244593893524787	2.19803723273824e-05
0.00209608839493408	0.000142956057691516	0.000575216712428209
0.000101020826407892	0.00268637366462309	0.000135891745501202
0.00184285215113279	0.000274745946817851	-0.00122635798616441
0.00162225924590909	0.00026184333841251	-0.00125033939986873
0.0022057158929652	0.000351663663111396	0.00230753999865425
0.00453562090842261	-0.00217323735480665	0.00128775060477555
-0.000531013868464578	0.00694346211527466	-0.00487534529020797
0.000318435964594451	0.00709006070099926	0.0103739271254947
-1.24844638397605e-20	0.0121993821160986	-0.00156545277067256
0.01005780838772	0.00277041950750212	0.0107249343604607
0.00011465312112226	0.00174751974853192	-0.000668860577226311
0.00134226867342513	0.000345077116700075	0.00166263569429433
0.00151413353239235	0.000976715293601437	0.00228227353343383
0.000143031064444115	0.00218092627736316	-0.000573690032811825
0.00151271176349168	0.000789846101693561	-0.0019133095225508
0.00149657645632991	0.000525609979965216	-0.0017746589684135
0.000117898163021493	0.0021539209098085	0.000663469569741014
0.00131639712276672	0.00072476274948967	-0.00193088922151108
0.00133489903059364	0.00891536625141423	-0.0106284351684559
-0.00189956264793329	0.0120100577729419	-0.0017651043307076
0.000963605576462828	0.000994888448278353	-0.00225375764793291
0.00170460543310803	0.00013045518039207	0.000908013223956574
9.73765837246799e-05	0.00247647461015637	-0.00125966836457835
0.00239449586016405	-0.000256849856946492	-0.00166010146562912
0.00138546300796005	0.000621609642271521	0.00175388528228282
0.00118491408129336	0.000704685605623101	0.00186650746581002
0.00131068349794379	0.00055789843974894	-0.00157770579870923
4.0377455376305e-05	0.00185823217284664	0.000235581243385502
0.00111995000708422	0.00327167263543094	-0.00527041269859901
-8.72886719199416e-05	0.00189037510925007	0.0020510999054841
0.000884492830240162	0.00974576161363375	-0.0107185364373434
-1.67813153080003e-05	0.00549762737723856	-0.00795203429778747
0.0100089881736562	-0.00214746116084482	0.00267466672534561
0.00028552785473253	0.0063244769991589	0.0077678029897931
0.00154323027827998	0.000410357371877676	0.00144181168095358
4.04328829305853e-05	0.00188002593305047	-0.000588357329506674
