8.61963347631654e-22	-0.00864701866089548	-0.0030319583287747
-0.00841128764718509	-0.00133743660644282	0.0119143250881706
-0.00560340672818499	0.000776817602834477	-0.000263126531316869
0.000713633845742282	-0.000596439720619205	-0.00175233121080796
0.000307525452724464	0.000621429992050962	0.00168219526734179
0.00144219480807487	0.00030769022318769	-0.0011692113394091
1.85818432822779e-05	0.0017356109525694	0.000218619956393127
0.00138633283483739	0.000459802153766234	0.00106181327295041
0.00115953687153733	0.000635314751981418	0.00126928431006233
0.000153619526936346	0.00145963723155533	-0.000760896006640288
0.00157336069081397	6.33568083438846e-05	-0.000108385038005145
6.4380567135823e-05	0.00149259244253706	-3.46109827147814e-05
0.00102363223473271	0.000526393504547465	-0.00134369294782647
0.00148723190052449	0.000363678196528548	0.00120716207498634
0.000343241373158089	0.00163930326852302	0.000902073550600131
0.00149411100363134	0.000438217062842288	-0.00100124187082527
0.00029127477903189	0.00160478288788603	-0.000562145921780506
0.00159685971930125	0.000253717316127518	0.000719019532329524
6.17672243219158e-05	0.00157194086265598	-9.79745816075239e-05
0.00168853871385361	6.05950910249795e-05	-0.000857408128682272
0.00157681597020439	0.000219489623126047	-0.00109717497067314
0.000736394795773616	0.000319543158816989	0.000692964827947078
-0.00100891262737337	0.00154265210830637	-0.00126346124313831
0.000728372879865334	-0.00257110662768318	0.00170234306478888
-0.000162146966136518	-0.00619237276156004	-0.00783842211690993
1.01553790655582e-20	-0.0101704454884712	0.000950635085815608
-0.0102071549157586	-0.00283322338713843	-0.0109185670422804
6.45508575250512e-05	0.00191868422600919	-0.000807248863432198
0.00129651932779533	0.000534448362933112	0.00137638665027655
0.000966151456460765	0.000707010387210555	0.00146940401012488
0.00013872617451419	0.00178440693353917	-0.000773793645957368
0.00138186525293879	0.00054488323184553	-0.00135955608295272
0.00127046644999745	0.000433627077487578	-0.00116655953693679
0.000177119257465016	0.00169378405295597	-1.77003567312646e-08
0.00125294469479585	0.000506180699732996	-0.00133795470587651
-0.000548114081329138	-0.00665523903035416	0.00801516112009389
0.00138436052424628	-0.0116850172551841	0.000754074818317204
0.00136432671646949	0.000210411315707155	-0.00123607272856095
0.00137634556312916	0.000347314962572593	0.0015100282780223
3.5577122287923e-05	0.00144352673079238	-0.000353817141653196
0.000900841594002992	0.000489176966685726	-0.000700971220369954
0.00127055427420504	0.000604507785174784	0.00160622749423714
0.00132599296919826	0.000477678636548557	0.00164774606321815
0.00151454776016785	0.000353509673427502	-0.00142841333881211
6.63905152751635e-05	0.00175044282703589	-1.14669273775255e-05
0.000551819082715677	-0.000481914969385741	0.000371820999172586
0.000156526978697694	0.00136311953502671	-0.000510334411751338
-0.000365135620350109	-0.00676740608645157	0.00807716692177036
0.000884734892268609	-0.00213532494876019	0.00351299626040738
-0.0080885874806167	0.00161968364747523	-0.00161926710749823
-3.33736800060488e-05	-0.00379236797033951	-0.00657412187538529
0.00142169180958399	0.000490164966705315	0.00134621534218978
6.94264925208841e-05	0.00173895398705714	-0.000441335318506359
