-3.08758581197005e-20	0.0165413152680398	0.005740265241804
0.0120453455295247	0.00239809845389553	-0.0202130849894808
0.0168955466580618	0.00101081414177716	-0.00222661643039324
-0.00120417856507967	0.013139119262527	0.0102520623370478
-0.000643962334821502	0.017156275101081	-0.0152956748831777
0.0109254224037088	0.0027076448255902	-0.01000216895409
0.000130128619813095	0.0108054088435055	0.00281395829085949
0.00894428954719756	0.00251837186451151	0.00737108065067451
0.00762738383878256	0.0038049707664414	0.00882291465335389
0.000871529699029235	0.00987515693121031	-0.00472237340065899
0.0105661712904967	0.000422458918387414	-0.00191210450143354
0.000196898152870756	0.010726088775904	0.000829861758455557
0.00668793801136575	0.00403206713116609	-0.0102128581101876
0.00969927907636081	0.00185876265957612	0.00754058726420107
0.00166769571412115	0.00963627017452374	0.00718405874825179
0.0086642283375097	0.00233863951430843	-0.0084633345710439
0.00065910277626418	0.0102957414095169	-0.00349944049864178
0.0100905788662309	0.000983719386381821	0.00452737674243126
0.0002113164421533	0.0106428543457409	0.000665557299586407
0.0105766692572884	0.000612853718842497	-0.00572997879518857
0.0102383124829135	0.00114027875961887	-0.00699560487765271
0.0120245591094501	0.00226614982852006	0.0115613410699119
0.0144059675174678	-0.0050495846333948	0.00136463680336459
-0.000737145849537433	0.0184279896693611	-0.0120896941973319
0.000734246897385941	0.0124649579601506	0.0175096902463126
4.74191308166285e-20	0.0190152842836766	-0.00233156511026461
0.0144319879731832	0.00395526308115903	0.0153578651734039
0.00041394098320677	0.0128218331817635	-0.00552480281326948
0.00938194688375062	0.00316648720429989	0.0116921648344296
0.0067211988156629	0.00426731164967217	0.00993820059387703
0.000703551730051542	0.0111655018470915	-0.00384107641176415
0.00827520024606683	0.00302809426830315	-0.00883692135287026
0.00814481021500289	0.00273222503330723	-0.0079985613972447
0.00050631846008987	0.0106623995492834	0.000883710379291583
0.00752457137617252	0.00326060540856265	-0.00922687193154489
0.00286069647628796	0.0163333624934274	-0.0178783465015434
-0.00282751427777606	0.0174914633909994	-0.0036360241618764
0.00748605643082597	0.00557297193956833	-0.0148830420355591
0.0113729778423405	0.000672846826794372	0.00772225767232127
0.000385215867060118	0.0158701535847486	-0.0077662961475135
0.0129255342823258	0.000142247933058657	-0.0102618064771919
0.00805146683472384	0.00364491903155863	0.0100923768152676
0.00869623383050824	0.00432958146419747	0.0128576612716711
0.00915080716687031	0.0028235300739721	-0.0101928624842497
0.000383453255637158	0.0112840925501811	0.00102940557278787
0.0061517190511938	0.0121181152163488	-0.0205998295625683
-0.00050887729790704	0.012275171424542	0.00881072364539106
0.00238456086487502	0.0171348393911438	-0.0186575849533866
0.00146975860427925	0.0138069033323535	-0.0198157887366987
0.0173350546696573	-0.00312034599241966	0.00426194112809039
0.000963052014836784	0.0138274077694597	0.0142904045436958
0.00949929671042507	0.00291541662952345	0.00900333511999142
8.98001372250386e-05	0.0130507956386888	-0.00421580107851684
