1.53622184689487e-20	-0.00996966251773409	-0.00320248132227574
-0.0104435573850061	-0.00163484094679404	0.0140412612324451
-0.00510636033294307	0.00133141953120052	-0.000869264360642409
0.0020288312084475	0.00647213933533878	-0.00115653789514079
0.00179205616804752	0.0125156391514752	-0.00285309742483939
0.0208418980086703	0.00412987419144499	-0.0185086444726838
0.000189196882684683	0.0296002439859048	0.00259752661195524
0.0247644665542204	0.00539985124224723	0.0233224317632189
0.0222474526191108	0.00791965140799493	0.0268240003413079
0.000897629821565482	0.0295329000903106	-0.01073948969814
0.0304162057724417	0.000700298833156225	-0.00970111955326181
0.000256932820003157	0.0314941890473977	0.00496131414878507
0.0194039885970315	0.0124627395536291	-0.0310599997032888
0.0245126720851834	0.00484600679116842	0.021725270187983
0.00380929866564648	0.0280751999882145	0.020396312361675
0.0254995847841425	0.00647866559730525	-0.0252493012518328
0.00147511907442893	0.0301041687227323	-0.0123437542809945
0.028480163938908	0.00234490528165141	0.0160809845011873
0.00029912912705187	0.0316200422782357	0.00494425484324749
0.0268261226866756	0.00307469263842458	-0.0182553951555357
0.0253623376281397	0.00393618447871287	-0.0195474905821
0.0146428430952539	0.00397725886158169	0.0146361095944605
0.00659676235910636	0.00236615502375909	-0.00318721525884071
0.00183929576259167	0.000683110178916295	-0.00198898009010065
0.000104343972759696	-0.00736632319780251	-0.00877346657050544
6.68204813098732e-21	-0.0117733687855601	0.000813754979261612
-0.012653930270891	-0.00352355685659439	-0.0135536010627566
0.000691386152225708	0.0263354921591351	-0.00787177458074396
0.0193210646537672	0.00617796222938838	0.0208657661923996
0.021108699740997	0.00982619475601905	0.0288874294008858
0.00044484531298111	0.0305919387626917	-0.00678547008662505
0.0244970435573643	0.00565667445737619	-0.0233078932909415
0.0231355985779711	0.00675924201170019	-0.0253787524636645
2.91815182358521e-05	0.0310041034565003	-0.00031808688900269
0.0228098461517656	0.00741529567992609	-0.0261434879726759
-0.000416297340708016	-0.00516827932024489	0.00711811740560053
0.00150693792897785	-0.0145181529527931	-6.02315875171372e-05
0.0162455184590712	0.00452714207470847	-0.0170371633533399
0.0208837313072044	0.00524039020655889	0.0205048244762414
0.00062787742106585	0.0196715200220313	-0.0054242559799873
0.0167811970319011	0.00307436998830931	-0.0114664775699619
0.0217395451146405	0.00771912844531058	0.0260048082942253
0.0193715161833361	0.00674356454434973	0.0228327179498232
0.0223451113481751	0.00488270236987464	-0.0206565226268091
3.92146708894428e-05	0.029130832672737	-0.000501263551430646
0.00575038136595125	0.00619676275064462	-0.0111528515477056
0.00103331264043714	0.0195309337795658	0.00240733726222931
-0.000205455952061291	-0.00705801138539869	0.00936491991901198
0.00142082543459856	-0.00105966570629189	0.00212131897730029
-0.00916935038828776	0.00184541270698085	-0.00180365728492882
0.0017490779093577	-0.00413110941975801	-0.00746173104070373
0.0230741962216299	0.00597536011776967	0.0235896453139764
0.000539586621571247	0.0253515262709146	-0.00561307605801734
