9.2931726438492e-22	0.00593632841602221	0.00254319008103065
0.00490297989982363	0.000566225402728008	-0.00769968455380832
0.00728334647470161	-0.000279349083683223	-0.000857168213080368
-0.000803078011882532	0.00423821905071081	0.00419229945693042
-0.000638952112651609	0.00513200906061853	-0.00589537404011519
0.00158681938362894	0.000518068369396222	-0.00170221515081865
-1.18127530414158e-05	0.00034423400556258	0.00080872020697237
0.000223677514737333	8.92134906325018e-05	-6.43830077238185e-05
7.96365481337818e-05	0.000269203353324807	7.31573716520511e-05
0.000101389911000864	9.173467568897e-05	-0.000333191418997484
0.000198957087452221	5.08550847872713e-05	0.000297908789021883
1.95969195799962e-05	0.000108240179750111	-7.18196030822776e-05
4.30310607536691e-05	3.43046663321103e-05	-4.61121065872767e-05
0.000586552420813668	-2.36928023435603e-05	0.000149577072115023
9.00563603936983e-05	2.38420173503309e-05	9.05639181150814e-05
1.49458489771472e-05	4.08275759838402e-05	4.21851952700887e-05
3.68639924558714e-05	5.97488180108502e-05	0.000202801579487309
0.000171965494276671	-3.28569491202916e-05	-0.000244209498547307
2.82918552880918e-05	7.23360266011931e-05	-0.000163440639440479
0.000608339735476895	-0.000153943881740933	-1.11432071677089e-05
0.000691544704342665	-0.000120684070644456	-0.000340734670907941
0.00306986006037067	0.000295573223831636	0.00303915541665848
0.00496321245172194	-0.00263821854243423	0.001163523818478
-0.000800427306305599	0.00670697679617078	-0.00427485988236069
0.000217508611282755	0.00491053030658718	0.00718314230710326
6.34094876186925e-21	0.00692584891369511	-0.00114815897714703
0.00581439095581366	0.00160195219199859	0.00620059327171999
9.8499279239565e-06	0.00141669442557623	-0.00102786805489945
0.00113986989002899	0.000329143219815691	0.00201400676462348
-1.4730513475233e-05	0.000215026758482065	0.00018560425868739
0.00015328473870593	0.000421632013695809	-0.000471343653529086
2.68303366381404e-05	0.000382068845722601	-0.000419874618866347
0.000108484130216106	8.26327987375265e-05	2.08303168477566e-05
0.000136058877143335	8.88832439898946e-05	0.000368764104666064
-7.04902361334893e-05	0.000204324388338145	-0.000246943139574406
0.000945515475461681	0.00661869783205276	-0.00806308424394607
-0.00135849472225982	0.00691733421731252	-0.000847067416658129
0.000846045777774895	0.00166748691962288	-0.00388488096891992
0.00184608625197479	-0.000519666834966673	0.000275945112124148
5.11192618932063e-05	0.00375155966241743	-0.00238585232724399
0.0031943551573346	-0.000565047319129143	-0.00268837809559242
0.000371255437993952	0.000270152239152067	0.00056350835850219
0.000756084015047585	0.000844439503169043	0.00215975706084867
0.000655463021002806	0.000411049276832182	-0.00131651831062605
7.74574598583276e-05	0.000632252116051742	0.000604797823553217
0.00146572558167957	0.00402115051470246	-0.00690052489797741
-0.00039124954335043	0.00240269029560651	0.00342930965342613
0.000619201428768842	0.00712927056372078	-0.00795959593614649
7.02292929852082e-05	0.00516436080586691	-0.0081041678145789
0.00690251361151152	-0.00140408985419074	0.00192311283157516
9.23515697170553e-05	0.00559059291257945	0.00687106035045408
0.000761132591545652	0.000201820605883079	0.000504538551161817
-0.000120888664298181	0.0018208340116506	-0.000967108937066369
