8.10482427346324e-21	0.0107140221658441	0.00372859064782285
0.00930125989941652	0.0014995334251293	-0.0139688188356382
0.0218975790555709	-0.000493504465848734	-0.00310917893055813
0.00299346027313925	0.0280258811551374	0.020386579267556
0.00195471471808222	0.0367100730817658	-0.0201714094232726
0.0379215486370831	0.00715127209444763	-0.0333797578936527
0.000111395295059238	0.048480708370865	0.00279771386211002
0.0402402054567624	0.00817405426611184	0.0380482653415906
0.0361176289714149	0.0117288410310931	0.0427153698777831
0.00127841004783003	0.0469896637725822	-0.017114063290432
0.0476149356081423	0.0010598495402052	-0.015193290188011
0.000329299808586447	0.0478698431200588	0.00844237504979538
0.0293347821348746	0.0189930591146528	-0.0476281250442753
0.0397645844529398	0.00788303500165628	0.0361199839385348
0.00514331070520063	0.0469936392918373	0.0307415549665614
0.0430779796703317	0.00890964366851264	-0.0383485277644908
0.00318309242340474	0.0476982069808336	-0.0233534028398692
0.045815481768992	0.00385902665369531	0.0277325018009813
0.000345690732565065	0.0490627719918749	0.0085928197653323
0.0434767372361626	0.00457594062891407	-0.0283916220104657
0.0417666785322878	0.00584770166429933	-0.0317422244400997
0.0334791626195694	0.00760710958879373	0.0328507290082847
0.0323058576967531	-0.00209021746033381	-0.0010721386595246
0.00276289626365615	0.0236409909998977	-0.0192638583727253
0.00183288054920016	0.0111573806916736	0.0149359802001867
2.8990891909319e-21	0.0125850143186608	-0.00151516997957802
0.0110975097736228	0.00315507911272615	0.0119902090201233
0.0012661406325481	0.045788243883432	-0.014788817787903
0.0343652827869493	0.0107128366243709	0.0389544479692817
0.033777667165275	0.0144757545187337	0.0450676463186992
0.000559499310298104	0.0486396386210011	-0.0108521828593852
0.0404775482904356	0.00785904218372075	-0.0357212376434814
0.0375581145702331	0.0104852594876327	-0.0409754561289555
0.000100829685400964	0.0504607575230412	-0.00360425284033314
0.0379906325112246	0.011196069295271	-0.0420590044307358
0.00277261453003099	0.0166733185150771	-0.0188955111357082
-0.00184465832287234	0.0130992893627705	-0.00150574724838073
0.0306374506259286	0.0108951873883042	-0.0369349341741171
0.0377868524434471	0.00754554643483426	0.0338772714677934
0.00129396625262859	0.0428400343886182	-0.0143822557192942
0.0374652532363546	0.0043839078635368	-0.0269914385005072
0.0355025752950991	0.0120001489645788	0.0421008388825769
0.0335925118629028	0.0125093196155326	0.0414752416895589
0.0377154134501041	0.00741166702715132	-0.0336910703559909
-3.48795619792277e-05	0.0480168160431151	-0.00122430144445811
0.0137096245301282	0.0201690578903754	-0.0348955823536782
0.000920264690911454	0.040427318982939	0.0123895242016647
0.00201505168448374	0.0169136920682841	-0.0160803347467249
0.00457958113896191	0.0189863408076181	-0.023474944402141
0.0147935262969263	-0.00195195341859633	0.00395496241547888
0.00193153174564244	0.0179467797373029	0.0161427470487614
0.0380865047315906	0.00935049008520687	0.0387699596002664
0.00062393897892581	0.0454585128625261	-0.0109192422353935
