2.27548833580852e-20	0.0110844132770545	0.00419929553873077
0.00861160586187006	0.00132936919524351	-0.0138278009754766
0.00991740246919978	4.21904731869662e-05	-0.00100384777420365
-0.00111429692163209	0.00546996242437508	0.00524671541819669
-0.00082218993767121	0.00681683201876482	-0.00785396792271512
0.00216159317011145	0.000768495034093517	-0.00226710232772167
3.43608399505583e-05	0.000491703840998203	0.00129537322216417
0.00037071055542296	0.000317404555587333	-0.000339559361863499
0.000112802165676904	0.000611850072834735	-9.31841273669572e-05
0.000282660263465785	5.10498071776067e-05	-0.000595554488694853
0.000279390148719055	0.000116429149865334	0.000688436111730451
5.7457056718936e-05	0.000116992695884808	-0.000282161562144841
4.06440599398386e-05	-2.99553815118249e-05	3.50360445516685e-05
0.000901821874147749	3.15527675945055e-05	6.46111284321283e-05
0.000194830914321658	-4.41011856225978e-06	0.000212663072972815
-2.56060911917847e-05	2.59126018461063e-05	7.33526363408214e-05
5.34573597897452e-05	6.49725560590645e-05	0.000454087057850455
0.000279576833885057	3.61781618067006e-05	-0.000604515578850249
6.55770548517108e-05	6.5535637716209e-05	-0.000441639751730622
0.000934077837542607	-0.00024590064002459	0.000105825326606005
0.000993387555296109	-0.000123540412150048	-0.000368148828859289
0.00395554445783562	0.000392833252821125	0.00388919437240818
0.00634097835334043	-0.0035128026479658	0.00138618178825187
-0.00109851935836077	0.00940954685040003	-0.00601934129419975
0.000303256025747675	0.00764530312233739	0.0113029134873252
4.40511507508033e-21	0.012749348285513	-0.00177619000888747
0.0102436976819008	0.00278473224573632	0.0108643946777146
6.2446104275848e-05	0.00204846531355483	-0.00157997218585909
0.00155566214302407	0.000486528387796958	0.00265696413456979
-0.000117556334032799	0.000482936723520582	0.000203316648346151
0.000320514862684403	0.000634029645012571	-0.000911931491124196
-8.3059506548518e-06	0.000715929918944795	-0.000699632702558215
0.000167894549425941	0.000238028757238433	0.000253583013981272
0.000281016470466597	9.32564593730047e-05	0.000707831497552389
-0.000159388980884294	0.000430551595254833	-0.000280595715331031
0.00156957044743446	0.010056160534647	-0.012090480309182
-0.002121809725016	0.012286560636307	-0.00203099784531006
0.00115490223454416	0.0023029632305469	-0.00529905621052857
0.00253348849032093	-0.000685192361303087	0.000389651668022807
7.95066048495104e-05	0.00510348493796204	-0.0032600519967838
0.00411908380227488	-0.000700414733109403	-0.00354384753644921
0.000511839165696435	0.000525841998062336	0.000789560763518256
0.00104798377280266	0.00114812485426566	0.00291511375155958
0.000932547673999698	0.000708477195706646	-0.00198229684445601
0.000190153350094508	0.000876808646376166	0.000877400447334931
0.00198814532032841	0.00534886386085486	-0.00918312853869224
-0.000512034132326685	0.00314098490691491	0.00442506999344052
0.0010688792975769	0.0108825126011284	-0.0120729514389345
4.00129536394915e-05	0.00736060582601208	-0.0113197798149551
0.010884847775137	-0.00228949616308056	0.00299020146737792
0.000356209154582893	0.0076598766824364	0.00908741588217249
0.00109300527617006	0.000429860213338169	0.000588508363882601
-0.00010882702314792	0.00246427114254714	-0.00129761245782865
