-5.84711690324251e-21	-0.0117506163986687	-0.00436248844647927
-0.0120180732587266	-0.00194663439923863	0.0166609874518379
-0.0171300222038141	0.00149448977501777	0.00162462544070588
0.00121149597296332	-0.00939254872851392	-0.00899168178244947
0.00134949025651045	-0.00807766181328875	0.00985704236004112
-0.00292330701104132	-0.00129419896161651	0.00346116580512356
-3.42165047036811e-05	-0.000450711774458568	-0.00188467311791123
-0.000343499262746022	-0.000379846961849425	0.000713922743419904
1.12187204853075e-05	-0.000822834168437376	0.000304019258439741
-0.000365938636300734	7.29347948743567e-05	0.000730168950098124
-0.000196983992680021	-0.000177147647021164	-0.000934723122247355
-7.68819521591181e-05	-5.77325993010175e-05	0.000371623929439898
7.65066675030889e-05	8.20162019488407e-05	-0.000156402368345141
-0.0011388276164457	7.37375135960308e-05	0.000206464529056941
-0.000251435668389145	0.000325447252455358	-0.000304741398491954
0.000347806196308108	2.24376190340103e-05	-0.000129046491487304
4.60059803519402e-05	0.000168408757699316	-0.000787096122766389
-0.000195687655922592	1.20850635486045e-05	0.00108613584742705
-6.68111417513772e-05	0.000101793630824664	0.000527971273811735
-0.00104782674488774	0.000319040206201222	-0.000217189241123109
-0.00129526439485445	0.000279988566839399	0.000534225984384195
-0.00671419987753112	-0.00074679498764261	-0.006045144064486
-0.010969764908777	0.00437386782800981	-0.00308588014894595
0.00150695834695962	-0.0104648645328037	0.00550890024375724
-0.000773426564073677	-0.011803122229193	-0.0138745275213132
-2.06129851224742e-20	-0.013986356859582	0.00122508184385325
-0.0145426177158351	-0.00408142702864887	-0.0156272119902217
-3.32357087188021e-05	-0.00231163177837349	0.00205695483457497
-0.00221414639721674	-0.000574168304175256	-0.00387447500475048
0.000298293710071606	-0.000647343283371888	-0.000118071024852923
-0.000397314224883765	-0.000546514601887261	0.00109242202613838
0.000307054965645522	-0.000905781785638371	0.000793259149254791
-4.10193499926871e-05	-0.000291148796049102	-0.000500872000945543
-0.000365588563943152	0.000145410590642212	-0.00111388126367161
0.00045190488533212	-0.000560821734180372	0.000237031879007887
-0.00141070745739275	-0.0134250580147699	0.015443369323897
0.00194512611096698	-0.0165756053590437	0.000799193937959832
-0.000836552070444387	-0.00286374277855559	0.00616623175640108
-0.00372660609900052	0.00124243000698429	-2.21189532308807e-05
2.42047445143988e-06	-0.0061508950755732	0.00389957338468651
-0.00680127760282736	0.00141586289703312	0.00555061593328414
-0.000499876610139837	-0.000750300599322039	-0.000919084399713834
-0.0014210679837594	-0.00159825035711258	-0.00451104032339646
-0.000819448425947012	-0.000966780718516247	0.00254469843847335
-0.000200902351837788	-0.00105819348392192	-0.00141401760069887
-0.00245865052931157	-0.00676619313875578	0.0110239062053162
0.000730696536809512	-0.0045886424965513	-0.00808555308770955
-0.00093431255817305	-0.013622534278929	0.0155788654982258
0.000277523411243764	-0.00753739535348983	0.0127292771139541
-0.0148937558846157	0.0022139601434935	-0.00251635047290472
-0.000704999853960044	-0.0128248813846887	-0.0178035446485771
-0.00143261127912733	-0.000576502524038418	-0.000627912994459107
1.02280312551823e-08	-0.00359249255323493	0.00215342629555403
