5.48945781964458e-22	-0.00509132004830724	-0.00185969450407399
-0.00482643182366342	-0.000735641081438434	0.00699728531318145
-0.00429170430849669	0.000459201132013745	3.26721011210288e-05
0.000275785086472644	-0.00141643355736375	-0.00189069551251766
4.01864308993708e-05	-0.000856306362211945	0.00162917503102045
0.000285554616623094	0.00022583211665213	-0.000276591061537736
5.97339473045157e-05	0.000242437775483705	0.000523152825158786
0.000231099390431478	0.000341470298875935	-0.000395720014072804
8.64881534456343e-05	0.000503624594185818	-0.000210445369046179
0.000241094988073691	1.60284938499647e-05	-0.00036841207888252
0.000202058404008274	9.4317036975456e-05	0.000510743070312259
8.12476756746317e-05	0.000124304564312185	-0.000299013536710212
6.69175993001313e-05	-3.28353265538772e-05	3.81257341137935e-05
0.000423125843352736	0.000100422628547646	-0.000136896731391252
0.000224961732099297	5.05153237226172e-06	0.000211272738452439
-1.97502245745394e-05	4.18862624234172e-05	6.78750779752673e-05
6.62921252584047e-05	8.83305045104409e-05	0.000381407620357854
0.000221493850348603	0.00013982163004764	-0.000502890160244025
7.73929211187225e-05	7.18608925992505e-05	-0.00037991143343335
0.000446605055470182	-0.000103741611354137	9.08618099583914e-05
0.000355128841708455	5.88168839962802e-05	-8.94346535094866e-05
-0.000227791633349431	-2.46940805597387e-06	-0.000278181017478828
-0.00181972863170566	0.000930649298791001	-0.000743026185444174
0.000228933262454824	-0.00272011571089185	0.00205281961771147
-0.000167083445843908	-0.00390815595583114	-0.00511656761992193
-1.30427457432066e-21	-0.00600264922434796	0.000633451565098363
-0.00586957247955967	-0.00161887834326893	-0.00626216934003021
5.07032499356402e-05	0.000498512361947218	-0.000443319750016602
0.000261259130874212	0.0001325371383141	0.000224368224785398
-8.67130202198069e-05	0.000440233608173438	9.23161619861765e-05
0.000223551309193077	0.000323433933599284	-0.000576966157610941
2.02039864547347e-05	0.000463022735678487	-0.00040996335237801
0.00011697457311014	0.000230115362617096	0.000261890650926517
0.000221834571210293	7.00159901950471e-05	0.000499110290205248
-7.31956049515674e-05	0.000334506958964707	-4.69790630182712e-05
-0.000433805990583645	-0.00465043484358903	0.005402209149196
0.000893396934268325	-0.00674390990722809	0.00049820267786303
0.00014929301661184	1.50214539787911e-05	-0.000203048877243883
0.000389047268139717	-3.09495967599853e-05	0.000246194380473332
-2.92895001531332e-05	4.07618492890921e-05	2.64737633581074e-05
-0.000252092771092363	0.000157179981517747	3.50889422726963e-05
0.000212492737623243	0.000359725762539703	0.000307950356904433
0.000267684465371802	0.000101217735784522	0.00044724615612134
0.000266199765274985	0.000275700403872762	-0.000597663938975261
0.000133642892035909	0.000302830673471486	0.000263492560476576
-0.000164610745380145	-0.00103444944822426	0.00136331495343365
3.13925368552692e-05	-3.95774457180242e-05	-0.000455352976430868
-0.000295188769836664	-0.00478981394611299	0.00549675399971488
0.000285108627476218	-0.00222703133587463	0.00311426779171535
-0.00518373148957566	0.00102250495660172	-0.00106722234003894
-7.37019297002426e-05	-0.0031335039623328	-0.00454842843431596
0.000376175578021638	0.000314879513649268	2.70017328846062e-05
8.75299144463088e-05	0.000371242793157881	-0.000170943170688866
