-4.68145068911856e-21	0.00746462130247065	0.00295369673438119
0.00616169206005679	0.000890003527054153	-0.00972674735890488
0.0103454837224803	-0.000294451705029965	-0.00142054423984975
-0.000363462015995703	0.00860378097282793	0.00712334263931707
-0.000350663290713954	0.0108795587953478	-0.00868439673290394
0.00771221495147739	0.00167004953042533	-0.00713562921579032
1.70526471199152e-05	0.0085707567651721	0.00128091778438346
0.00712622172593814	0.00159565117585655	0.00658186752689803
0.00624409545807014	0.00240629681964529	0.00754718604243287
0.000294841287930657	0.00823671633284171	-0.00326431431917988
0.00852031928164578	0.000230130675412861	-0.00255316726907187
7.75285423008564e-05	0.00875696782442443	0.00130256843760238
0.00538753047263057	0.0035284316154518	-0.00858462285332779
0.00731045020033188	0.00135904698583178	0.00636295946117725
0.0011527164236808	0.00803149653094597	0.00557844650764047
0.00727477984415904	0.00195777198122115	-0.00696088920213023
0.000551124432287913	0.00849024695106995	-0.00341872567554862
0.00810193259920683	0.000692228157799989	0.00448066465575474
0.000104310861625445	0.00876343508219986	0.00129862318051965
0.00803513858755009	0.000728004587758053	-0.00509837632107592
0.00776137012892577	0.000917042215560948	-0.00579771860549899
0.00801771972263204	0.00155453181312701	0.00803835466033008
0.0098393794774035	-0.00280718860952953	0.000780581961779956
-0.00036703882679925	0.0104474096606189	-0.00714058224321743
0.000465037101304628	0.00670665657266431	0.00932534129471418
5.28485546632001e-21	0.00881182148787281	-0.00125884172076961
0.00736045175481031	0.00204302766032226	0.00787344994726535
0.000224081865645593	0.00920582190797782	-0.003323700867805
0.0066785424149014	0.00216492274427296	0.00837117988600802
0.00577747548146929	0.00290703862081849	0.00811881652866662
0.000228127561459694	0.008819230589179	-0.00210588805981248
0.00686890867331752	0.00185666490011206	-0.00675438221016354
0.00655993087437223	0.00193723409289397	-0.0071467103554875
0.000133788470029171	0.00879316578001306	-3.98127731780395e-05
0.00641184500479309	0.00221879856743422	-0.00760113479115736
0.00130346077195705	0.00914083061773502	-0.0107197065365276
-0.00155906572150944	0.00873647949234877	-0.00116227675565993
0.00552680347104929	0.00328484531009368	-0.0093221982130848
0.00790448119057905	0.000918308561755435	0.00608523658054941
0.000234902346277493	0.0103899103173674	-0.00446775290125086
0.00882528138919636	0.000259853419291725	-0.00691713281439537
0.00636706606510749	0.00241807539238321	0.00782806604260358
0.00649502502710658	0.00286985375036454	0.00892893293946007
0.00694631541928229	0.00177594767320256	-0.00711984025073511
2.39332185367718e-05	0.00874475739324793	0.000325765337123638
0.00368078775165704	0.00717742731099797	-0.0122097982100478
-0.000309148136996189	0.00857994367954441	0.00511660845375606
0.000921145115242826	0.00980047007378646	-0.0105228854148337
0.000984509113885993	0.00810001721798328	-0.0117238658106704
0.00915224226210012	-0.00167598416771578	0.00226468296433903
0.000222359352413652	0.00833427842633495	0.00894814670234502
0.00712512268937223	0.00186062830820397	0.00721219772208165
-1.88178068495178e-05	0.00924199265345866	-0.0027873925334856
