1.34969242131228e-21	0.000507484039347202	0.00108250720571572
0.000214945763618199	0.000134772201322021	-0.000579626826921292
0.0170633079841966	-0.000300132606588879	-0.00176805356967071
0.00375097027455393	0.0292102948236877	0.0161380678103528
0.00251987416749072	0.0412264173349341	-0.0214597938934686
0.0518516553333469	0.00999795818716734	-0.0457908818778226
0.000251726849217534	0.0669853709030711	0.00595349574508166
0.0558767883890392	0.011673238094767	0.0517709404582998
0.0501709040373565	0.0169776379081899	0.0590166761645337
0.00214173244965846	0.0656021150947143	-0.0243985591550234
0.0671275438031043	0.00162811515170232	-0.0210674527944701
0.000636700760057141	0.0686595559377105	0.0120391068494771
0.0418653781159479	0.026836353085782	-0.0677107453394061
0.0557419202735376	0.0106306897585868	0.0491473363328387
0.00786120049897074	0.0633436510897423	0.0444820491006812
0.0582367790891188	0.0126063357217764	-0.0538895580182227
0.00379940509741946	0.0660534806413708	-0.030251113606538
0.0636648320085059	0.00519163826479293	0.0365137937713695
0.000674577604738179	0.06909579175523	0.012044355545121
0.0607334038459292	0.006628222298352	-0.0409274324980882
0.0583828494565688	0.00801721081029424	-0.0439107751100618
0.0427421449912114	0.0101089988563517	0.0428296772429615
0.0335840050255203	-0.00166903747544133	-0.00105156636892974
0.00321618155983534	0.0197258919826735	-0.0168034954688376
0.00196955185898932	0.00527307032315958	0.0061505333371103
-4.99451107888886e-21	0.000864240523622372	-0.000544669754718919
-0.000243553649208847	-0.000107350993833836	-0.000323777917327028
0.00142864122912912	0.0627088394340341	-0.0191810731821619
0.0464324054945296	0.0146782062922285	0.0529847006361873
0.0472331243045565	0.0207050854157032	0.0631850668656718
0.00103225056161254	0.0690480541347843	-0.0153857111612375
0.0554379525357227	0.0117452159834962	-0.0507821861092771
0.0522276981285944	0.0145692577411641	-0.0561521422940413
0.000247431737250556	0.0694340636070888	-0.00222540208316626
0.0518983275895014	0.0158082783483427	-0.0580893048835041
0.00176863366728644	0.014688086683491	-0.0133077191277375
-0.000249474491853875	-0.000233686195893448	-0.00162049018460119
0.0398143388647742	0.0141751758645919	-0.0484473453420351
0.0521398406766731	0.00993626078977042	0.0460967940858207
0.00141426543613095	0.0548765856221123	-0.0172077743869596
0.0487398334834022	0.00552535972910982	-0.0343578858072208
0.0495306690406396	0.0167860389939237	0.058327800181522
0.0465188053865905	0.0161768383136261	0.0560345048105974
0.0518039387831234	0.0106943005975653	-0.0474404220038317
9.97717746504076e-05	0.0667529320966842	-0.000685950495951004
0.0163759352440421	0.0231394952485432	-0.0407509590416363
0.00134397785667343	0.0518466177955391	0.0150226620262852
0.00197358696875541	0.0105068752090414	-0.00867878605395422
0.00334660194096729	0.0127810106226246	-0.0164356339135241
0.00692709065370278	3.97369029138763e-05	0.000649772862164148
0.00504714053653041	0.0112996886374951	0.013977964288483
0.0533569766927913	0.0131476511778279	0.0534940852051114
0.000960836542090668	0.061505914694646	-0.0153781575156475
