3.18459866841319e-20	0.0209651258894201	0.00701542921074361
0.0143896147531092	0.00337033408100928	-0.0252152652929325
0.0217396617279052	0.00275303809467038	-0.00319751783268608
-0.00140834352717702	0.0197127678599143	0.0138627013137044
-0.000476437818650908	0.0270194026137776	-0.0224401978149749
0.0215952066110446	0.00532621445360953	-0.0197659429167434
0.000254879453164913	0.0237243636269225	0.0059972583988258
0.0198481586381612	0.00538052391220669	0.0166379103856802
0.0172619171707718	0.00816074709985146	0.0201067421808518
0.00165372963152265	0.0226856916518794	-0.00989275437903571
0.0240299240429968	0.00094914232761485	-0.00589033192681245
0.000423750676301524	0.0249238752297902	0.00323243374222143
0.0149772562082758	0.00980131073980868	-0.024056537912798
0.0211790073588645	0.0039226312649154	0.0165066664511085
0.00359858303465665	0.020682256589351	0.0162469838358379
0.0186308604322192	0.00519813904971469	-0.0191801000798981
0.00108659936185082	0.0229547907466381	-0.00755464260866762
0.0222952380487434	0.00202724140364354	0.010134638260752
0.000448790403577296	0.0244088140115499	0.00291461792053975
0.0228772633620908	0.00174194905185769	-0.0136351328895502
0.0220521441875453	0.00285822987877873	-0.0156104121225707
0.0209997403176255	0.00423490209639244	0.0196071240635637
0.0210772829555546	-0.00650325352419372	0.000857873688974848
-0.000617891243925703	0.0255239342395808	-0.0165800779415062
0.00107214659780713	0.0162407537599152	0.0220662712178165
3.90465947249884e-21	0.0238182810679025	-0.00267121426118065
0.0175519503192207	0.00475190890105548	0.01858572265947
0.000685270326481288	0.0263185589709059	-0.010146292565646
0.0191518712557728	0.00635497092442964	0.0224198406078567
0.0157477692806271	0.00913983255933438	0.0226094583048321
0.00117013033412196	0.0247993204633723	-0.00719156835348451
0.0183215781483516	0.0063318150747095	-0.0197238035484442
0.0181339456910275	0.00605054611087609	-0.0183800655704106
0.000792619034217218	0.0235440588491828	0.0022462391587152
0.0166573936304633	0.00708041571210769	-0.0206189410244376
0.00396278336073936	0.020806394041156	-0.0214714985047786
-0.00325268644203	0.0212856856811853	-0.00531075148715552
0.0146837798412018	0.00962012166901442	-0.0267606403671253
0.0225364069935845	0.00214253533461947	0.0167215318041949
0.000709759398820174	0.0284541689488316	-0.0131666508408306
0.0224083925461511	0.00124836637895273	-0.0178170083915173
0.0178912485066554	0.00745847506728813	0.021832478464043
0.0182514771123559	0.00804105343760848	0.0248177200798663
0.0194313915215485	0.00581143014268904	-0.0213969953900263
0.000744182232102579	0.0245610290200231	0.00214444912781047
0.0101115575395917	0.0185488993522015	-0.0312698624363289
-0.000340181001363823	0.0224417062238168	0.01381228093928
0.00365563996814246	0.021300019464688	-0.0228030269768359
0.00239617134831987	0.0191124736517977	-0.0266479674420484
0.0222691059415944	-0.00359156853757417	0.00508090700917094
0.00207015710544989	0.0180839979183157	0.0173741200715246
0.02057653605936	0.00603517173732505	0.0195105423580896
0.000279386205306158	0.026039466845812	-0.00754275249569249
