2.65983804543062e-20	-0.011852427131288	-0.00443460586069668
-0.0116930586361917	-0.00185422374010467	0.0166017257919428
-0.0095918201487952	0.00151668653140496	-0.00104280931698278
0.00369415517750252	0.0115312367773373	0.00309003333896149
0.00333788459581399	0.0204543680494249	-0.00207484706808827
0.0407386266690246	0.00716282118189742	-0.0361530046738939
5.39494436161074e-05	0.0615474889072855	0.00436439650091216
0.0521418184420175	0.00980677382695065	0.0495322720373066
0.0472009193798311	0.0149062351699143	0.0575184417228916
0.00119734990764347	0.0628244074800976	-0.0223219739912088
0.0648129289304326	0.00104377881376317	-0.0222477135685152
0.000210849747009963	0.0686212573565768	0.0111619925037644
0.0428794957423964	0.0260211913796496	-0.067684956724309
0.0504367575104378	0.00911305147844253	0.0447101994583345
0.00863559926394136	0.0584446002792024	0.0462088792863038
0.0534497139564493	0.0145104457001889	-0.0561072929699968
0.00224514250505351	0.0648956690639905	-0.0254708184210252
0.0603983904128824	0.00403955908094154	0.0333520607814728
0.000295803504767625	0.068216892487759	0.011609609005893
0.0550418726713321	0.00671679587590262	-0.0385555188752936
0.0515032942874129	0.00788338389615233	-0.0404257455677165
0.0233181129788132	0.00631010170842084	0.0236584939028106
0.0120764650150192	0.00493826974026882	-0.00592592811801823
0.00406483359164054	0.00244355427202152	-0.00621421641885273
0.000216307340889462	-0.00937269829246081	-0.0113890511102995
-2.62365317856609e-20	-0.0141197234795266	0.00148897860220686
-0.0141167808910842	-0.00395411196398059	-0.015157556512174
0.00128945231640576	0.0541275682177669	-0.0146521225903629
0.0379288317391264	0.0115188155154419	0.0405301825720302
0.0454775614555022	0.0193832927827946	0.0615692447999715
0.000163902946144624	0.0635253660098432	-0.0125325800095585
0.0515831405610699	0.0103287985091241	-0.048474815960595
0.0485055210027003	0.0132722151937822	-0.0544342885804028
-0.000856485611771123	0.0657594394073419	-0.000182445797885961
0.047923633111475	0.0145933998502839	-0.0553956153560053
-0.000567342231241019	-0.00963894439191841	0.0113819374503853
0.00208301235168687	-0.0161982870486862	0.000935555313625497
0.0299689840401965	0.00690810834124635	-0.0285908616942858
0.0407933702398346	0.0108877137847283	0.0415323587839422
0.00104821079771458	0.035436003338406	-0.00835257219252713
0.0270870511909445	0.00730306783256546	-0.0210112051699032
0.04503696300708	0.0145674588883803	0.0533815690633098
0.0406150577861648	0.0113744162935903	0.0422256190633801
0.0453045219802371	0.00883366407715168	-0.0405785651569362
-0.000587440155668222	0.0596483223239831	-0.00153366310110155
0.00921709651741476	0.00880924410436711	-0.0162405764045145
0.00155331189096734	0.0339089342753111	0.000665380168201285
-0.000576963536530135	-0.00903152855680932	0.0129310262167006
0.00411912206905241	0.0018762600013291	0.00173107509897907
-0.0122775964897964	0.00235884042228346	-0.00214366702226974
-0.000401450757115538	-0.00529559884758581	-0.0138807984340557
0.0469456657390945	0.0108684223159758	0.0484099964628889
0.000571572823332756	0.0492966281895178	-0.00994761471607905
