4.54146603958812e-21	0.00280401570054041	0.00158694916236597
0.00203982387212917	0.000402260704305695	-0.00299977427045426
0.0117536301295692	-0.000453810078077096	-0.00104749678835803
0.00290614017160432	0.0206961528122099	0.0102725628018771
0.0015711188680296	0.028853475706947	-0.0125891776456209
0.0411199030781035	0.00767098826698924	-0.0356603934927776
0.000303434043696209	0.0562178253636682	0.00517132886182331
0.0463599969514606	0.00957834445466452	0.0420912781648487
0.0418057465753935	0.0147542849835691	0.0497201728158645
0.00174588265974102	0.0556898524552624	-0.0197346352509415
0.0578023160233533	0.00153760694432228	-0.0186934264825888
0.000659198088607423	0.0604790359507451	0.0103400971259325
0.0369578377327895	0.0237582804887394	-0.0594439777250656
0.0466831345451749	0.00876195020601306	0.0406541477714385
0.00785849286339835	0.0520922420207922	0.0395559259048561
0.0475942457481134	0.0125921354144021	-0.0479059286643647
0.00274780174717525	0.0573561471472468	-0.0225357865219289
0.0540892006188689	0.00408003780216874	0.0286445872397043
0.00073190089405152	0.0599789551233142	0.010253580497321
0.049537174273004	0.00588021723817195	-0.0341524960444152
0.0464485857020733	0.00751821590393687	-0.0363359670048297
0.0316093381241298	0.00812949258839605	0.0325404173648786
0.0244309849798005	-0.00132193793571513	-0.00034368643557994
0.00212354685595027	0.0138483623293669	-0.0119243450060058
0.00153111831144011	0.00412795580688336	0.00556943387419352
-1.17520301692894e-20	0.00310081956049422	-0.000538158058219176
0.00211328885593822	0.00052543478953709	0.00216311933831484
0.00122274742256754	0.0501198309578038	-0.014555455108285
0.0373664543939975	0.0118512185332159	0.0417285251686297
0.040289188293935	0.0183423933028891	0.0544490887357425
0.00096245619637463	0.05696134527584	-0.0123594584723058
0.0466173866106124	0.0107928125340592	-0.0443381624900658
0.0426157470170382	0.0126725018618978	-0.047112274838197
0.000223771878481538	0.0586105158552021	0.000250962785452633
0.0424699096220293	0.0135706550132372	-0.048590087361506
0.00131421348983782	0.010150775340333	-0.0104530051720701
-0.000453693140288757	0.00248257507614427	-0.00154195281739016
0.0300798429632203	0.00917565977451824	-0.0339476153299485
0.0406673368025681	0.00975241580414081	0.0393910320965809
0.00115828913064403	0.0428061029713781	-0.0116395053365542
0.0368714430166439	0.00493925288729982	-0.0271758819307124
0.0406075451360096	0.0138248454340207	0.0475185540076686
0.0372375581766587	0.0129047483067142	0.0443693850945795
0.043343010407443	0.00907249575823657	-0.0396664226078052
0.000119161934350583	0.0546018236419949	-0.00175179007910633
0.0116399266091062	0.0176647375836828	-0.0307513909956529
0.00149003009113842	0.0383498657129575	0.0101712861520014
0.00128399143095874	0.00783095406076291	-0.00654454229265553
0.00199799107038141	0.00892183899266791	-0.0118273987827245
0.00606148960959311	-0.000398242504378498	0.000797382898325975
0.00336190883209497	0.00727192373720766	0.00907464055269214
0.0430379149085451	0.0104396607486369	0.0425011821731644
0.00102900700652504	0.0491427035520619	-0.0110985294181503
