5.24151521626206e-22	0.00350379927903742	0.00182918152843447
0.00296553408484084	0.000218850440303487	-0.0047306238071947
0.00738479498749113	-0.000260030650079858	-0.00116940630886406
-0.000839426388990454	0.00532093928386604	0.00479888855948833
-0.000769836020708585	0.00688229669803528	-0.00722591098263513
0.00268518395738975	0.000985460244214572	-0.00274391038856653
5.82121778817605e-05	0.00078087934106196	0.0016660791097275
0.000577972561893522	0.000525539601156138	-0.000502848794183777
0.000218795240581921	0.000934806439047384	-0.000135050905342445
0.000431206682586728	0.000133618085249231	-0.000885418148065008
0.000488024685365794	0.000177552944273031	0.000995647222802295
0.000115943294705643	0.0002891389387962	-0.000448243660802927
0.000129689952973103	2.4638479408004e-06	-5.16695569137586e-07
0.00129914009375439	0.000137250443098659	8.353474120808e-05
0.000412685699070102	0.000109816111477773	0.000250057410091434
7.93733990145856e-05	0.000156499813921031	0.00025850419319048
0.000226697684381982	0.000158860513919142	0.000665485560199254
0.000490025747614688	0.000152396191342057	-0.000855686629061133
0.000124519073027242	0.000174003135907427	-0.000655572567834791
0.00136509471936016	-0.00033469540164825	0.000127622653702531
0.00140085585155034	-9.73175311200739e-05	-0.000553578454654348
0.00445337768673242	0.000516251355842531	0.0043325990979776
0.0060769158451336	-0.002868183886851	0.00111719703782202
-0.000788544474693914	0.00724037906129339	-0.00459572826404379
0.000307723969839814	0.00387393986529148	0.00567355874554459
1.7521064594614e-21	0.00419562224729954	-0.000910352773994698
0.003496916354546	0.000961965580235761	0.00372680708619777
9.33870165349163e-05	0.00262318573768257	-0.00198438480277007
0.00198530261751347	0.000665796311711214	0.00326349055741739
-0.000124503865546168	0.000781121319856298	0.000332596486506325
0.000472144799651961	0.000935719746108117	-0.00130401546604844
0.000100652863890392	0.00106077777470291	-0.00096174329137708
0.000311635551677607	0.000386638413238733	0.000352788738689854
0.000485948727270406	0.000219183469660047	0.000985871250392139
-0.000121630025604084	0.00066228827678447	-0.000363611877264517
0.000845733305362201	0.00560409634861206	-0.00684695596230834
-0.00102687559525888	0.00415410901677737	-0.000432716486107714
0.00151509496989006	0.00253958303150428	-0.0060570279345563
0.00310844911458092	-0.000755100084210212	0.000728807840372145
0.000104385262736526	0.00572720565300048	-0.00364042227345593
0.00469736464885277	-0.000687742806453126	-0.00395863517480302
0.000769038464878672	0.000792463083153163	0.00113020961096974
0.00139681149102104	0.0013936199110049	0.00360565467975236
0.00128806911930952	0.000891854739720724	-0.00252444001630519
0.000276989030766644	0.00126512418571959	0.00108545482860769
0.00205959276708564	0.00507919524149755	-0.00889198745447345
-0.000545397326050334	0.00370776591247877	0.00464177933159493
0.000558751168154167	0.00604779463223855	-0.00655602487035113
0.000281976014150425	0.0055297426894753	-0.00878865652855159
0.00544524878914473	-0.000956770335682276	0.00153175367969348
0.000168163630515095	0.00571396882881173	0.00669700687326756
0.00150873353472396	0.00066811616210337	0.000760415720620992
-6.79208940564284e-05	0.00308748107103113	-0.00156752910120628
