6.00879856139272e-21	0.0132094953864777	0.00452178905877058
0.0109911026530835	0.00192457308172699	-0.016966176167944
0.0258380831982646	-0.00039841125514684	-0.00400436279699081
0.00325360900946969	0.0338291945980204	0.0242670639632656
0.0019852762107501	0.0444256032441269	-0.0246380057678548
0.046859253217888	0.00896397345522995	-0.0412652578411846
0.000174730487699716	0.0596909528942317	0.00436211265905369
0.0496951055304325	0.0100770024702387	0.0459042353649787
0.044388548908962	0.0146656775313339	0.0520261525188948
0.00180267010596786	0.0575817665586284	-0.0214412972739578
0.0588400718259682	0.00134201656915667	-0.0180196152995234
0.000437547841536734	0.0596142737279954	0.00988656751096251
0.0367055202963611	0.023138514220646	-0.0589424406458801
0.0493270430347816	0.00951273771420914	0.0438226011242756
0.00678893554685557	0.0572214841842636	0.0389509334557422
0.0525180666849182	0.0111764387045421	-0.0477149108682505
0.00369233253728474	0.0589365087379498	-0.027738278841172
0.0566206170300358	0.00464428378823225	0.0329843439366185
0.000467518076056963	0.0606350722521157	0.0099808263674533
0.0535535468831132	0.00555062877757595	-0.03490864657752
0.0514903118824819	0.00701810054576835	-0.0386737035487529
0.0408759452622183	0.00927080962499447	0.040312279667371
0.0387984080751944	-0.00293716745795846	-0.00144804752451402
0.00299579629956896	0.0286477902794975	-0.0227920424859471
0.0021377592175093	0.0136368171746728	0.0181543269235841
7.73923845122124e-21	0.0154493395325835	-0.00181303630461726
0.0131657128539119	0.00373373684823596	0.014209842848971
0.00151907291888557	0.0563934393520504	-0.018189971278883
0.0421164458354529	0.0131944522959256	0.0481091953908141
0.0413840892622013	0.0181619748196718	0.0555304176857173
0.000941805778823149	0.0601417007859261	-0.0140572067398239
0.0496140983485216	0.0101448977673759	-0.0445543821626211
0.0460528394109644	0.0129470109796142	-0.0498888112239095
0.000245261287503438	0.0620351577288756	-0.0032216059443649
0.0463682449710953	0.0139969666186324	-0.051734865915574
0.00340357548114033	0.0200283304762899	-0.0227123378068922
-0.00221529468698253	0.0156407129118397	-0.00213654617114607
0.0372784382637656	0.0137012729922136	-0.046022895623174
0.0469305827006701	0.0087666667540599	0.0410659844614459
0.00149587642083998	0.0532626903223127	-0.0177883076652494
0.0459434953867249	0.00537095169421891	-0.033949761306978
0.0435758927286872	0.0148696237511107	0.0515956807382509
0.0414988801286587	0.0151772187697119	0.0510477718587843
0.0461496076942802	0.00928998338503093	-0.0417406497595253
6.66741477061294e-05	0.0591154172982597	-0.00101098702389057
0.0167032037114853	0.0244685095472583	-0.0428647761122892
0.000909939611154998	0.0492607593246316	0.0154166846801641
0.00244787062519029	0.0203301912349514	-0.0193065947446954
0.00543621217577474	0.0227620634319806	-0.0286182486095737
0.0180147702338951	-0.00238136809993579	0.0046933388461452
0.00219087604981519	0.021201527424102	0.0189929236864011
0.0471221381045006	0.0115623026204467	0.0473132422158742
0.000819669217464142	0.0558324309494588	-0.0139011570850196
