2.63402296295118e-22	0.000498519549560932	2.11294797308231e-05
0.000440697156661661	0.000140620687843873	-0.000581505643038609
-0.000246006599847172	4.44511164664934e-05	0.000140859646961821
0.000303736244991562	0.000464562663232295	0.000170410614860995
0.000224407678078333	0.000714542993476851	0.000270435388687538
0.0019676282344207	0.000339929842845686	-0.00177849095544865
-2.28059964013408e-05	0.00322947285988428	0.000156094677056275
0.00271471568741158	0.000405232032491509	0.0027078565297845
0.00241295060680201	0.00070925495158325	0.00314865614108685
-3.58527275508359e-06	0.00327947308200206	-0.00112501037436686
0.00341916244381231	1.46676146224008e-06	-0.00114656683177577
-3.75382915890065e-05	0.00359434372071955	0.000418997552583928
0.0023875102138504	0.00133905016452914	-0.00361369315728831
0.00259830544509809	0.000450107573613263	0.00238494506048134
0.000452966511405932	0.00312204320539374	0.00254921954234506
0.00278281218790576	0.000928334725332252	-0.00325216194120329
5.24792119762477e-05	0.00360010929971419	-0.00119810138107019
0.00322943632174004	0.000132238622533049	0.00183605196438665
-2.75630556713806e-05	0.00369649066313524	0.000420557427171326
0.00285955216945275	0.00035735468527823	-0.00205661043366044
0.00259494521588106	0.000441139776108371	-0.00216209678479147
0.00109947272011766	0.000331590698562757	0.00107711266366588
0.000534364653962066	0.000405979988268747	-0.000279509823117438
0.000301365706382095	-0.000121235030540446	-0.000234469863106428
3.04322566037447e-05	1.12811389043975e-05	-3.9164610829053e-05
3.27801403576968e-22	0.000545107574414623	4.40450611939571e-05
0.000529494465282156	0.000148403602585392	0.000568683045888923
5.55697354176426e-05	0.00266278625007356	-0.000723687686258161
0.00188435735577193	0.000595650878745174	0.00194555726233322
0.00234033814099275	0.00104271645731516	0.00335368439371837
-2.26793074454699e-05	0.00337457733863748	-0.000742983071371094
0.00271545757970694	0.000596938173037432	-0.00273744572582486
0.00246460281441605	0.000678055782174098	-0.0029671787362163
-0.000102692235107648	0.00352405136693286	4.34632581824959e-05
0.0024943727245752	0.000775542510746257	-0.00301298066818193
-3.44392012406078e-05	-9.36045455679263e-05	0.000243513128409226
4.10250185632951e-05	0.000610324949515077	-7.67756460058315e-05
0.00151337381714905	0.000256643398045855	-0.00124823952658995
0.00195106303550716	0.000600999267423546	0.00210019636717221
4.88385830543833e-05	0.00159616059947762	-0.000268038198246098
0.00124067236314826	0.000437502003068463	-0.000960919438958973
0.00230575987255304	0.000778044052681687	0.00286004515651327
0.00197853140435563	0.000580042311930807	0.00208174203636951
0.00223105593317295	0.000420105715388471	-0.00200079815767129
-6.24434033146681e-05	0.00304636844223604	-0.000121607028798729
0.000354378815507926	0.000166663164854236	-0.000281975109459285
0.000130844617279235	0.00167421036072442	-0.000128239061774101
4.67422659826484e-05	-0.000120578706401977	0.00016398957701323
0.000173788270624097	-2.42365462760396e-06	0.000425430910979458
-5.96159424171418e-06	-1.38080837234313e-05	-6.19897271983084e-05
7.33662412669205e-05	-0.000126466925066415	-0.000415739190035818
0.00235429659839205	0.000526444707511559	0.0025446421718545
2.52953671843248e-05	0.00242530590835385	-0.000406778220818033
