-1.14259767505275e-20	-0.00982074358352667	-0.00342955931405532
-0.00961943631055902	-0.00155560108195572	0.0135763263889699
-0.00642169042734706	0.000906435855926041	-0.000372930112090367
0.00087396526271099	-5.28430582946273e-05	-0.00172512001299114
0.000393732176999068	0.00162692580801403	0.00156113361745208
0.00270643929422666	0.000654387679866145	-0.00222825327808133
9.64967738868327e-05	0.00308297596077856	0.000470232822889733
0.0024799007780742	0.000964738995411087	0.00180770148852114
0.00209881687396508	0.00125920259029486	0.0021165168079218
0.000372894739443071	0.00257616169732529	-0.00136668808866038
0.0027162839364063	0.000194606100635384	-0.000184067526341851
0.000161704573347717	0.00248474337479697	0.000111672769323005
0.00151105837636717	0.00099651739255789	-0.00225168716313571
0.00269370239712104	0.000719771994803047	0.00210391034290087
0.000518591156398575	0.00289656671309415	0.0013742415685612
0.00266618306159008	0.000527758491683727	-0.00149528779271875
0.000544676719664036	0.00264706730362833	-0.00116717909189556
0.00276460998176528	0.000532410445949403	0.0012616280674595
0.000154623979620715	0.00260110814590382	-7.71694367028162e-06
0.00303617434997168	0.000126005507678006	-0.00144356414996077
0.00287779851142817	0.000426144913776833	-0.0019023733736285
0.00170891388084579	0.000594877877001047	0.00164479956355803
-0.00050575551565024	0.00180263446658337	-0.00157764395024086
0.000926753104558924	-0.00259445082871972	0.00154362949721967
-0.000208426238239807	-0.00716270699195624	-0.00895793295062747
-5.10497914080969e-21	-0.0115684270800751	0.00105439905657409
-0.0116724602262476	-0.0032442750525056	-0.0124928757684626
0.000161803875919298	0.00346406206166149	-0.0015025421917276
0.00242843525262835	0.000945280417549116	0.00265466591194983
0.00171095266733857	0.00127415093029703	0.00245296521425397
0.000310395104840203	0.00310046131725785	-0.00130933000673725
0.00243314180919958	0.000971456123299831	-0.00227101887277772
0.0023190477618027	0.000863900923328132	-0.00194503167565976
0.000379630732968327	0.00293310697553213	-6.7089015026515e-05
0.00222917923038095	0.000971856295138697	-0.00228788120172456
-0.000629619426664721	-0.00758366362623254	0.00914346905042188
0.00154785252566269	-0.0133521014023959	0.000832095386617897
0.0023821350438945	0.000603477361454636	-0.00248446819653073
0.00264296898061865	0.000578628468419879	0.00257900441370638
8.02553359313187e-05	0.00286223347701618	-0.000885472905096697
0.00200675682841584	0.000690823800981216	-0.00155578446157026
0.00228439453014097	0.00115985334433589	0.00282045311961222
0.00238993776891189	0.000952044860835591	0.00311809968136738
0.00270515810182856	0.00072918504249043	-0.00262134152168985
0.000181380291045182	0.00315943518217266	-1.12079491217148e-06
0.00102409876474117	-5.86665008473911e-05	-0.000479480931414844
0.000186674230226411	0.00264325338732786	-0.000294270420556846
-0.000434115425479585	-0.00770136430972045	0.00923127184277286
0.00111242869122483	-0.00223868088887455	0.00381970351564295
-0.00931461862737709	0.00181027200821916	-0.00182097047575133
-7.36249200752631e-05	-0.00427312302019322	-0.00765219496767537
0.00258963753256994	0.000995940560187587	0.00236429057769361
0.000176504017164964	0.00325992318358605	-0.000863043849752997
