-1.48805016197711e-21	0.0168497889620831	0.0057586282188519
0.0127339911239206	0.00263730688301332	-0.0208855497284174
0.0252926085901071	0.000806153657134533	-0.00441163873343311
0.000988714110566069	0.0316601253041638	0.0213685238670262
0.000550178179695318	0.0415872178816267	-0.0261910161504159
0.0428829138901223	0.00863915398716879	-0.0380328872782027
0.000138077900629883	0.0530191284646849	0.00596023245517098
0.0438244934969376	0.00979731582044325	0.0401434392613916
0.0389895861291242	0.0143148557913154	0.0460192559376733
0.0021510592445147	0.0508499449599037	-0.0200849922903684
0.0524549576349989	0.00141240148583676	-0.0152065295631582
0.000611736310580196	0.053686383188847	0.00833833508142934
0.0329359517636118	0.0209039863270864	-0.0524789667162068
0.0445458071398112	0.00851653727107961	0.0386525776245659
0.00651864822161097	0.0492978780066844	0.0350468759162255
0.0450870514512293	0.0103756039396034	-0.0425858607125043
0.00293269624465727	0.052004744214364	-0.0225908009320394
0.0500285007282298	0.00414751863787268	0.0275646399114471
0.000642458918966795	0.0538335101142756	0.00814222899115696
0.0487381955599439	0.0045290492968734	-0.0307845421133015
0.0466612687916867	0.00615271740680092	-0.034670273090644
0.0364338808334394	0.00800064320604243	0.0357144164397228
0.0350124753096664	-0.00519465238787703	-0.000476153161076525
0.00147755390249802	0.0300817562921506	-0.0219019344567549
0.00152148322203122	0.015276921529244	0.0202685262746049
-5.05312816705702e-21	0.0196367728269689	-0.00220834992296224
0.0151954589680796	0.00423158645910588	0.016276820376392
0.00137257056095705	0.0530918854812141	-0.0183798780009337
0.0382768428490617	0.0121415712066382	0.0443752371371069
0.0361448152397175	0.0171885875007141	0.0495487187475742
0.00127026500525127	0.0538433622817099	-0.0133225805328918
0.0433996660552016	0.0101576082170711	-0.0408307047550301
0.0408685419794126	0.0117586833846161	-0.0433312028323679
0.000497304935036146	0.0543176937215976	-0.000810666136225849
0.0400411045999823	0.0130077578689483	-0.0456866485505381
0.00345292474640659	0.0213328919327983	-0.0230717803453031
-0.00277733479310361	0.0183090995488731	-0.00367615185428114
0.0305022612969126	0.0131723401812469	-0.0419166917615753
0.0432788754655946	0.00725028662625656	0.0371232876260885
0.00113847823883743	0.049125789116331	-0.017674484779287
0.0405073874223836	0.0042960177859864	-0.0319505425463813
0.0390734693583695	0.0142025581708574	0.0469462769454381
0.0384733526528118	0.0139497051917789	0.0473174084528783
0.0416885353268092	0.00921329721370482	-0.0396555689271579
0.000308345097244589	0.053036791112202	0.000160499147616797
0.0162061244071997	0.0258338281550791	-0.0447694767350007
0.000164862462612048	0.0422082069257357	0.0174706823379535
0.00307086904945988	0.0220516018261409	-0.0226948138667715
0.0048860793239491	0.0226979946492437	-0.0306430544493716
0.020346471449778	-0.00310661626456241	0.00449337396735468
0.00163922427429707	0.0212860495664383	0.0193180237393891
0.0426568225854993	0.0110837478442408	0.0426591426667593
0.000545548055248594	0.0512738401846127	-0.0136060611360065
