5.15159440639578e-20	-0.017416457296235	-0.00560716089900365
-0.0176730760427368	-0.00347138467856586	0.0239856024347918
-0.0286278581597328	0.00257240958282422	0.00252211414308188
0.000802276201758912	-0.0138648570383023	-0.0137496115632267
0.00230778598386859	-0.0108218547295563	0.0137529429092993
0.00396923985226868	-0.000109131848789895	-0.00321659565117254
6.81145316744908e-05	0.0138148145057971	-0.00063594709816522
0.012000255843826	0.0019248023662062	0.0129364407410435
0.0113888920151379	0.00282915852431323	0.0148005948461578
-0.000254249263043324	0.0157026855899172	-0.00409276694760211
0.0158238755359917	0.000197771120291507	-0.00762553991286851
3.40054874658385e-05	0.0177650671523334	0.00394185855721598
0.0107295448622782	0.00750324760329428	-0.0179230257731118
0.0105410235278811	0.00211047210359655	0.0105492591500732
0.00196784524874613	0.0135047721536386	0.0110146299129461
0.0121309260148035	0.00418029676994111	-0.0143627216771971
0.000257254480351399	0.0159602170662794	-0.00582230609179565
0.0140728335514086	0.000878847102492693	0.0088443789927344
6.26146582324216e-05	0.0172262725244048	0.00412489925917504
0.0113848263015674	0.00238690222008088	-0.0101153588402108
0.0102171793371312	0.00233894135021485	-0.00907312702340427
-0.00609833717065537	-0.000782995380558849	-0.00543257135887311
-0.0168358254179077	0.00628663559006091	-0.00597896486751909
0.00143719093049938	-0.0167340674526762	0.00752991016980434
-0.00178902759411158	-0.0183444507475667	-0.0208236238008674
-4.41703836474491e-20	-0.0208232703361979	0.00122029257155249
-0.0209945563126041	-0.00590819283434118	-0.0225850944133211
0.00019079306853074	0.00873086552205293	-7.6816530869168e-05
0.00488517978924289	0.00107749297428727	0.0030947203041663
0.0116553390564773	0.00420816803658563	0.0153348553340347
-0.000565141951443988	0.0144531108894152	-0.000871377783215041
0.0122246932248117	0.00170457053538941	-0.0110864214109345
0.0113764693176943	0.00307457465872141	-0.0142067995885472
-0.000745222305152441	0.0156104545570708	-0.000498476803543106
0.011455989400339	0.00317339506997261	-0.0133318650077298
-0.00239765597075274	-0.0219744566537712	0.0238340680311658
0.00225828510464003	-0.0243997199402713	0.00121240320528182
0.00396664528553662	-0.00274478700595179	0.00395885534427261
0.0034360761100961	0.00431429359692729	0.00917759680209416
0.000158065491268381	-0.00283807421536048	0.00345377429437112
-0.006106785266771	0.00316774703252368	0.0044239367294371
0.00982974115623998	0.00252826423715906	0.0114403787744826
0.00693735296763569	0.000172627365094661	0.00251787738577571
0.00876924895841652	0.00126244789628534	-0.00646977475550236
-0.000551659121507616	0.0125486971595852	-0.00163531451223047
-0.00333937923014963	-0.00906750230555433	0.0149498785773699
0.000889135775851322	-0.000939835934746284	-0.0113683055981146
-0.00241766647385825	-0.0216681562089162	0.025216903525271
-0.00103383985802694	-0.0124049840523962	0.0203135308147212
-0.0230928704706628	0.0028177394823235	-0.00349295401081688
-0.00157773269526428	-0.021491205652011	-0.0288088380185211
0.00915064619955855	0.00178976310854667	0.0107427596060303
-1.82747355030133e-05	0.005444198922087	0.000972538868370089
