1.49120409966253e-21	-0.000548664871088431	-0.00064864798593552
-0.000621872532122354	0.00016793271445608	0.00112827798950843
-0.00353998159773642	0.000390329500212809	0.00105956889052984
0.00121775307323176	-0.00263751827687936	-0.0023268977347417
0.00120036247528295	-0.00270157205571906	0.00430967059782356
-0.000830455869660863	-0.000869247591420642	0.00151278993767296
-6.29053880106588e-05	0.00126228200347414	-0.0019067865250939
0.000989578732068899	-0.000269355192584095	0.00235765164433859
0.00121880920836408	-0.000625756461928409	0.00201999292986892
-0.000430265127869179	0.00173982578683853	0.000242482237210591
0.00137172466779106	-0.000163646039553484	-0.00171751902280045
-0.000111075057947068	0.00152969987881359	0.000868217182358253
0.00102796515050807	0.000807069433479526	-0.001869496107577
0.00022075073611729	0.000332524182599665	0.00168189983545966
-0.000190440695468727	0.00207962183274169	0.000478652340564372
0.00197117495229999	0.00032999575188853	-0.00135155452161837
0.000216365364785788	0.00180233728682622	-0.00187832994292921
0.00133550505951606	7.80141204285535e-05	0.00239625207765954
-0.000104635651693092	0.00176938309835155	0.00103644964413733
0.000449344469212121	0.000519199365994386	-0.00129444919902149
0.000306591125255197	0.000398950301908903	-0.000708149434638311
-0.00262903458989745	-7.70388314946717e-05	-0.002490271394752
-0.00282176162058003	0.00236574062579556	-0.000922946807433219
0.001336458664361	-0.00279364324444171	0.000712607063134915
0.000142911160034991	-0.00130189627089538	-0.00198011418581335
-2.36268526158609e-21	-0.000753314681810175	0.000349087082767184
-0.000827591911614884	-0.000208926891619331	-0.000852111645809537
-7.51324270488627e-06	-0.000375538975282719	0.0013254156961555
-0.000499575907456457	3.21623503963995e-05	-0.00143032204611503
0.00150047167324557	-0.000337513187602883	0.00148530831700622
-0.000483927863603258	0.00109898153629522	0.00092050565602415
0.00175289211364064	-0.000783740231801447	-0.000269032057545037
0.00126874427521818	-3.37325688254842e-05	-0.00208045901373848
-0.000400409471959169	0.00192832589015709	-0.00157828026416647
0.00186877664361165	-0.000305689287671135	-0.00126220523212866
-0.000189089942458117	-0.00196751281448987	0.00279435194606209
0.000524081128184459	-0.00095367768434383	-0.000104046337402594
0.000581575787387171	-0.00165821078860922	0.00323878211441595
-0.00160884866451773	0.0012295564911383	0.0010596575745499
9.97670990449962e-05	-0.00258114916572886	0.0021485378805092
-0.00251542354650125	0.00100505559275377	0.00264032575347448
0.000747348795752778	-0.000377613445695328	0.000655126434165143
4.81265664375547e-05	-0.000731396874833317	-0.00204682654425136
0.000572834840791609	-0.000704442703929832	0.00122665371621082
-0.000243785074177238	0.000733228699116001	-0.00144009853675998
-0.000551656302219971	-0.00249997636359398	0.00453165269953305
0.000654290247769488	-0.00130060181472877	-0.00419211225751705
0.000184204802340462	-0.0022880901020522	0.00286500162055301
0.000474179440578991	-0.00182370457667803	0.00444048459412476
-0.00183165467215495	0.00043455852227582	-0.000623185229095394
0.000392995935640649	-0.0027209569126495	-0.00400711237626525
-2.25448484560298e-05	-0.000291820146621466	0.000979592196038921
1.90580841664873e-05	-0.00115506415480158	0.0013604188321157
