-5.89185037001151e-21	-0.00601518086904697	-0.0021087440664675
-0.00572399932388528	-0.000872082362161061	0.00814711824352288
-0.00259972891466606	0.000484519514679651	-0.000581961770519377
0.000599573870431657	0.00157109520189603	0.000120257111587129
0.000244746046653582	0.00302940260680347	-0.000305182348573534
0.00445348959416294	0.00102803765788214	-0.00400574411227357
4.93417001791095e-05	0.00562353341598855	0.000752979948460136
0.00462052904438045	0.00120384785686421	0.00399773925494751
0.00404542089494755	0.00175035626386676	0.00468494496436506
0.000320020759250026	0.00526173715739097	-0.00215721111463463
0.00545986775527486	0.000206503342638604	-0.00141310136196638
8.71205135492216e-05	0.00547934808932288	0.000804821326713473
0.00326874871548744	0.00223567524007229	-0.00537891289624326
0.00477543371462067	0.000990743959707756	0.00398239118760106
0.000730947230808523	0.00518234806648834	0.00349859310381226
0.00468943799084435	0.00111897038052963	-0.00427956472427159
0.000388199982865242	0.00541843273205593	-0.00216057870057011
0.00525869472673873	0.000530056303085462	0.00272579405713904
8.98788752000975e-05	0.00555756456780797	0.000703390603325684
0.00523808999282647	0.00045644779645635	-0.0032086569789893
0.00494263831588329	0.000739737707304202	-0.00371193223379482
0.00334985102026197	0.00084056996445139	0.00325113186165255
0.001519861698248	0.000856815145914371	-0.00100019705336899
0.000570525932537347	-0.000366536331878019	0.000254133722029378
-1.50834507683832e-05	-0.00379919274388809	-0.00502834882879201
-5.15620509217856e-21	-0.00704529076646061	0.000701515265959196
-0.00689258552944887	-0.00191451344827606	-0.00737510875196818
0.00016438691534999	0.00560553749326424	-0.00201490401234137
0.00405054260130253	0.00135985377728267	0.00456636972820826
0.00366835037360624	0.001992616762051	0.00516248566480935
0.000228869411009095	0.00573012852014567	-0.00161115816585332
0.00453781161173956	0.00135167389423851	-0.00448773348847885
0.0042324779733854	0.00140212780529513	-0.00439440281421485
0.000185292723108927	0.00565603474471128	6.77514038757662e-05
0.00411699219608872	0.00156781914931948	-0.00476940208716311
-0.000301389404280233	-0.00405020581428666	0.00488757535434011
0.000972543802268672	-0.00793064720012552	0.000548394587791231
0.00334539070108059	0.00118549809969396	-0.00413145274449216
0.00452202286264857	0.000844817934225779	0.00405452642892914
0.000107200378867406	0.00467757728704772	-0.00150665342340261
0.00372676810638319	0.000686761185963133	-0.00297532041336465
0.00413324170254355	0.00169492286475579	0.00504657619246055
0.00400316232449249	0.00151582773879298	0.00504291173096209
0.00442439919167114	0.00108863798936873	-0.00434288865064776
0.000107158397471637	0.00560986128263861	0.000110780839054711
0.00130824122702046	0.00110755380705234	-0.00226555127078627
0.000128528710431762	0.00426206365389461	0.000937470591577283
-0.000228896784325409	-0.00409029755603844	0.00508744455470499
0.000935116612652714	-0.000395173265615529	0.000884791136624794
-0.00509854590871016	0.00116050093695798	-0.00112820791372502
1.04744393056059e-05	-0.00151018649615809	-0.00361749147354942
0.00454816811555734	0.00134308441737377	0.00442429589566872
0.000118762791338618	0.00540830360109803	-0.00132923332741164
