-4.27816800703885e-21	0.0049210374177962	0.00199755755249985
0.00424186240902322	0.000558878936245208	-0.0062603017947699
0.00641879295117685	-0.000234447688898424	-0.000556415514300206
0.000163845563954478	0.00629035992040183	0.0043316177187041
0.000148375070936114	0.00771377895903557	-0.0052812736743223
0.00672295312439288	0.00143832472993107	-0.00601446021113139
8.81301133278557e-05	0.00786861494959267	0.000882442903546406
0.00645507835424191	0.00165908853901911	0.0057833906411156
0.00562400883992411	0.00239429785484208	0.00664322250197831
0.000444945223337309	0.00732483358325319	-0.00311762082636614
0.00762099591069939	0.000286325726704075	-0.0016961576176059
0.000262068310887012	0.00757139885226167	0.000566027632246299
0.00502528959325645	0.00294056397750818	-0.0070835746754345
0.00662134495306941	0.00143231164404146	0.00577183388817048
0.00121818683359102	0.00761164507206747	0.00499870863783039
0.00688946158991525	0.00184044656536894	-0.00606343828741692
0.000742472765396888	0.0076950830520938	-0.00317671530711515
0.00742006909392162	0.00083548836724121	0.00396806194077811
0.000263191571027191	0.00782242495237173	0.00054698541721024
0.00739074728032557	0.000621826311683831	-0.0043019388503856
0.00702590013570617	0.00092496155749278	-0.00514815241432858
0.00637474588500046	0.00138634387086011	0.00635755953306803
0.00708926114050056	-0.00117797728844836	0.000387396075907723
0.000249531701764539	0.00622373545429097	-0.00496860859112964
0.00045785865297695	0.00416634836133216	0.00576178376624429
-6.6604972840938e-21	0.00566737431599667	-0.000824604945830422
0.0049280301196866	0.00135689633325913	0.00525399093564793
0.000304656843431558	0.00807694539577277	-0.00314609069761182
0.00594725363131051	0.00194982588436138	0.00713262742609955
0.00508587659628662	0.00285733886763613	0.0071428413585867
0.000377829547995205	0.00799136893309839	-0.00237771828063088
0.00639066343809231	0.00174506574290368	-0.00593518051605644
0.00600853902655589	0.00182117071504913	-0.00624025183955829
0.000281203243148944	0.00805806853575304	-0.00018160127835547
0.00592337192162392	0.00207800605108421	-0.00668971716695425
0.00085157357570802	0.00580560652686113	-0.00683766850680076
-0.000910724973442231	0.00580307078686091	-0.000750776263024424
0.00507995602597673	0.00241608769814341	-0.00719941770112882
0.00677167513836076	0.00107605214862014	0.00555178799694923
0.000246427853316728	0.00809777385997132	-0.00331517371648151
0.00709047718807595	0.000481910057719558	-0.00511260245308319
0.00575219613504312	0.00240453420948837	0.0071402646499807
0.00566248899105888	0.00249759572280552	0.00769715969620082
0.00626556078265664	0.00154925059124293	-0.00604186909076463
7.26723494826239e-05	0.0079202727307593	-2.40708547758848e-05
0.00306848267900012	0.00507518252232743	-0.00868000824096868
2.33366913464992e-05	0.00722719934819551	0.00321070560413583
0.00058161201536265	0.00578065657124428	-0.00585564081535681
0.000530141392867241	0.00422664370548794	-0.00603017543993122
0.00568922490297577	-0.00097772676704798	0.00144576039348638
0.000688819253106552	0.00477573086367552	0.00563510552208413
0.00633896563254502	0.0018624518809342	0.00641171748965307
0.000134374985526689	0.00806822627401555	-0.00222675909532107
