-5.20606866790567e-20	-0.0185995597215192	-0.00602583914649485
-0.0186572793457608	-0.00370638127905874	0.02546287271793
-0.027604547984346	0.00258122956137082	0.00184870887930061
0.00114875319146376	-0.00988042610682229	-0.0113408777306111
0.00265079697198742	-0.00518910099929391	0.0106478761366793
0.0102064954108378	0.00104570774534673	-0.0085432559627619
7.86245085792074e-05	0.0210293062919026	-0.000241387822938172
0.017894704012804	0.00339504734828556	0.0186111168937421
0.0165768944549764	0.00475679938161248	0.0209018062564905
4.97147388830046e-05	0.0223468646722742	-0.0069190440721083
0.0225447134630212	0.000309114595007196	-0.0093559223736607
7.10792029985576e-05	0.0241363044692935	0.00478576324549059
0.0147116286515224	0.00992837906842679	-0.024219193408403
0.0164735268971018	0.00344882681631647	0.0162317771130249
0.0024970083726	0.020563637017796	0.0150261644405706
0.0186501013977524	0.0050594712223709	-0.0194675854364142
0.00080052166614278	0.0226101892654251	-0.00970378565219268
0.0207171569995405	0.00162198112765897	0.0132495334663565
9.54869757589168e-05	0.0240050237204493	0.00507201552117055
0.0181209018022719	0.0028783479380752	-0.0140529910860243
0.0167782304161891	0.00312634576042003	-0.013714070849889
-0.000650421320162265	0.00062454090981199	9.18518092658024e-05
-0.0126006721522153	0.00626844018697909	-0.00625934965024866
0.0020055685635771	-0.0141959485591731	0.00508626726693787
-0.00167904209660542	-0.0186751689641924	-0.0210351337095487
-2.60605136999519e-20	-0.0220794548372325	0.00127901161461783
-0.0222610372714979	-0.0062752095761836	-0.0239643072446586
0.000403894156502397	0.0161812678172598	-0.0028574780740994
0.0104065749677245	0.00293542679626634	0.00956187817153344
0.0162933402331342	0.00642404317913739	0.0216656767618542
-0.000425218345242873	0.0216448681142091	-0.00277046074100806
0.0182131055515342	0.00284581458889632	-0.0162580270607347
0.0170912147174591	0.00455621235199542	-0.0199659642933292
-0.000674824809840994	0.0229679126379068	-0.00128087916468728
0.017257283053177	0.00475540414749458	-0.0194035798575255
-0.00232385436385159	-0.022037234142032	0.0245532114974473
0.00233746083054622	-0.0257313967766637	0.00155902032414024
0.00859956200676966	-0.000881199167278547	-0.00200621372966686
0.00950315000827835	0.00542021826285151	0.0144436814126799
0.000361152992826833	0.00392416765095683	0.00083457110916656
5.23080463318143e-06	0.00385148089342829	0.000252434614906104
0.0151401491365962	0.00454453633264495	0.0179663155918056
0.0122721874877597	0.00237191017614113	0.00957220804358216
0.0146192999009486	0.0024558498955243	-0.0118076246013883
-0.000523934416210617	0.0199045010887934	-0.00203318681716946
-0.00117728259608108	-0.00572799288248042	0.00952887973449848
0.00103161787531491	0.00549936290977524	-0.00903771957377848
-0.00237261695229628	-0.0217844252097813	0.0255053889635337
-0.000318767201476505	-0.0109754000127985	0.0188628435987949
-0.0234215616916732	0.00293294285953727	-0.00343213959690977
-0.00185330816614449	-0.020116359128562	-0.0281199807767526
0.014922851473264	0.00344021936343373	0.0168206997198771
0.000132273632521653	0.0129031642684406	-0.00113647216497323
