-2.72809055742755e-20	0.0193509232996787	0.00672304165874827
0.0134116141589742	0.00292171730556172	-0.0234112813299937
0.0178682990030265	0.00204738118015099	-0.00243599472530268
-0.00156614037088997	0.0153285024078496	0.010506570480698
-0.000633022205478802	0.0213020531805556	-0.0186339238225122
0.0206158823842739	0.00536154439804002	-0.0198906599746585
0.000257312033765973	0.0254068363890301	0.00693354747814751
0.0214844919412414	0.00518930259238103	0.0181646138580757
0.018964221492625	0.00846370888069473	0.0227882707729424
0.00139037588968072	0.0255441380057722	-0.0102454969887526
0.0271808223787606	0.000987562369025028	-0.00783240817934728
0.000401351150184177	0.02933447020041	0.00431403003712671
0.0176012945485737	0.0116182020987381	-0.0284461638828182
0.0227866676040392	0.00365742140306552	0.0170984367584748
0.00448898523936215	0.0213870544482967	0.019170296737509
0.0191164666587805	0.00685378333871504	-0.0226162900028553
0.000658133557792995	0.0259447399951907	-0.00644382211135395
0.0243995785298038	0.00166406974808979	0.010108159872706
0.000457180933606616	0.0280785390668617	0.00385647042206476
0.0240207032072013	0.00226264469276919	-0.0155234170187907
0.0229432144870525	0.00311153919323434	-0.0169920223649576
0.0182893653020151	0.00340174923515248	0.0169039362799691
0.016470054984293	-0.00588907204860468	0.000811496812280033
-0.0011797870147588	0.0202836575349239	-0.0129207320229262
0.000661879079120103	0.0140615011458353	0.0194819795018718
-4.09535610748365e-20	0.0219777201528763	-0.00264837336074783
0.0163954812464953	0.00447135701491	0.017412759233727
0.000565066417586425	0.0262311509889497	-0.00934524366379103
0.018794246668642	0.00570788070954883	0.0214809520137914
0.0179550989622325	0.00991840873839376	0.025803375968754
0.000994371705322581	0.0268138106216742	-0.00695864110691481
0.0195522500651845	0.00699772168005444	-0.0221475760325698
0.0192925291025065	0.00654215544939848	-0.0208944121016309
0.00055688132472969	0.0255591834245476	0.00372387125238502
0.0173845160100904	0.00775656162533068	-0.0228164192504292
0.00331251064570414	0.0180029396290826	-0.0200089911661248
-0.00314782138225731	0.0197148179262718	-0.0049106821753446
0.0128676002992712	0.00830413052373883	-0.023154036405185
0.0222337418889572	0.0023921314503534	0.0168152014637085
0.000532524476616016	0.0244832930870728	-0.0109302200349941
0.019308044843525	0.000983278571921184	-0.0157109271317126
0.0190026206423779	0.00755205309880866	0.023089868556185
0.0185475737908785	0.00742734442548574	0.0239857194960215
0.0195424905525918	0.00612949706269385	-0.0222208905807531
0.000481632083891746	0.0258817950261783	0.00284415226335582
0.00770331941764654	0.0152591002549441	-0.025659471060665
-0.000382090585857935	0.0195316534155503	0.012142717041245
0.00278466326565333	0.0186930647184373	-0.020162818059747
0.00123879947260494	0.0153211426922877	-0.0222941542921433
0.0194575683162895	-0.00348049613954159	0.00457190855803852
0.00179185906517842	0.0143210065822763	0.0143954020698456
0.0217556021126558	0.00581949551985405	0.0204967432430274
0.000198276014369012	0.0254467158136773	-0.00721996402560173
