-2.09993168111208e-21	-0.0080489474163798	-0.00288746628512589
-0.00777088868189312	-0.00117787773729209	0.0110405375864421
-0.00213340939536509	0.000775352873582484	-0.00121078805531738
0.0016030603503681	0.00627084415182834	0.00258847296037788
0.000924785588464354	0.00982336815218183	-0.00225023519475557
0.0118998614067605	0.00230887262728927	-0.0100731640969379
0.000114973302605016	0.0146647578908627	0.000695239457461856
0.011900644052219	0.00308099209624406	0.0110771452185398
0.0104784925962327	0.00413329081617372	0.0121812791781573
0.000767858888496424	0.013393989877033	-0.00560769035404234
0.0135953022821888	0.000413856134513872	-0.00325730170074692
0.000257865312340276	0.0130198179832786	0.00158578014508907
0.0081781451282485	0.00516833281217197	-0.0126716636576372
0.0120147586728244	0.00282740698290802	0.011082168168355
0.00146001978348384	0.0143858211242363	0.00816345273175844
0.0131671850973271	0.00235271514076064	-0.0103839977737737
0.00136025072258724	0.0138473234248117	-0.00727197833169463
0.013574379871709	0.00157450196753914	0.00832343089792144
0.00025163183275918	0.0137463086945903	0.00151819500463706
0.013520129811387	0.00110791135159974	-0.00784943830760618
0.0129199498302818	0.00182493703085222	-0.0093327534034075
0.00939081561777284	0.00252452620800051	0.00933781092453219
0.00665895147857276	0.00168699603492978	-0.0021679144630293
0.00161486694059882	0.00213211010649032	-0.0023298572348367
0.000245580326113998	-0.00496617677282708	-0.0064358528513136
-9.56849553718997e-21	-0.00949280961078947	0.000964801181772716
-0.00937640581754461	-0.00261434033568507	-0.0100486178927163
0.000555617722448998	0.0147517197019468	-0.0054609276426548
0.0106922029299001	0.00369975317030959	0.0121207408187655
0.00933575617809926	0.00475099118872301	0.0128090068546681
0.00050811439636184	0.0145284315294528	-0.00417474415626187
0.0122028345928495	0.00267515575019125	-0.0105375776445981
0.0113182707538579	0.00332493513532442	-0.0114894045051095
0.000375870261545867	0.0149854077579238	-0.00147350871755288
0.0114538996126668	0.00357007770493169	-0.0121503897262293
-0.000194544216564316	-0.00481528594677074	0.00602649017850994
0.00135946538585855	-0.010760761214246	0.000685544822317672
0.00975964772785425	0.00305081629446703	-0.0109152997168398
0.0115467116062889	0.00263482888662238	0.0110290258243935
0.000410791512349999	0.0132008715583541	-0.0042911169192529
0.0106950246450562	0.00200204920903693	-0.00810940958403235
0.0106254688492609	0.00428108170942985	0.0130674738808374
0.0105210498694322	0.00407856875314868	0.013225790851073
0.0118984559247034	0.00246605077281838	-0.0106082637377333
0.000187318408063628	0.0146218475262713	-0.000747868332697613
0.0041805467318115	0.00426088561921291	-0.00790632695105812
0.000421407636863347	0.0122357036010484	0.0021726061461863
-0.000155367282662272	-0.00468562282323479	0.00660231134883918
0.00226996528841465	0.00153313926412136	-0.000771094767923031
-0.00662137464937756	0.00160303500244976	-0.0013601229924877
0.000201346306267288	-0.000533707328004345	-0.00465671584970249
0.0114927295991644	0.00345496054781184	0.01182744244711
0.000393687913943316	0.0142555391677044	-0.00354600594875879
