-1.20756310060864e-20	0.0108623583766648	0.00413613014997985
0.00845205143896743	0.00128951269392496	-0.0135549624504508
0.00998137258310283	-5.47448945220468e-05	-0.000976032871272532
-0.00096921609656594	0.00532732244730931	0.00525600627110955
-0.000662611045899206	0.00639778577565132	-0.007339110936278
0.00163468917872149	0.000415295193557486	-0.00169593341379769
-4.4672467176558e-05	0.000276329458698581	0.000496078985559098
0.00014955912731397	-4.29730783514643e-05	0.00019276483240592
7.70636042658841e-05	3.29429104810665e-05	0.000190015161689869
-1.67665849140985e-05	0.000105959836673144	-0.000149552509204632
8.30538648284564e-05	6.78473847463548e-06	4.2439231124743e-05
-1.87189245245051e-05	5.79018698774379e-06	7.63622184766511e-05
-8.5605560482992e-06	3.53099848140278e-05	-2.65050310376337e-05
0.000404600037078371	-4.92540403724194e-05	0.000314471373805305
-3.47792452819878e-05	0.000103111240020742	-9.66880803342772e-05
0.00011065475597677	1.25427320175139e-05	7.11872060866656e-05
4.69149959191451e-05	2.54854376413301e-05	-9.34635271608721e-05
9.07909513176522e-05	-6.83376665144152e-05	9.0909718364691e-05
-1.49074971428674e-05	1.66922763103827e-05	3.95293105897072e-05
0.000425568316696439	-0.000100288635350463	-8.36180388961095e-05
0.000589500691197736	-0.000162645712714317	-0.000328160282800594
0.00343736308743713	0.000360927479269984	0.00342828291217966
0.00625449321006231	-0.00330482675410966	0.0014313344478244
-0.000937626784904631	0.00936044013431772	-0.00601380792968217
0.000320818585630759	0.00767362815984052	0.0112756927244862
2.59672945361076e-20	0.0124891637108083	-0.00173963420007959
0.0100555330098875	0.00273393400215315	0.0106653772513384
-1.56649216343135e-05	0.00135112751045763	-0.000897703077369788
0.00113731390252291	0.000346972869210525	0.0020733144766211
3.93773751217094e-05	-1.15426802392512e-05	0.000126165638677384
2.89491054083909e-05	0.000299011720747977	-0.000185933408605671
6.5931208211188e-05	0.000133643788446118	-0.000204742771223748
0.000104317300491824	-2.22235675424239e-05	-0.000140415071729884
3.66210274072321e-05	9.86990471938433e-05	1.98210343195393e-06
4.74126215293596e-05	2.26902596220442e-05	-0.000245982542387346
0.00155734951967902	0.0101261960877377	-0.0121104342261306
-0.00209123127846255	0.0120621497849782	-0.00195785259686178
0.000998863295382136	0.00182823999926363	-0.00423270846163759
0.001810161180083	-0.000503602430943957	0.000254342301614717
7.39644249996611e-05	0.00422026928261797	-0.00260552412419186
0.00361289480668367	-0.000597806480299622	-0.00294874165313082
0.000307884731730492	9.33730886687226e-05	0.000454160172583298
0.000736884909440963	0.000870030634155033	0.00213633601044656
0.000639837451397678	0.000294929580696401	-0.00111327101826551
1.19927262452937e-05	0.000558593219143383	0.000439517485775662
0.00189877323647622	0.00506446657743784	-0.00854960714275614
-0.000405235766015522	0.00271390817480404	0.00379699419018501
0.0010764538063324	0.010903110019923	-0.0120705952289429
0.000143100024711895	0.007288783657623	-0.0110392232239486
0.0108754095223656	-0.00227129467561915	0.00296718749116473
0.000328607244188915	0.00769546090375004	0.00916648542637925
0.000632982396948595	5.76428775673829e-05	0.000580296860230296
-0.000181090557608075	0.00183295018046141	-0.00094698219536991
