9.42329821154924e-21	0.0133634571507576	0.00497857356341201
0.00981084459680604	0.0017296931613641	-0.0164116727301599
0.013764837212985	0.000467524733432829	-0.00168271536142273
-0.00142598972512038	0.00847564160314627	0.00747141034659658
-0.00108018054564068	0.0112937677334848	-0.011864399246112
0.00361920586020326	0.00123067483105717	-0.00350896376289618
4.90020739127847e-05	0.000911045792884445	0.00194330222159457
0.000667850633116529	0.000557091416466055	-0.00043072033627314
0.000261216607394249	0.00100446110129783	-0.000107723860626147
0.000474155958247363	0.000146617031441388	-0.000974272283880835
0.000513402373579888	0.000184334339326437	0.00107942425595243
9.94499860506089e-05	0.000243556241910685	-0.000471774126651261
0.000115351560102841	-3.48442259430453e-05	3.03845650669294e-05
0.00150252775377456	0.00014178093671534	0.000242810955978095
0.000302878072399306	0.000167415730404222	0.000345545663341527
0.000126419679531246	4.19789567219706e-05	6.93839564748666e-05
0.000120605447344035	0.000194696099749566	0.000557726679392228
0.000551734866302446	9.3840125806991e-05	-0.000809317439047927
0.000109632966642984	0.000182485200534803	-0.000695804718185172
0.00158419161701897	-0.000388765040534237	0.000141378278231782
0.00166336259389486	-9.80181410289101e-05	-0.000599602035197244
0.00624681110059508	0.000910612926718317	0.00611346991638768
0.00960195574283971	-0.00496195428372875	0.00168341953482538
-0.00119437133307774	0.0143946352123497	-0.00883240985099845
0.000542251176805235	0.00999334160783105	0.0144759695922562
3.42082470139585e-21	0.0153128349549962	-0.00208325511666875
0.011774424163291	0.0031771650909724	0.0124503089586725
0.000114994384676903	0.00344999230493364	-0.00243418046306974
0.00270955696269469	0.000977959634423612	0.00417061066005566
-0.000133193930533281	0.000805301107121886	0.000355691212390895
0.000508631690051024	0.00110381324592637	-0.00145803777126831
0.000126252977198018	0.00108998666170615	-0.00111848813779744
0.000380818042909913	0.000421619257146598	0.000386025624199721
0.00044592936708753	0.000283057667048432	0.00100448737358283
-0.000102358182626689	0.000700474271564933	-0.000479097505318856
0.00219777703603562	0.0136647143577794	-0.0156205403805516
-0.00250561434960293	0.0142655969368456	-0.00275550706563812
0.00220857902953048	0.00372409330500196	-0.00882406110775593
0.00403889902542987	-0.000958624181698117	0.000929032841189458
0.000182803616341836	0.00848942992535282	-0.00510945669023555
0.00656665987650964	-0.000755507136042004	-0.00557128072680802
0.000925446319379671	0.000856022723000879	0.00131517980918035
0.00181468577313977	0.00185943431238097	0.00464979155996859
0.00170328336607135	0.00107334941015623	-0.00314302423222312
0.000381263647863357	0.00152139361989733	0.00126811837848316
0.00360480940078171	0.0084523650115349	-0.0145516293580244
-0.000607226273854316	0.00528400899482808	0.00641366659356189
0.00187674154787832	0.0144172530585281	-0.0159519564904278
0.000750918010240007	0.0112628266989822	-0.0168452295186378
0.0141138021579506	-0.00269829821262702	0.00370828211313997
0.000642651129921306	0.0107604405347211	0.0118929720197423
0.00181481036967256	0.000747582418407097	0.000998930159530829
-0.000133347695704797	0.00408412650045587	-0.00195603183171255
