5.22127528927005e-20	0.0193497147495038	0.0066858606760754
0.0134997162720727	0.00289156705386425	-0.0234165505817561
0.016743744945009	0.00179288744344437	-0.00197668973806218
-0.00161660963675415	0.0113796960265253	0.00880647027402131
-0.000980914063027632	0.0152906825010428	-0.0149179504572781
0.00850816258210456	0.00254301595990351	-0.00827958750657703
0.000163293891359372	0.00770934231104809	0.00374669022527307
0.00655124429711545	0.00199832462495901	0.00444477340079353
0.00537869652642308	0.00337101930064638	0.00612582744574675
0.000872345165141416	0.00707887585082103	-0.00379146176828164
0.0080226986030641	0.0004106184030924	-0.000909571163491961
0.000164338762184301	0.00844209112040842	0.000311319667742454
0.00527848011721489	0.00302787432330016	-0.0079119236146473
0.00755717556759609	0.00112879371673226	0.00468574160207744
0.00169330473839498	0.00604953527073567	0.00598660140675369
0.00530077608624503	0.00221038259550738	-0.0065716437946207
0.000245829293814993	0.00753143122772074	-0.000827723829153024
0.00730581617288596	0.000562146005578164	0.00177586149204919
0.00018990652867131	0.00811825400931521	-3.99022753252434e-05
0.00806132823244264	0.000291447992513607	-0.00412725399014181
0.00766289979152431	0.000821564859908198	-0.00512139985983401
0.0101526700730469	0.00159236472037296	0.00936780952760049
0.0125092479960029	-0.00561245196047683	0.00137049663486379
-0.00137930969716746	0.0181492063885074	-0.0112109781260386
0.000610749599311372	0.0137314411836993	0.0191449121060556
-2.16012510821751e-21	0.0219551391966974	-0.00262593424995747
0.0165005839113457	0.0045030493892242	0.0175291969017767
0.000296843978558961	0.0100280591341716	-0.00478013983413335
0.00729652617872697	0.00238940313313953	0.00910755414514958
0.00469257220415596	0.00367594408905974	0.00755085313567825
0.000791710282167611	0.00850500264277534	-0.00355989846934237
0.00538041184563607	0.00314194525958013	-0.00733466512995506
0.00558471556088474	0.0022461112079675	-0.00529236188528754
0.00058712570616892	0.00731642774303148	0.00224948945067307
0.00458730689592225	0.0029055023846782	-0.00675356608577429
0.0031984335545743	0.0173895535302185	-0.0196445091351975
-0.00313731970357831	0.0198246272037423	-0.00482573473607909
0.00550993519096297	0.00538970743229158	-0.0136689543466022
0.00939095007683583	-0.00010948824741907	0.00536039083597188
0.00030347871261132	0.0138950661656837	-0.00743719761114391
0.0105883080641825	-0.000287815941755341	-0.00892898059113079
0.00595777550099184	0.00298800073028408	0.00757492934838649
0.00648874298143294	0.00358834800129184	0.010330102432536
0.00676276353960491	0.0027831292918354	-0.00896716742261032
0.000498283004926297	0.00826514121770645	0.00194892083251812
0.00530006641508638	0.0111990794849166	-0.0191396045084272
-0.000600081792096702	0.00975158705997335	0.00861651681910987
0.00259842754882353	0.0183152901735207	-0.0197793070601395
0.000956440909312619	0.0140795577893915	-0.0207772962434357
0.0190636179229595	-0.00350426988369812	0.00453923931003535
0.00161593299274776	0.0133266778762782	0.0136661341781002
0.00743318364098589	0.0023433373666367	0.00638408983175734
-4.1544128088193e-06	0.0102495118805209	-0.00350143809852346
