2.89621739171582e-20	0.0138142204558428	0.00527868817755227
0.0100536800852756	0.00179919983029481	-0.0168087106309668
0.0140018904988254	6.6221302038711e-05	-0.00165285172442626
-0.000524343163803605	0.0113542556804153	0.00828132887861617
-0.000451451181582644	0.0151757556710077	-0.0122753546741949
0.0125691200051959	0.00298035378270887	-0.0117087202484669
0.00014148167721714	0.0147725855330755	0.00273900499234133
0.0123192242656425	0.00293495029647443	0.0109312463731272
0.0108653351685508	0.00450606596055232	0.012870784909463
0.000712444553150323	0.0143806502050591	-0.0056183745898445
0.0150184372521727	0.000579027713271707	-0.00423853572918814
0.000321012819442812	0.0155640627301389	0.00232548873011185
0.0094786375726461	0.0063600946471668	-0.0150679742786886
0.0127960661831211	0.00236452031570357	0.0105558668792743
0.00214633010134886	0.0133183689975218	0.00996970469189722
0.0120141503743662	0.00341348926087524	-0.0121611115040163
0.000781454857823843	0.0146185144601198	-0.0052311184748718
0.0139928347286068	0.00118885769337255	0.00711438897301822
0.000349193996802395	0.0153941675634571	0.00211992078545953
0.0138568400888455	0.00130241926924524	-0.00873321059325381
0.0131725073955543	0.00189255405605811	-0.00999512593396042
0.0124313690834258	0.00256851970794067	0.0124516199673076
0.0134700977659745	-0.00456283446954506	0.00155490891254629
-0.000465635065122794	0.0143219040259535	-0.00934196569825032
0.000616537662773873	0.00969346316652875	0.0140617901028945
-1.13423811966888e-20	0.01572107262328	-0.00212879451070449
0.0120778157329639	0.00334511919969243	0.0129083605801474
0.000419603870288263	0.0148567844014359	-0.00542851411450128
0.0113732116058546	0.00347501088080742	0.0132289295980114
0.0101475487000093	0.00534684756785576	0.0141731960887759
0.000590024071592082	0.0153034982607129	-0.00397160953542538
0.0117359799670488	0.0035539187578043	-0.0120186855591175
0.0112626836197167	0.00359386432532332	-0.0120838312811935
0.000334522989409622	0.0149892299772367	0.000729630540007835
0.0107449418641925	0.00411224408965986	-0.0129940005576871
0.00213628838259598	0.0135494083069301	-0.0167161908310928
-0.00248075636600243	0.0144149333811698	-0.00338222448544751
0.00897159578611591	0.00515064559518069	-0.0149736896760468
0.013027730064843	0.00180954225098732	0.0102940182751237
0.000489471367873285	0.0161265288742607	-0.0065310363897562
0.0137468764843329	0.000398957957554789	-0.0102871416917792
0.011074036847733	0.00428097389777177	0.0133461237548902
0.0103848490318618	0.00488893329089921	0.014815142587963
0.0118275980640245	0.00317633310690167	-0.0122156167687856
0.000255729959261996	0.0149705858222839	0.000804199331026581
0.00503419200871476	0.0109050805599522	-0.0185552068641504
-5.6965006357064e-05	0.0133569273776555	0.00715673820046477
0.00162928715520163	0.0140316262845784	-0.0149650170375795
0.000884760646621779	0.0111486935347009	-0.0165653003319992
0.0138913575577451	-0.00275008831213997	0.00345514295954045
0.00138630808624781	0.0100381908499105	0.0110695359758607
0.0123137711115345	0.00330784711520932	0.011962242767091
0.000113076985715982	0.0153843031603346	-0.00425705819453692
