3.7007545021912e-21	0.00757663193428854	0.00279325265707429
0.00639307327314065	0.000952673712712047	-0.00974585270975063
0.0063971624268132	-0.000341339827758175	-0.000321412904688844
-0.000257335066759064	0.00317514289035031	0.00340583071991508
-0.000137157138708007	0.00330399811227316	-0.00355226385644214
0.00108664970622616	0.00024738235741846	-0.00100803946094128
4.56342476049467e-05	0.00100460175460206	0.000158100333818092
0.000869179454808174	0.00019809346319951	0.000793837076885258
0.000733678094237861	0.000315742912740859	0.000915937307698303
6.74345753651708e-05	0.000968464004344596	-0.000429465755011088
0.00104372438390584	5.84261878993132e-05	-0.000214876576248627
5.19698029647968e-05	0.00113162617189326	1.21598659411693e-05
0.000818576724229424	0.000409731346469315	-0.00103422762344487
0.000875274453040246	0.000173563473151579	0.000719259806167185
0.000273103548746931	0.00103910675012283	0.000701228415480313
0.000935755443406043	0.00040494518151392	-0.000835692141096529
0.000167439436094623	0.0011038794418317	-0.000308119317000802
0.00101340530737603	0.000121976386257681	0.000480494085470562
5.02846268088404e-05	0.00112101855551131	2.66731080883487e-06
0.000964862332423084	9.93505034646386e-05	-0.000497509109532764
0.000927194173097381	8.81137770423779e-05	-0.000615497495477895
0.00182993612596906	0.000298893045071966	0.00184275223400903
0.00389259419942833	-0.00152966902507089	0.000950212818399452
-0.000246423624615634	0.0052907484201055	-0.0038578657191235
0.00022150561494854	0.00537668157335067	0.00757511094136422
7.64616807206569e-21	0.00881253465163462	-0.00112417981086364
0.00758850786066328	0.00211205137180734	0.00812652324361034
8.54016058880009e-05	0.00112517266104748	-0.000590427413447544
0.000880848338349972	0.000269330961670005	0.00128374730877161
0.000664579193341271	0.000424376071233488	0.000994242582689731
7.19048791729622e-05	0.00103246679315122	-0.000359993186953197
0.000798987077789838	0.000289930861063954	-0.000755050032858438
0.000794778069368363	0.000229094724508239	-0.00083157589755043
9.19364515264614e-05	0.00108750576921268	-5.78720549563278e-06
0.000780668879438505	0.000292108601849003	-0.000892241390463318
0.000885548741303692	0.00674074514595881	-0.00802581168925232
-0.00138285211429793	0.00896819466082116	-0.00110571860100948
0.000822166037115754	0.000774207327211931	-0.00179601251220546
0.00111455947201569	4.47834309877727e-05	0.000587941943269942
8.80241754194477e-05	0.00207648056220338	-0.00116912233801101
0.00200356330162614	-0.000187801326479821	-0.00139315811298891
0.000707475556341504	0.000336099423026271	0.000944642642589205
0.000740349883123246	0.000508963754835588	0.00131728660325057
0.000784244427658875	0.000266171198848986	-0.000832383944713981
1.35878357599468e-05	0.00101335342949642	8.12179849635974e-06
0.0010007377758796	0.00263270669018727	-0.0041851714287193
-0.000114890894633399	0.0016454531002955	0.00162270158549807
0.000590441495657841	0.00723221564695851	-0.00796004869445321
0.000104652677820671	0.00417494278735302	-0.00590897289770857
0.00738353118651654	-0.00156528700868368	0.00185050898468147
0.000185497469888223	0.00490579586855998	0.00611830863674048
0.000819933765948713	0.000242490984138127	0.000861371854591698
1.89802977362908e-05	0.00127119126231552	-0.000486361009066982
