-1.30559555464418e-20	0.00518287732958582	0.00240479447344994
0.0042912748609126	0.000405611784573802	-0.00678361808546207
0.00772543741362467	-0.000263193847272844	-0.00121646039934428
-0.00106779827161604	0.00509536805981461	0.00474813913243708
-0.000898188577246243	0.00665928597353308	-0.0074481015034623
0.00254250991859813	0.000915671694071298	-0.00267756950272754
2.22808394407863e-05	0.000676563315069781	0.00160857473927195
0.000481204102063804	0.000391276720359868	-0.000388762604824958
0.000149787292360353	0.00077710272918635	-5.83881724883231e-05
0.000322564136646752	9.95298080713547e-05	-0.000767762061910563
0.000389238832588092	0.000132755359060932	0.000866510086917555
5.57511847600579e-05	0.0001330529938373	-0.000336709028069987
5.79466625987653e-05	-4.32485055981165e-05	2.21489403963321e-05
0.00115849585556662	3.22396453712683e-05	0.000111088042829372
0.000214112456904793	-1.75088612221582e-05	0.000249162695069155
-3.84718734403576e-05	4.37634787430829e-05	7.0989152946507e-05
5.09121473202894e-05	0.000155011058508987	0.000603746246674289
0.000389642827644803	1.56284192215576e-05	-0.000713124587399266
6.87097336008579e-05	0.000159474151857398	-0.000600377095571222
0.00122668348323982	-0.000325242852719046	0.000103224616536746
0.00124729356101253	-0.000119357072161347	-0.000502769347601728
0.00422548216650567	0.000426057176276997	0.00416691837189591
0.00582334155881175	-0.00321676353366125	0.00120629890223998
-0.0010536602609458	0.00753675746910298	-0.00459049330498856
0.000186562774973356	0.00469202868362172	0.00688032536316917
-7.13577808141408e-21	0.00604864469932761	-0.00111112276707678
0.0051016876244776	0.00139597118476642	0.0054251993938989
6.73463872606807e-05	0.00257008052133282	-0.00196001458883954
0.00186302295519391	0.000581632474073999	0.00310206171225449
-0.000138247755099066	0.000602819321469169	0.00031978327512225
0.000397655802060533	0.00091436718067033	-0.00127386820038391
5.63930337728466e-05	0.000953804959589725	-0.00104112918111543
0.000226088271448372	0.000288526144126609	0.000289461590513913
0.000342043982924834	0.000153738840680818	0.000911938735659785
-0.000168255907795373	0.000526766025793745	-0.000377646798174187
0.000896380352961566	0.00651490911210329	-0.00798875447151972
-0.00131507755790431	0.00606910992456763	-0.000658275114543725
0.00132763616335238	0.00255276120679114	-0.0059819032274565
0.00299467368376276	-0.000759654453877869	0.000591430186320624
8.28649809133565e-05	0.00561422516448057	-0.00362741405644027
0.00439295810772817	-0.000700804621930876	-0.00390314087693192
0.000685925059400136	0.000641207083091351	0.00106951757598988
0.00131064755906913	0.0013209204729768	0.00345679658169986
0.0012201072774015	0.000882796441923111	-0.00255210256037336
0.000233871441605348	0.00112344679731237	0.00110216681658177
0.00189964502017281	0.00509325014384449	-0.00889136190224997
-0.000562513753322167	0.00342299314579757	0.00467137719869408
0.000589493654906331	0.00698935210424139	-0.00789963871931132
0.000102983902091643	0.00572421622118368	-0.00926622459435765
0.00660538512953083	-0.00133246702250334	0.00184660261184501
1.61932090624534e-05	0.00598008812102873	0.00723877899976669
0.00138671118470298	0.000522694905852693	0.00075458417947948
-0.000127326608776245	0.00292570680210746	-0.00153716207660544
