7.84517461531553e-22	-0.00435664188149477	-0.00218069328857715
-0.00431253396583469	-0.000375590479371996	0.00637855820243057
-0.00713223852271958	0.000743765441540703	0.000749996309396398
0.00139966528065501	-0.00218705766771009	-0.00313908287544244
0.00122310025668103	-0.000768571251805406	0.00463363835196788
0.003800583001022	0.000236055862265042	-0.00281206241749158
-4.19373903649792e-06	0.00774103217914902	-0.000758488166044716
0.00651602004848479	0.00123727090458917	0.00696342961040131
0.0060601194941182	0.00158853487417215	0.00754566247483967
-4.42532818476706e-05	0.00808041618175	-0.00238216180306421
0.00808970337928362	6.10630791623948e-05	-0.00346884547128125
-6.09235049062171e-07	0.00851450511352123	0.0016589179401448
0.00528760979898267	0.00352790488335232	-0.00861430234463769
0.0058032754001767	0.00140280167002775	0.0061669054702512
0.000860994892195728	0.00795733416176452	0.00530611789092889
0.00722562200627859	0.00186740882515142	-0.00708032818417485
0.000440907412183016	0.00839197668674336	-0.00399568846930324
0.00763671013818825	0.000692220686045248	0.00529925121398786
1.85343665542668e-05	0.00865465358783012	0.00183821529771641
0.00654143545528588	0.00111804349836911	-0.00521075176314513
0.0059950802652606	0.00125552860385128	-0.00501104598616471
4.54616802746804e-05	0.000643050180640966	0.00026231793477521
-0.00269739224470174	0.00302657967346362	-0.0021695609092006
0.00143296532927312	-0.00408548349533649	0.00176669816145417
-7.16918024788312e-05	-0.00447013212889097	-0.00609014667279776
-5.67571167063277e-21	-0.00528076169189741	0.00093577822677418
-0.00523534942341895	-0.00144079231878069	-0.00558048284272029
0.000158289328133678	0.00592163121048138	-0.000730060985726995
0.00377222303444383	0.0013953784499807	0.00328532745389013
0.0059192370357329	0.002246234803273	0.00776203709550338
-0.000210446330062565	0.00790761940788026	-0.000854010681708725
0.00690299412306387	0.000826554951720515	-0.00572372956864166
0.00629107680350894	0.00165228572477722	-0.00736743728947886
-0.000287819362318974	0.00860821895068889	-0.000996851408793216
0.0065977693801697	0.00162877227383558	-0.00703951281773204
-0.000586588331568702	-0.00552592489731058	0.00695210300297744
0.00120789721630332	-0.00600094156562079	0.000253586403640356
0.00379011203701121	-0.000609536554256445	-0.000460190324317978
0.0032439350390062	0.00226229091387082	0.00558968762034318
0.000135148099669494	0.00175202822526603	0.000991560215519225
0.000519518832329181	0.00180712936248832	-0.000195640243920398
0.00553798462006466	0.00160272489022343	0.00647673842796266
0.00461634155470681	0.000749597798667921	0.00326830491759003
0.0055229829726359	0.000668522345110236	-0.00390843597069393
-0.000186404817516574	0.00717742034486535	-0.00119558435718165
0.000261042230144088	-0.00203408056351771	0.00335712432787304
0.00063970690702866	0.00253386676302773	-0.00381838351468289
-0.000171615555409908	-0.00580363250769843	0.00687689210926856
0.000949248520500048	-0.00288327744754584	0.0059481488500038
-0.00603102916170409	0.00116230898347963	-0.00146211596642411
-6.54860969385798e-05	-0.0050212007173285	-0.00797961115824217
0.00521157196745832	0.00125392961407419	0.00606738733834423
0.000146615431129123	0.00460452311018074	-0.000130221985197449
