6.46114930212266e-21	-0.0156452921294245	-0.00526366316358222
-0.0157518912134527	-0.00286994239488546	0.0218645604234162
-0.0140158013736798	0.00180452922721204	-0.000247292761618671
0.00201773930486884	0.00168360136189832	-0.00318805931076062
0.00208378513201684	0.00653413679672725	0.00257393664217313
0.0151344330859018	0.00237852440622636	-0.0127040337723196
4.62439998912895e-05	0.0224814832442247	0.000271300670082213
0.0185577589284877	0.00407560188950419	0.0184957606000812
0.0168696867112285	0.00545888993843664	0.0204005420498008
0.000510877519837501	0.0221600851746895	-0.00773942166804917
0.0222707458597323	0.000419922836130836	-0.00773845185080959
0.000122774856105039	0.0225865612790384	0.00414985821303604
0.0137245911036641	0.00923792722258601	-0.0226027438045988
0.017947943649419	0.00399861884290473	0.0174216086670041
0.00213023166919439	0.0220932102770644	0.0141630231957951
0.0201725525732796	0.00411209556659505	-0.0182858233979743
0.00132376969261096	0.0223808918534772	-0.011210295205238
0.0212625800889073	0.00200364591588191	0.013808188708162
0.000131451394007535	0.0230943149215013	0.00428374864134219
0.0199152541004986	0.00239439659693342	-0.0136484206174032
0.0189028096615046	0.0030392044535247	-0.0145593456153241
0.00768154877896922	0.00260496030205733	0.00799778718492409
0.000684471381173115	0.00436728683125408	-0.004097462390152
0.00260263553720679	-0.00391870382704596	-0.000394480696348364
-0.000701606381030566	-0.0129761869674913	-0.015236260315686
-1.94156870904086e-20	-0.018603629472431	0.0013452874555432
-0.0190969913304644	-0.0053496527088421	-0.0205054169575243
0.000565016564708586	0.020177219499426	-0.0055910771359091
0.0140439805641193	0.00472255384421536	0.0148634896672554
0.0159159161830909	0.00672465709573313	0.0212252161305279
3.33613906674484e-05	0.022574965174374	-0.00435997736437392
0.0191342469343011	0.00331709962510075	-0.0166964166870845
0.0177523233528425	0.00492265422291692	-0.0194798051979203
-0.000230299505067995	0.0236130866512698	-0.00212537837314359
0.0180751074379248	0.00505465409181003	-0.0195847209529024
-0.00120596979127455	-0.0136679150848534	0.0163542493572963
0.00220654275944341	-0.0218065483416943	0.0011618779063875
0.0119648473955901	0.00213339957342755	-0.00993120840175776
0.0144330135617079	0.00468446559337913	0.0159529965889746
0.000483519905679666	0.0125521280864818	-0.00281793358077717
0.00922881512450734	0.00341955931487215	-0.00646218168039108
0.0162887473814531	0.00552831605968804	0.019476859663646
0.014948697814451	0.00450642736899866	0.0158206549360162
0.0169195027344699	0.00309998819787509	-0.0144500316711387
-0.000159697728122208	0.0219286538187468	-0.00178087892466838
0.00377555768081711	0.00217255352360425	-0.00421347794000893
0.000990427307886363	0.0125750634992659	-0.00198852611863046
-0.00102465268520175	-0.0139703854320443	0.0167323093817728
0.00192297744008736	-0.00389153020963175	0.00822338912367293
-0.0164600528464091	0.00261251580627974	-0.00272497302184803
-0.000605162599185418	-0.00928343867533546	-0.0161645282044482
0.0168150177908967	0.00440198791300063	0.018091049877784
0.00037310164968164	0.0183168884110503	-0.0035599541951429
