-1.00065621549946e-20	0.00717585442704953	0.00275738159679669
0.00602083218099892	0.000842906723555141	-0.00908283095167368
0.00716732654943883	-0.000254399486184809	-0.000530495092413067
-7.92764192426615e-06	0.00589921847681319	0.00437155398258039
0.0001025776937811	0.00699113791733647	-0.00527333311999965
0.00584126421002088	0.00126704769829125	-0.00524160613319748
0.00011597090980046	0.00697877316073326	0.00077736509286304
0.00577742367555892	0.00147193006066763	0.00518960623804876
0.00505503181512861	0.00212123638991032	0.0059825115823442
0.000379496900270586	0.0066081811412148	-0.00274020281514851
0.006876084306699	0.000240596172837948	-0.00165499226350988
0.000188640221302477	0.0069169236876942	0.000573287206769104
0.00454585670750649	0.00266712551928804	-0.00657675331811667
0.00587369188878004	0.00126688120683645	0.00508684897017648
0.00111765689669385	0.00676870660076757	0.00452711529454321
0.00612173554366762	0.00169303123354314	-0.00550481405957536
0.000648135906194962	0.00693005415433399	-0.00276955891574783
0.00663931751536085	0.000744565822832512	0.0035229885891854
0.000191269516038631	0.00710265690858971	0.000587651946437606
0.00652743053670472	0.000604173546122314	-0.00388143886737373
0.00618284890636163	0.00085288959994238	-0.0045538625920108
0.00561357306554858	0.00120388966702645	0.00558790824975453
0.00672221721941774	-0.00145465650881867	0.000616398036058588
6.17878158492084e-05	0.00663113555692522	-0.00518886364386288
0.000396966520275077	0.00530274501461592	0.00753635010723281
-5.39455812648123e-21	0.00826552447242474	-0.00114052036974672
0.00704844346249127	0.00194095080444644	0.00751500967561221
0.000281268551312584	0.00701015801139533	-0.0026781878366742
0.00519153191152952	0.00168151598399053	0.00619198945449021
0.00460714707725336	0.00254779727481542	0.00645708377383668
0.00029763492931354	0.0071125681265015	-0.00201335557961876
0.00568011442090133	0.00157010540981387	-0.0053021937824921
0.00537242310317236	0.00164495825798917	-0.00562855018695725
0.000250998631171658	0.00720458583407366	-0.000120013116984176
0.00528104683747751	0.00187468323827202	-0.00598955963396372
0.00101789258646478	0.0070739478349879	-0.00843939849168909
-0.00130869839439496	0.00834976805139823	-0.00112635540274842
0.00436773550027698	0.00215444045201795	-0.00621757369851509
0.00590395014986467	0.000971196723172851	0.00477820954521838
0.000225265628194511	0.00701989609609759	-0.00290889306963449
0.00622034451214851	0.000363606139537983	-0.0044320539715481
0.00509373006214913	0.00211443960975767	0.00630702041021102
0.00493412817370001	0.00217056703220294	0.00666024680834257
0.00545367101172722	0.00139889671747399	-0.00527312652681335
7.03209102895549e-05	0.00698299793860271	-4.57798161863491e-05
0.00271802713898775	0.00483182585778667	-0.00811066061954228
1.47226593340776e-05	0.006281456332573	0.00295871020957162
0.000656074736308148	0.00725293794090406	-0.00766948489294088
0.000346098657775695	0.00464619309459352	-0.00666118105024491
0.00735576477432781	-0.00144529836839128	0.00193080779472803
0.000585463967376936	0.00538284970687418	0.00650000167481349
0.00557540794492669	0.00164057216100959	0.00564708586136731
0.000142332189307654	0.00701470829245546	-0.00188424604395091
