8.10482427346324e-21	-0.00923018722554133	-0.00328604608287907
-0.00871587679764499	-0.00139293299498642	0.0125923422168367
0.00634896416242607	0.000712408850946893	-0.00282119781027979
0.0039084486268706	0.0223128889896456	0.0134145925536712
0.00233958085721902	0.0321047509976944	-0.013194002137374
0.0378340027202516	0.00735744980114661	-0.0332315909280278
0.00017267125172453	0.0488522882581712	0.00345130225281597
0.040550170215078	0.00865047541707562	0.0374318816242111
0.0362584622678207	0.0123998846597009	0.0423828625110177
0.00160590837040437	0.0470377634380899	-0.017571058132126
0.0479202865090099	0.00116623187959058	-0.0145247348020665
0.000425190521928386	0.0480382901822838	0.0080697026760541
0.0293907557679786	0.0189776577808367	-0.0475750944201732
0.0403248047153892	0.00803892284373147	0.0359064494574553
0.0054474860285346	0.0469683049631078	0.0310750002078482
0.0430413552959213	0.00898675909182401	-0.0382672278584992
0.00326531240701137	0.0478468895014587	-0.0227727174578432
0.0461358914145961	0.00403965180729544	0.027010576216496
0.00044172737409956	0.0491778454011697	0.00809527911830506
0.0440869772054285	0.00444042456422279	-0.0283789791118501
0.0421851487601167	0.00602102055091507	-0.0319212333557775
0.0314248387388853	0.00740673901329702	0.0306452018199847
0.025113779309824	0.00156668359507244	-0.00368486636793408
0.0036960929643492	0.012933995480584	-0.0117168153781106
0.00122503230294933	-0.00325586632749326	-0.00425325630450756
2.8990891909319e-21	-0.0109073839196027	0.00104629612079202
-0.0104929944934855	-0.00286572362673256	-0.0111496225333791
0.00128887812755184	0.046274903270534	-0.0150613023104516
0.0344690219238305	0.0108350494261903	0.0384830562939575
0.0336842397961713	0.0150518878957771	0.0451953417981027
0.000850959385400361	0.0491406686949993	-0.0116044756584315
0.0405871936673127	0.00853631641658961	-0.0363984215170648
0.0377114122984944	0.0108657958354893	-0.0406273637514284
0.000392022428745305	0.0505768300511903	-0.00283559265206878
0.0379003505797891	0.0116938526665642	-0.042127805539662
0.000815365779003186	-0.000345263122805988	0.00117990590140288
0.00148750116062584	-0.0120157767287495	0.000931027917103049
0.0306302234693851	0.0101656274201007	-0.0357485575174235
0.0377671074039155	0.00769626815763584	0.0344101707808087
0.00119175403839403	0.0411631477609768	-0.0131266067549775
0.0352414431293746	0.0050644107770513	-0.0256530063869788
0.0358341635234339	0.012449502145523	0.0424843684772146
0.0338900685828374	0.0123009418404014	0.041422866051521
0.0380841543811845	0.00772277039922403	-0.0343892726845402
0.000166780507171743	0.0484066976039879	-0.00091144330247182
0.0125107519778852	0.015657538100366	-0.0281486081340886
0.00111848892084232	0.0392189599715107	0.00962387326902943
0.000660029341105415	-0.000763060279834452	0.00398897237264587
0.00509908656228043	0.0104360777687256	-0.0110209120714659
-0.00450740720232966	0.00191460464329691	-0.000374501219106804
0.00143289316310095	0.00647511354481073	0.000182751507547018
0.038550733031652	0.00976107081119435	0.0386913047944391
0.000770120462875546	0.0454993568233829	-0.0107431172436582
