5.24151521626206e-22	-0.00298201752497845	-0.00155026076162237
-0.00299829250499792	-0.000218572136243012	0.00450985401124807
-0.00656060751122846	0.000614647889715068	0.00121541538820995
0.00108112763492349	-0.00467322813118115	-0.0040923008917872
0.00107584977979607	-0.00482697902699621	0.00580440598698577
-0.00237841009095212	-0.00107820225002165	0.00282331599583949
-3.51845406072292e-05	-0.000625534771920684	-0.00172686573040034
-0.000508504104128915	-0.000506726519394429	0.000646995943221135
-0.000131789382026136	-0.000945743030524052	0.000240519205449185
-0.000406627830608426	-5.06476011750335e-05	0.000842844306104273
-0.000351926881151992	-0.000171546538675967	-0.00103187906295982
-9.51164943491838e-05	-0.000129329210693974	0.000479103948189708
9.3924168614141e-06	9.24628241767141e-05	-0.000143617391816108
-0.00121032724041848	-4.28969066087985e-07	7.45893658716498e-05
-0.000242889187356046	0.000101954135641786	-0.000446789592600715
0.000146373739261258	7.73332583940933e-05	1.9713824506752e-05
5.45039210596664e-05	-2.08645965396534e-05	-0.00065809028991281
-0.000396305935281779	-6.1856918203948e-05	0.000987868915775479
-8.65482274957985e-05	-3.53386123150255e-05	0.000641682455812068
-0.00119388081276803	0.000329154541127479	-0.000157572176398381
-0.00130215274688824	0.000193802779179021	0.000551281976154535
-0.0042601289943212	-0.000446152129075556	-0.00412794117212408
-0.00525475751993557	0.00271259353684382	-0.00122049990498259
0.00119662250859641	-0.0049959422518848	0.00245194517428525
-6.78153322869339e-05	-0.00356474519495217	-0.00477038404284704
1.7521064594614e-21	-0.00365058210489732	0.000651880691435873
-0.00370842825452582	-0.00101427063000202	-0.00394284599354146
-4.34719566668307e-05	-0.00220571332773499	0.00189128112155008
-0.00185612438730929	-0.00042858810695631	-0.00309674159563296
0.000223049797344679	-0.00076603574235311	-0.000219802775187448
-0.000433781898401898	-0.00074839066657412	0.00123643442423595
9.51654829033783e-05	-0.000925658830599241	0.000971190584428438
-0.000197646102704207	-0.000352043862648376	-0.00040483612186588
-0.00035009161910117	-7.4660884783442e-05	-0.0010885710862513
0.000269497423154563	-0.000615647146387462	0.000369989866598444
-0.000488889643360311	-0.0046064738649077	0.00580594954850126
0.00091852378350485	-0.00423646192094992	0.000130620505978448
-0.00068003403124269	-0.00211346691026465	0.00475884164490948
-0.00304319319138995	0.000882781938099415	-0.000334637444366737
3.0733508014383e-05	-0.00445597992492936	0.00280240705909401
-0.00436055047790036	0.000890124295295597	0.0038400804956107
-0.000600866516706552	-0.000793423740081969	-0.00102465122944973
-0.00128405331240181	-0.00127103241173139	-0.00372264791141101
-0.000916430949502112	-0.000887037801025236	0.0023821799608778
-0.00019595236898186	-0.00113113969511859	-0.00122202429682257
-0.00133199409124933	-0.00391748614157115	0.00677550983129328
0.000595998770060596	-0.00310957005728765	-0.00498982067998023
-4.770021884879e-05	-0.00495101655359252	0.00567368374218474
0.000302270601466293	-0.00350394072833854	0.00663039306823216
-0.00473394376161975	0.000888152969412752	-0.00113758949719595
0.000125749235132186	-0.00498565966819097	-0.00681528840048899
-0.00142564713734546	-0.000607802417946038	-0.000663801552637036
2.80087721117068e-05	-0.00297942784629663	0.00180500764808413
