-3.65742328064631e-21	0.015598489587004	0.00593604010657887
0.0107609486644786	0.00217212618727992	-0.0188432127441726
0.0171036498650729	0.0012177098524446	-0.00221744933631107
-0.00152369175574894	0.0116389032611039	0.00923372219305573
-0.00113269775673597	0.0159731383703484	-0.0155504667460743
0.00621285465272038	0.0019760366552487	-0.00569640920802225
4.83570717299037e-05	0.00257327345934544	0.00286757525538778
0.00194794860748759	0.00115750502694811	0.000202543521282234
0.00122961694130693	0.00188304822498623	0.000771788348355985
0.000795694652439133	0.0012691410971465	-0.00191151813379233
0.00185660735321504	0.000275484743361924	0.00141543868188695
0.000155281632887212	0.0014297943601294	-0.000700913649140058
0.000894663249463988	0.000301132599210815	-0.000954664496666585
0.00319401701647318	0.000525084851176156	0.00128997868576529
0.000591665864637092	0.00141650023024097	0.00123815705706018
0.00124137228723367	0.00028687979563718	-0.000775465192762719
0.000281869794981076	0.0013950025646882	0.000296323771574346
0.0019280781881323	0.000312154566547909	-0.000535996915117308
0.000164185843733543	0.00139297683005598	-0.00102925980870451
0.00344425701338245	-0.000479612364025129	-0.000512325601553544
0.00349162681912365	9.93998318843528e-05	-0.00164371968319466
0.00944928056501219	0.00160888195005721	0.00884844208223978
0.0131307478944372	-0.0061695137242975	0.00180280000564156
-0.00112686304725696	0.018632941301638	-0.0113298712280508
0.000705942294151524	0.0119687055699481	0.0168190466206044
-5.1240057366206e-20	0.0176899868448365	-0.00243554492172975
0.0130486038544745	0.00358350016232974	0.0138974919993973
0.000184679674945738	0.00635668846052227	-0.00386801216136598
0.00486862294406103	0.00188056196836929	0.00683332392056958
0.000527925040692893	0.00162809875141367	0.00156611898688962
0.000774598152628555	0.00290182433761915	-0.00257382585372604
0.00121671785911132	0.00184321824144086	-0.00256321764940341
0.00150401765419516	0.000937260507098771	-0.000275967551214945
0.000676886489496663	0.00162756985695025	0.00141142512608808
0.000806886472341338	0.00134628707678365	-0.00164674460019329
0.00284245819658947	0.0165045251789734	-0.0188256784752995
-0.00278447855673684	0.0156916408435635	-0.00409318397475935
0.00410184748249197	0.00550987042128637	-0.0135562431935108
0.0066653799136646	-0.00106164235734983	0.00253355524597717
0.00031638866448166	0.0131805210789452	-0.0074700792988536
0.00995592146934221	-0.000691823222400064	-0.00830683954684989
0.00227222241833662	0.00162250379155921	0.00300366825007165
0.00358200001553019	0.00292254785380655	0.00751437137531588
0.0035678283388739	0.00173466220456757	-0.00547790118368725
0.000636813121037898	0.00347048729284163	0.00172587522165815
0.00546244322941258	0.0116540729562074	-0.0200743282163383
-0.000586973852536228	0.00848302027923548	0.00874894892375776
0.00263954217168317	0.0169815495188821	-0.0183973781410987
0.00126872861523599	0.0148146182044083	-0.0218743112554589
0.0167392939292343	-0.00294229043123681	0.00402390422979564
0.00162549425227935	0.0130282585727319	0.0135615745862137
0.00360775287358243	0.00145753089508806	0.00238553242984304
-0.000125720032317855	0.00698548896300629	-0.00284389782592803
