6.96528999111452e-21	-0.00990833484160781	-0.00389168637555312
-0.00990677228281367	-0.00132491370118831	0.0138647116915441
0.00162842793800249	0.00126706288328625	-0.0022856997940499
0.00451397994264025	0.0202810110568094	0.0110845070605719
0.00301966688386383	0.0295329102663808	-0.00646340828796348
0.0387881585238578	0.00609210478735455	-0.0317594481385531
-4.16683665580579e-05	0.0544038857611418	0.000421711255738289
0.0449579784755307	0.00877522027304149	0.0430484626822489
0.03980564668677	0.0129099362689636	0.0485178589532594
0.00144038090568044	0.0523226453867725	-0.0198477415144749
0.0535104333375613	0.000901296133210828	-0.0169793537131199
0.000186406181105528	0.0551330743719936	0.00871330908952615
0.0342204331307378	0.0211755827313227	-0.0544990763523549
0.0435045894601187	0.0091809204776833	0.0411729896561063
0.005901145826659	0.0533607498424805	0.0352322878491882
0.0490324080198674	0.0104821481868683	-0.0441223736426882
0.00359229487870708	0.0547882484652936	-0.026866720759051
0.0517979306712926	0.00452802666558318	0.0325454218132532
0.000204062018547378	0.0555211081014199	0.00902069218118584
0.048058806440057	0.00487793113227017	-0.0303700030454881
0.0455636664196998	0.00649903131717334	-0.0341652586029841
0.0291807346300835	0.0072772483349601	0.0279402763761467
0.0222381228464318	0.00409012701284451	-0.00692941105770677
0.00468264076781645	0.0101905981832526	-0.0109864023049148
0.00112652467904833	-0.00554835329409865	-0.00669167817387485
-1.8080928209929e-20	-0.0116687976936957	0.00130382365420548
-0.0119565968780223	-0.00330254455383927	-0.0127640176354333
0.00166295694698309	0.0500444628376955	-0.0164666061884903
0.0361980564976289	0.0110673947948382	0.0387491232940027
0.0374162347004674	0.0163439361530918	0.0509791711797312
0.00039851239410309	0.0529693949601736	-0.0118771942851234
0.0463813865018825	0.00795183359543136	-0.0396130915797022
0.0421215478331242	0.0110670916179338	-0.0454386863247144
-0.000235116029782946	0.0574087258430541	-0.00514488431120242
0.0437310484646492	0.0118339388517876	-0.0469650379592655
0.000314814850246443	-0.00350724676670636	0.00569925928870515
0.00184096585712673	-0.0136475269350832	0.000660378545813282
0.0318302571203725	0.00710418833876029	-0.0301387418539402
0.0368716050039818	0.0104397816374402	0.03933175613224
0.00142381029512511	0.0433874461806429	-0.0125115790032358
0.0327509537135835	0.00788549706806544	-0.0270260342234123
0.0386302033865075	0.0133805063497398	0.0467770229301074
0.0367977774360523	0.0122803630465664	0.0420334952531483
0.0417503643490369	0.00688424609604517	-0.0345245199828376
-0.000227710176097552	0.0527579308814787	-0.00422603030283776
0.0125108847048712	0.0137698682250731	-0.0245589485432547
0.00144778889880099	0.0389652543926403	0.0055070608185702
0.000562348916426267	-0.00293065890119861	0.00649358485508271
0.00583031475216674	0.00917369520374377	-0.00725236208563675
-0.00721194900946094	0.00212837626401125	-0.00134394821795995
0.000838643010180944	0.00390167833812988	-0.00535026047944318
0.0406507458200577	0.010279880945483	0.0428617593279143
0.000918621142370562	0.0474570844158761	-0.0108211918896035
