3.22232650405764e-20	-0.0150677604598734	-0.005157376349543
-0.0154000063580355	-0.00276542966753444	0.0209160313221147
-0.0199563518555232	0.00155922392522132	0.00144088685723414
0.00108519955653755	-0.00996690281463043	-0.0100473016429494
0.00118263636507143	-0.00798784956754992	0.0102556170219208
-0.00127181737313866	-0.000742509040913609	0.00167067520527138
1.54755246293586e-05	0.00227285705542417	-0.00102483648859921
0.0019951554610316	0.000164345135192832	0.00253289543486781
0.00207452642064694	0.000157397611418119	0.00277112743451957
-0.00025957946122989	0.00297705249261535	-0.000251105313759156
0.00295060129939227	-3.65554021285315e-05	-0.00200495375208894
-3.16322145865699e-05	0.0035201397594876	0.00102987712952767
0.00209547673821997	0.00159346020711365	-0.003671121068104
0.00134850570828584	0.000393587419014148	0.0018826870885405
0.000386735022146288	0.0024535842864394	0.00199014277580282
0.00220377587036484	0.000994388297913118	-0.00276412338149633
7.58183957636961e-05	0.00309186948234179	-0.00105108011762297
0.00249684975772891	0.000165252273367561	0.00194565784800208
-4.05094951954489e-06	0.0033778360388737	0.00109190087798063
0.00151767145018396	0.000620713312741848	-0.00203226391260093
0.000969224475773159	0.000746741665200594	-0.00145351379263514
-0.0059837451581644	-0.000433941724941935	-0.00496113052228173
-0.0116332815352065	0.00432095428321179	-0.00343582062659441
0.00135249090594065	-0.0116521008208601	0.00638053090854202
-0.00112451448482441	-0.0146234907379386	-0.016644388148627
-5.31598319046805e-20	-0.0178231355619454	0.00125918084650882
-0.0184071376298283	-0.00517884442305941	-0.0198000149929756
6.79494806217825e-06	-5.08566639824716e-05	0.00137309202077056
-0.00047167320736147	-0.000175099280787266	-0.00223530811325125
0.00237272450392708	0.000525850510650284	0.00286982818834462
-0.000282963463997169	0.00239044802734351	0.000438546745858641
0.00236808875893817	6.61897237141948e-05	-0.00190080429541031
0.00195583171850412	0.00047026767263342	-0.00283501448916588
-0.000279953854990724	0.00288256710863227	-0.000325449478597844
0.00219472994042781	0.000375918803105499	-0.00228385881327662
-0.00178068555867954	-0.016207415010475	0.0182439496788048
0.00209300466033405	-0.0210666807845027	0.00122566231985706
5.06475802255391e-05	-0.00254941264907499	0.00483066318198882
-0.00184167205505399	0.0016921491014598	0.00177314903306957
1.8652567508867e-05	-0.00490213326626566	0.00374506544530552
-0.00589978345549932	0.00163293233469815	0.00471896410110189
0.00158527856069619	4.42913230248903e-05	0.00155615874687203
0.000230885200507203	-0.000969680423158312	-0.00230914028750184
0.00116213731127687	-0.000316159638587214	0.000274402981589168
-0.000151890813680814	0.0016002473410169	-0.00103400117933568
-0.00254912420027313	-0.00669679213022034	0.0106610949193395
0.0007846926180843	-0.00351329327250421	-0.00818890015600814
-0.00135549090735022	-0.0163531681103912	0.0186657700054556
0.000188188988988914	-0.00844747854142168	0.0136658255359189
-0.0182553812259605	0.00246863051552957	-0.00277875465632341
-0.00107817767797612	-0.0150657536373665	-0.0207914120266801
0.000814865852042439	-1.6424924699201e-05	0.00137425288918274
2.39344811856608e-05	-0.00129434305039286	0.00153073137773579
