1.06606383616802e-20	0.0118997707832567	0.00433001608165017
0.00931684918087963	0.00148110688538489	-0.0148082433828433
0.00895699769492052	-8.48006925202319e-05	-0.000570097404422929
-0.000737955085569489	0.00410416328488825	0.00425603503434185
-0.000439334149156985	0.00456064747154643	-0.00555238528097836
0.00181303045045629	0.000516564886677982	-0.00189681994982304
5.82386687395109e-05	0.00192170353400608	0.000681516357068961
0.00170807555564171	0.000324124607453349	0.00148225434199885
0.00150602148621775	0.000629548890003195	0.0018933803371751
6.5885905922624e-05	0.00210893696432265	-0.000721044931615375
0.00226235955344133	0.000117856999564355	-0.00087867210920681
2.90180708411017e-05	0.00263386292670689	0.000531657507299864
0.0015234808879901	0.00112854955279752	-0.00262213942607002
0.00177572706966523	0.00020467045669507	0.00125128506760982
0.000441216742943858	0.00161014333878071	0.00167609433876708
0.00141181942468106	0.000728924585328417	-0.00201407749741719
1.97397813844716e-05	0.0021677939963567	-0.000291714758064054
0.00194120327671484	7.75052181193968e-05	0.000726066002393319
4.33456724137805e-05	0.0024118682683103	0.000480247669514105
0.00183806158112474	0.000256897100604557	-0.00129428043841242
0.00174078317727386	0.000214757074619078	-0.00137515360257182
0.00263494697703009	0.00030067948487398	0.00259309617047063
0.00495476688496942	-0.00267039525845724	0.0013145331151014
-0.000795762541909164	0.00784429738253879	-0.0052268284137277
0.000277198931050031	0.00776003997759869	0.0114338878400625
2.26202540099278e-20	0.013643162524925	-0.00176139400529486
0.0110990191376917	0.00302447446952318	0.011783078081738
6.65813103848867e-05	0.00202882657388844	-0.000807823612011317
0.00156186684073753	0.000394473970462417	0.00208691526091688
0.00150586367150435	0.000795999219582683	0.00216874410353426
7.54254441750246e-05	0.0021174484380807	-0.000396716351028625
0.0014466678860588	0.000641957088576725	-0.00183175001889631
0.0014771786564105	0.000515230191539375	-0.0017679330647027
4.44612340325408e-05	0.00201599308036391	0.000451844140477602
0.00129389321611076	0.000641510669080205	-0.00189541507867637
0.00150845774458753	0.00985556081318932	-0.0118882711195397
-0.00214208634964244	0.0132778908101916	-0.00212413122581833
0.00098602764416676	0.00129733113137832	-0.00293101199378293
0.00205503578232567	-3.23379331925084e-05	0.000936964053430649
7.18398057491236e-05	0.00306544254911681	-0.00171569996042729
0.00274694458639392	-0.00036768230352367	-0.00213980798994627
0.00146025097455054	0.000562493390509632	0.00178175511604245
0.00137147877795061	0.000794030613894311	0.00222335602363112
0.00136360956109379	0.000567705509464643	-0.0017726807859803
2.41189737823492e-05	0.00195265927771389	0.000366161738703772
0.00131734746473126	0.00382239939836845	-0.00626386454005469
-0.000225800821700268	0.00219265021460223	0.00267991995943495
0.000971142452248167	0.0107372803076012	-0.0118709015376217
-7.79645796740544e-05	0.00618943449591006	-0.00924673448836413
0.0110124502830466	-0.00240926562371487	0.00299046188159877
0.000337305828485014	0.00685052634260979	0.00840918722854198
0.00168588924867026	0.000394608994456376	0.00159675076507053
-3.68493360067778e-05	0.00221323855688552	-0.000725985206493773
