-2.49892215444041e-21	-0.00625807084669346	-0.00252424692174575
-0.00617346230911515	-0.00084207493334067	0.00889140254541499
-0.00823480547041698	0.000788173618084887	0.000677810822136324
0.000755196305250519	-0.00424724724276804	-0.00433414243485978
0.000550052647173128	-0.00379252458837921	0.00492410455945566
-0.00108472084250519	-0.000435315512459908	0.00128327127606454
-2.50622826182746e-05	-0.000153565079630101	-0.000561848984894166
-0.000146809957065465	-9.96123778373984e-05	0.000122138983377025
-2.99198780284585e-05	-0.000227100230839566	3.09896433720453e-05
-0.000111068349793259	-3.59633946338489e-06	0.000218350657838624
-6.05149257667153e-05	-6.6763315403777e-05	-0.000248157343352514
-3.06186891178283e-05	-4.20844605606547e-05	0.000104995304770603
-3.27170648732994e-06	1.4338456430961e-05	-3.48761994064795e-05
-0.000365535935890032	2.51535937258893e-05	1.3311910250004e-05
-6.8218454760775e-05	1.23795291803946e-05	-8.21837767978012e-05
2.14431759249475e-05	-1.11765649388371e-06	-3.53359966939848e-06
-5.09911166451675e-06	2.68440762703592e-05	-0.000150657416593091
-9.31119366611946e-05	2.5401376498282e-06	0.000252822350627866
-2.239987593901e-05	6.45633550963761e-06	0.000134614813088372
-0.000327078424487829	8.37690770580019e-05	-9.22794148635785e-05
-0.000433379967968443	0.000119373841060323	0.000163323539644481
-0.00270114532329616	-0.000282873152137981	-0.00259889115204353
-0.00502128143063432	0.00232259871284121	-0.00143958611754162
0.00075512461755112	-0.00560294741168971	0.00350867505492588
-0.000295979484522098	-0.00592894277898295	-0.00751470517997772
9.5999296350343e-21	-0.00746691363190923	0.000906234813270444
-0.00751860398656911	-0.00208601730315182	-0.00804113042122447
-3.74993638885761e-05	-0.000811809469285023	0.000748339153401456
-0.00081271613676312	-0.000140082560558066	-0.00154438917907577
7.17815939397969e-05	-0.000183666454164237	-3.82865150048493e-05
-0.000116240031171581	-0.000155016462977358	0.000308969465812408
8.4630216144034e-05	-0.000242161624883941	0.000184670117434021
-5.12418918443558e-05	-8.16926588046241e-05	-0.000104324623491391
-0.000117249278380715	-5.8964515163582e-07	-0.000245747809006318
7.42880280526989e-05	-0.000158486587669575	0.000117635501793832
-0.000732005086991485	-0.00712790153804423	0.00846796040098355
0.00125830774500215	-0.00859922356963756	0.000504309237985147
-0.000328603367466173	-0.00127491960313835	0.0026009608938897
-0.00134967208519922	0.000441153323525932	4.36140829781249e-05
-5.12525676501506e-05	-0.0026088260614594	0.00174138674646492
-0.00280840585229123	0.000645897490723084	0.00221547995502647
-0.00015111055333642	-0.000223132942753217	-0.000301859488481203
-0.000471497909708431	-0.000635636320744892	-0.00163303753682923
-0.000272335293375821	-0.000344087678609844	0.000842973135341269
-4.75797616756638e-05	-0.000368407268008579	-0.000420950704710862
-0.00104075890093415	-0.00334976048412083	0.00530204796125227
0.000358140918924027	-0.00190305854257845	-0.00326037875456402
-0.000396293699492923	-0.007389559615648	0.00835968532167678
0.0003082313997184	-0.00427273473347675	0.00686235128801295
-0.00771314316535791	0.00135530467166461	-0.0015748855018048
-0.000175328150584748	-0.00609999201346238	-0.00851801378471449
-0.000475835978908654	-0.000161281450304634	-0.000271712490579931
4.12679188456706e-05	-0.00131566132266751	0.000816048571537105
