1.1308549940669e-21	0.00479828819128553	0.00182740912257157
0.00417304247912404	0.000573603256914471	-0.00628027615026178
0.00362494077924023	-0.000274317452375834	-3.32299050666223e-05
-0.000197605128755701	0.00119967476741618	0.00166627345354129
-5.57321907505789e-05	0.000918059472217118	-0.00153292468794945
-0.00024757589236946	-0.000331502733241467	0.000199457429522487
-0.000149553270912941	-0.000229787837074744	-0.000696897615604148
-0.000258309865002393	-0.000524136476279578	0.000631640372980829
-8.56292635569603e-05	-0.000706458982467591	0.000421397749068935
-0.000388819386524248	5.03502313907499e-05	0.000487952106258077
-0.000233287375164207	-0.000150113227037254	-0.000713846371108866
-0.000128607730361333	-0.000173889986445381	0.000430801026592621
-5.66548965141876e-05	3.9242911751225e-05	-9.7556301385841e-05
-0.000474626334725611	-0.000203160650030426	0.000362199446774901
-0.000326673623249758	5.4223418653974e-06	-0.000268828225830101
3.09139875052979e-05	-5.23051021719714e-05	-0.00011294112731694
-0.00013076094815431	-5.70600916115499e-05	-0.000526057803732895
-0.000219831642795984	-0.000243190433676641	0.000737846594640237
-0.000140808656301617	-6.03876476144015e-05	0.000513064030347997
-0.00050888519506965	0.000120454308277369	-0.000291871528671749
-0.000363647159223395	-0.000104410584021254	-8.2050631960245e-05
0.000238379945759187	-4.94874448246513e-05	0.000308290277789699
0.00160530406284706	-0.00088799621590963	0.000663501426366223
-0.000227651364295656	0.00264955865344809	-0.00194167440433634
8.39447752629773e-05	0.00338126696926591	0.00477520263155783
5.32428774284084e-21	0.00561379546860496	-0.000753900856578188
0.00495480012330483	0.00138467575519571	0.00531508354016375
-0.000138920292425971	-0.000440207058477321	0.000537179006530083
-0.000265109494822129	-0.0001358859152183	-0.000151469554957942
0.000154869471664955	-0.000607145789586525	1.47600359754769e-05
-0.000367438302877361	-0.000274728881786925	0.000722066681188508
7.65934046094786e-06	-0.000637255848840543	0.000391639834542554
-0.000147353529677197	-0.000352794140640072	-0.000480097711535657
-0.000337755610398849	-4.11742501111039e-05	-0.000677643672287668
0.000128882440558892	-0.000491049144974844	-3.97023839993569e-05
0.000498764893108587	0.00406970434646017	-0.00496713006892167
-0.000921478156562993	0.00582657265977618	-0.000627266445375627
-8.2616901255007e-05	-5.40070414275205e-05	9.13776333587358e-05
-0.000399096034134196	2.59044159719812e-05	-0.000105483342158452
-4.11199168709557e-06	3.30567683111285e-05	-1.32356212663039e-05
0.000247786172723889	-0.000132834157051924	-8.07379151760284e-05
-0.00016677037738701	-0.000529546943324731	-0.00024010968854494
-0.000194402325868096	-0.000157093482727016	-0.000432356879429534
-0.000213205367408128	-0.000410936257241749	0.000636202676765877
-0.000227800644147702	-0.000253942903862959	-0.000282872908214566
0.000203241304583914	0.000966591801418767	-0.00141820547483783
-3.72174800186973e-05	6.89319909332758e-05	0.000420292815489555
0.000324357137152991	0.00434558277655398	-0.00490208841779733
-0.00013041364051063	0.0021352263583349	-0.00307622974135254
0.00463462985074754	-0.00102532316720471	0.00118928518611496
8.33280171109462e-05	0.00266073986634635	0.0037043655088463
-0.000355295971600729	-0.000493459432943014	0.000152614851808064
-0.000199054473451651	-0.000345809197422914	0.000173132221299183
