-1.43185322806869e-21	0.0065732960966898	0.00296970963749553
0.00513037798649403	0.00087697662198694	-0.00808807541026585
0.0165213513719421	-0.000309775695523302	-0.00169344858711329
0.00180543994787684	0.0220306300016461	0.0118707371753078
0.00157012516534673	0.0303295506526158	-0.0175403407070965
0.0339443241164133	0.00680474395528273	-0.0299681897527472
0.000291692767367661	0.042774136827405	0.00400353101330131
0.0354661407827465	0.00806316347244828	0.0331021655279936
0.0316579358246022	0.0115128936548646	0.0374556220834341
0.00165749944061887	0.0413525360570305	-0.0159941497053393
0.0423238711142277	0.00111360665820156	-0.0124696511506975
0.000455966507643076	0.0427727829603125	0.00675236254346677
0.0262301077371877	0.016847670568159	-0.0420976964854
0.0356876125746799	0.00722775272243142	0.0316974206506137
0.00490882800651788	0.0408729950867851	0.027380426910401
0.037384284464224	0.00797997226670175	-0.0336759486636236
0.00276353262601849	0.0417472030089113	-0.0193969114868421
0.0404025017202309	0.00366369112838509	0.023464682384879
0.000476314228530926	0.0434243771461208	0.00672753557171255
0.0392349888301035	0.00391079332659032	-0.0251074014756762
0.0377037606148183	0.00517381725099229	-0.0279413736507795
0.0292975496798165	0.00691694303630023	0.0292412376844791
0.0248626335307688	-0.002213562133338	-0.000567248899733258
0.00172631126864212	0.0174113513270227	-0.0143863490393133
0.00157531297775933	0.00749624055894983	0.00997484865169455
-6.67666588922546e-21	0.00752596801275194	-0.00115328675740515
0.00584421549092258	0.00158323516276369	0.00618944684141072
0.00117757328473696	0.0409506863758604	-0.0138820174468608
0.0304623526930774	0.00975847071944663	0.0349756435561787
0.0294107956402075	0.0137619600333523	0.039959197995282
0.000927927227527704	0.0436412570345978	-0.0105563363408696
0.0352201864309732	0.00790795166725952	-0.0322704812881891
0.0333855795047157	0.0095283082919495	-0.0353496343968566
0.000459044536002652	0.0441276239716091	-0.00176820597646702
0.0330649090411965	0.0104091015374774	-0.0368491163586347
0.00194292375370147	0.0150180284441283	-0.0152174367765492
-0.00122539104432582	0.0069164076498456	-0.00219593986353909
0.0262191073309862	0.010018561023514	-0.0329727839099426
0.0340280187036108	0.00653010911096081	0.0300176302690436
0.00114096964739706	0.0373997321259949	-0.0131281131891184
0.0331519729920428	0.00324846604086826	-0.0232008840276331
0.0315300055885564	0.0114682716353021	0.0378552607562177
0.0297154647056921	0.0114984786255722	0.0376447562786369
0.0335572352991061	0.00739474665971548	-0.0312883711372299
0.000251126054612532	0.0428519270642915	-0.000581648438392582
0.0120912528701428	0.0180758123099258	-0.0315399988722135
0.000709019723336101	0.0349802325669705	0.0114643116075404
0.00180967908422306	0.0124455836342926	-0.011651089292134
0.00214111736340844	0.0108089221480151	-0.0152995937588168
0.0103002059093715	-0.00116313082809077	0.00192618185819243
0.00359871085600017	0.0115397433823778	0.0137480940287033
0.0341994493268834	0.00906962044807623	0.0346255310487966
0.000746654109197435	0.0406017295679075	-0.0104952623348319
