2.59767930122633e-20	-0.0102383393627921	-0.00307470714919377
-0.010851914665903	-0.0017355532994417	0.0144843712027809
-0.00516455248640662	0.000776840796840663	-0.00117126839821037
0.00250184936903719	0.00942696881592347	0.00108633351292247
0.00133501952511224	0.0169202245433728	-0.00326594564170378
0.0335623392489469	0.00682588632791156	-0.0298394167047984
0.000450032770789935	0.049252551178171	0.00661868151369108
0.0412973883977405	0.00864790266405484	0.0362470532546734
0.0372772844638427	0.0137079019070624	0.0439765036975061
0.00177593289381945	0.0497963432808254	-0.0174050318234506
0.052469510074668	0.00166980823112314	-0.0173337533818016
0.000768019423686295	0.0561478666180617	0.00956135927210319
0.0340505661245164	0.0222221144772948	-0.054981179662081
0.0415859184923606	0.00738106723293977	0.034367691165804
0.00794469878641335	0.0441619920972528	0.037211345979635
0.0400623408196231	0.0124521967699922	-0.0444801833992547
0.00160788727329013	0.0515708002149051	-0.0164891538306253
0.0481705312928011	0.00333975038081214	0.0232343042648713
0.000867770342436094	0.0547502899001047	0.00930827197223643
0.0437608364879603	0.00541951500768265	-0.030604799446478
0.0402875123657234	0.00717426474897796	-0.0323266913557749
0.0226115246409779	0.00613000944937896	0.0230395699305595
0.0112308380102568	0.00128792420414416	-0.00291433130815359
0.00177726089506027	0.000649162144702123	-0.000974560379023043
-5.7507038800358e-05	-0.00801338568233353	-0.00945662605758287
-6.67300841610222e-21	-0.0120345975523015	0.000681981413610076
-0.0131538862441781	-0.00353295820045447	-0.0138820723888349
0.00107769855874575	0.0423499931975688	-0.0120786227424357
0.0316012208004377	0.00958430433170165	0.0334216928239103
0.0360234628756185	0.0173618591603114	0.0494287601141754
0.00110820461329387	0.050536769531923	-0.0107102270584653
0.0402774440975542	0.0109165640163559	-0.0411497843071178
0.0373154692062467	0.0118980038737729	-0.0419475622338226
0.000277489600378035	0.0514538374872686	0.00356993766765679
0.0363536088243294	0.0130047169885517	-0.0435616170778168
-0.000681426659060508	-0.00660726188456673	0.00723137113720059
0.0015098582721353	-0.0151454095401895	-6.66268667930067e-05
0.0236874070779398	0.00643298357207046	-0.0252385512944775
0.0338641261254425	0.00872496008805181	0.0337606389327859
0.00078787036425945	0.0318595640396463	-0.00765590959425719
0.0261344665053262	0.00477551512964196	-0.0200703096409903
0.0358729304108245	0.0125387456331435	0.0417873321878061
0.0315056224210295	0.0104943679995444	0.0368224400461422
0.0369838892689934	0.0086409167757263	-0.0353499022056346
0.000228179635528561	0.0475833339040282	-0.000231444133644949
0.00655886512875828	0.00990624036081997	-0.0170390929761653
0.00142154125083668	0.0288883366727567	0.00521284398177943
-0.00047727622462835	-0.00804055170817998	0.0103769584114323
0.00155594752515701	0.000299316667608951	0.000503592222376229
-0.00983458179683779	0.001749804884434	-0.00195629334701677
0.00166119465798173	-0.00502178886548996	-0.00849892623822919
0.0378662114593859	0.00922578241366356	0.0364832876817785
0.00104782917283101	0.0411543210377248	-0.00853834805561093
