-1.80346417268954e-21	0.00494823520564573	0.00207394097259482
0.00424325272491489	0.000536840297211486	-0.00630496972025038
0.00698033094889038	-0.000228779229254061	-0.000723301432345003
7.64201531221468e-05	0.00663053415246501	0.00471920231532403
0.000103917145268604	0.00807883508148863	-0.00579914451849879
0.00649830309332109	0.00129243152745721	-0.0058211547974751
2.38209818477537e-05	0.00754391129459253	0.000613884769670511
0.00615410517631599	0.0013966205081034	0.00584671460006016
0.00539994393418114	0.00205539527749623	0.00660747355509595
0.000282307941262739	0.0071100200852932	-0.0028713321319932
0.00733259396516028	0.00019892189898213	-0.00187894942864393
0.000180553966574956	0.00734073183526002	0.000623666775228854
0.00494657640941709	0.00282918488756945	-0.00695698134693405
0.00623665738128504	0.00130636646172965	0.0057147483115659
0.00107403659679335	0.00740674834586435	0.00487586784309251
0.0067031540496706	0.00181827997632486	-0.00608590228826527
0.00063915417818529	0.00750437824501398	-0.00324543863438413
0.00712978377497984	0.000694594126779791	0.00410994252749456
0.000184942186392399	0.00761939266124223	0.000659338230960318
0.00698753912339079	0.000635739009858192	-0.00424844017960742
0.00667908724536027	0.00083968418928712	-0.00499438859011127
0.00642617898603672	0.00135292562270918	0.00641072417159147
0.00748601335492303	-0.0014206212638864	0.000493042535590996
0.000163668640256672	0.00682196532757902	-0.00530496174676052
0.000471585150820303	0.00432745366341207	0.00603159104191381
-3.14895762229854e-21	0.00571009211556556	-0.000874452293439927
0.00492907963987462	0.00135291639918378	0.00524830125530099
0.000254288167062033	0.00770500175928495	-0.00289648137693432
0.00571813480784305	0.0018665292171247	0.0069381110839221
0.00497102252673254	0.00256124393888265	0.00695844716434782
0.000235580513750531	0.00764942004260415	-0.00207188306094633
0.0062016541329875	0.00145535936818152	-0.00564028996990615
0.00576328389272156	0.00161760344565098	-0.00622304662378429
0.000120433043598014	0.00782608808563161	-0.00039769533857104
0.00578118608467962	0.00182557398858803	-0.00652187514033381
0.000905911210986161	0.00610367012767409	-0.00720703525678389
-0.000965441015336539	0.00581121976585467	-0.000754635545135182
0.00494355089926191	0.00241738894048116	-0.00716659857226219
0.0064969872826928	0.00101572854840193	0.00533435005482637
0.000244899189332334	0.00808634148518481	-0.00335790060819072
0.0071282888728328	0.000407174090640052	-0.00512696773221202
0.00549537712759966	0.00214576611912542	0.00683760851403007
0.00542842432792096	0.0024210116114043	0.00741297923131069
0.00600748059190916	0.00135990089851594	-0.00565182430950077
-1.38247975367672e-05	0.00757135241300234	-0.000113868148559171
0.00315910496246648	0.00540936356802906	-0.00919074309117903
3.55548524121882e-07	0.00715958340315084	0.0034405124632441
0.000606484513934995	0.00613277369601743	-0.00624219051897784
0.000546127085166905	0.00469062188560094	-0.00676232141010464
0.00593578536511772	-0.00101085165734617	0.00152524360267958
0.00068330792184526	0.00524390914639203	0.00612833263114377
0.00600492949367233	0.00162400982930898	0.00627584818233097
5.48083245709107e-05	0.00777907701723046	-0.00214810838503165
