-1.80417020241085e-22	0.00570879078185006	0.00211168889810711
0.00526365460189221	0.000722040699864721	-0.00766187424806921
0.0078234818364516	-0.000297399789209044	-0.000973456256915675
0.000581922511950538	0.00677393943477333	0.00561996691833991
0.000477153782514979	0.00792071964161443	-0.00481849238140994
0.00612941891328799	0.000891205417381495	-0.00511477473592027
-5.27944840658781e-05	0.00760065336583981	-0.000467605003122024
0.00603509661585685	0.000947574178299267	0.00663493758723052
0.00531825022172664	0.00138097991841099	0.00702358695755972
1.82694845452379e-05	0.00701120718688103	-0.00264451675528939
0.00698152990459297	-2.24879855118103e-05	-0.00208641261704982
-0.000100079165773688	0.00664450244135994	0.000820751372604132
0.00453487931458842	0.00247072566721211	-0.00678752833719433
0.00586809519157855	0.00129431563202255	0.0062470513107988
0.00038062960853465	0.00798264732192846	0.00436043913855598
0.00730914162514096	0.00124054750929493	-0.00614259220416662
0.0005168967246459	0.00764642074382299	-0.00446000168939714
0.00711556006672916	0.000460431183344692	0.00527997700641751
-9.67700743248633e-05	0.00738720904433189	0.000802571244151406
0.00670109531029176	0.000648212394620759	-0.00418003126167178
0.00642395709857868	0.000800253440601115	-0.00476732952045629
0.00604388963690242	0.00149327835341024	0.006154445844557
0.00794883381661066	-0.000845810349714783	0.000350882790936621
0.000645387818921534	0.00759671053020021	-0.00609449754215892
0.000723488553969155	0.00498742863915538	0.0070208015549757
4.6037095876019e-21	0.00679244235856299	-0.000872479970855328
0.00621196471239275	0.00174879361684654	0.00668409128769336
0.000259717663356655	0.00736174779749792	-0.00269761186049549
0.00538001915706237	0.00186030646329057	0.00644244519843886
0.00493059997909613	0.00192236608094423	0.0069196813544335
-4.62607269056588e-05	0.00745987696239961	-0.00195669022673762
0.0065979019623515	0.000807973062364247	-0.00531720230172005
0.00581352142889694	0.00129764434868138	-0.0064926856141499
-0.000180231442589403	0.00812133604983673	-0.00158217188401323
0.00626401286929014	0.00135299833550376	-0.00652870836361567
0.00107188563050836	0.00655478677980167	-0.00775673059925308
-0.00104883649384305	0.00723338162269613	-0.000601497361810257
0.00528948261993244	0.00180547522948424	-0.00607693407917623
0.00572600192408387	0.00147888662002266	0.00564700053688374
0.000299560340046823	0.00766960236110785	-0.00279507566550065
0.00688354282776069	0.000750680485102865	-0.00481414872638382
0.00527053821762189	0.00185603662230848	0.00677539531313095
0.00526826485684052	0.00217244826445491	0.00674186893018586
0.00606627459107508	0.000924078058600581	-0.00493815722639759
-0.000123245974670256	0.00737651648327305	-0.000883426573331856
0.00294484827526396	0.00479004626578133	-0.00784701446365844
0.00017658722955561	0.00719427440584347	0.00240537784753989
0.000618757939387829	0.00741070008483478	-0.00712808003965509
0.00124567602917873	0.00602806032512906	-0.00768406446062481
0.00682849642867586	-0.00113328886888483	0.00176540153886782
0.000392993847742829	0.00649803591465704	0.00622843761445182
0.00555044207319923	0.00136385272747785	0.00641487644439546
8.21786203317026e-05	0.00724341867930075	-0.00189759299786122
