2.73789261755182e-22	9.64021134707657e-05	0.000430943467538363
0.000136840260043389	-0.000159893814946568	-0.000388682395332769
0.00440349568264626	-0.000161785924026997	-0.00114976678287394
-0.000444479563244861	0.00552404591363226	0.00381639870287373
-0.000504689300653126	0.00736587150579022	-0.0054796333009174
0.00784064505996834	0.00200737103929585	-0.00757310243757099
4.1200339803628e-05	0.0094791368303255	0.00224552143099572
0.00796052721716609	0.00187355238173731	0.00658356038593003
0.00692360728366282	0.00310491929806683	0.00822667901682453
0.000497141847015427	0.00927242528887597	-0.00371488027115756
0.00984046257866784	0.00038197808932747	-0.00276702844252654
0.0001407652761682	0.0104118968402109	0.00156725936239324
0.00617115661316186	0.00422609857260275	-0.0101767200659987
0.00838227242588653	0.001367980188066	0.00637814792889365
0.00157924608702727	0.00820291337840936	0.0069953955411251
0.00731245421747266	0.00238594019203075	-0.00825661274884773
0.000282436843218871	0.00951826134202951	-0.00261642667521151
0.0090725890941003	0.000636709677392165	0.00389023218897074
0.000158147939309226	0.010106268313182	0.00140665173862462
0.00897453092239112	0.000823566285331589	-0.0058020474523644
0.00840791202316344	0.00117957172057011	-0.00658883525456479
0.00697537061925084	0.00123001901972063	0.00675962496056537
0.00602620813247795	-0.0017389479954058	-7.82927730905473e-06
-0.000483009369903955	0.00478040447464718	-0.00290846351434318
0.000146955618973315	0.00132122556713761	0.00195002903815109
-6.4062797734154e-23	0.000258292104829047	-0.000313367383345461
0.000162151259064645	4.62824703799883e-05	0.000175485304577243
0.000181585486138118	0.00971561602300273	-0.00344065383130216
0.00704349701850089	0.00211733151547278	0.00840862261373768
0.00650039451045913	0.00363676312625833	0.00933240788590071
0.000396288397182894	0.00998119329411088	-0.00260051331561454
0.00736086703832232	0.00263643183845488	-0.00827216807288884
0.00702231283990242	0.00243033490794963	-0.00765374507820016
0.000238997383658004	0.00951858450169293	0.00125923684265903
0.00651091435059559	0.00288279224049802	-0.00846300155841078
0.000369593348324341	0.00223005550918169	-0.0028324918872774
-0.000342893226052664	0.000198615667583858	5.87218265135314e-05
0.00516756655531309	0.00299845338300475	-0.00877847464664686
0.00838548228930106	0.000861973049978973	0.00640378825090545
0.00012362177901276	0.00933189253450287	-0.0036275044095278
0.0074791090368176	0.000425596025412235	-0.00662894568487183
0.00712143165935136	0.00284955348900024	0.00864415324316286
0.00691995378730738	0.00273791951101132	0.00906785758723221
0.00730063034631442	0.00210177788235317	-0.00800625839262968
0.000140997921809733	0.00955086012665271	0.000965159132111328
0.00256201400126631	0.00456626882996365	-0.00832243506839452
-0.000367001812419183	0.00773784330189143	0.0041621607215395
0.0001591005568324	0.00247381013067022	-0.00262063917024433
0.000473309122292172	0.00353418656615906	-0.00583172798471097
0.00185597517276698	-0.000233197393885592	0.000582027953472557
-6.07923137716043e-06	0.00363171316797047	0.00368104356955266
0.00799737952274477	0.0021438300726524	0.00749040074327553
-2.2248555295023e-06	0.00956401460977909	-0.00260101164822375
