3.61709303705175e-20	0.0169456333184191	0.00598744488959503
0.0122491352875078	0.00235147044669927	-0.020684420049183
0.0140115574373349	0.000741681497842314	-0.00159454789482827
-0.000714595798627564	0.0104940281667363	0.00685020501002128
-0.000260670983603932	0.014096091247657	-0.0120761724708994
0.0123905254616335	0.00291651747133073	-0.011875176968956
9.13834985857982e-05	0.0157123377232531	0.00301332377971998
0.0133176202262258	0.00274928703940126	0.0121228277558201
0.0117617196700489	0.00452017019119911	0.0145166690051674
0.000496908061451469	0.015849463833205	-0.00596736058682067
0.0166535330664397	0.000422700117988733	-0.00507451878432812
0.000106187890918943	0.0176348750872432	0.00250007836663137
0.0109514254499559	0.00691381459867138	-0.0173257666033189
0.0135932569982527	0.00221668109676821	0.0111517580226288
0.00237868668185003	0.0141845030748703	0.0116762041690486
0.0127161013202987	0.00408656804631513	-0.0143360947610919
0.000447788380250721	0.0163726250686113	-0.00511342676202668
0.0152703601062137	0.000926144621147879	0.00758517880348681
0.000156097019933239	0.0174253977841779	0.00230619690793401
0.0146703448805374	0.00151084649332833	-0.00976511571270956
0.0138606078983783	0.00190802544987513	-0.0107059930485968
0.0117830545984908	0.00227962421312072	0.0115750561568472
0.0119466136069685	-0.00411045208148539	0.00104107813492002
-0.000878312057304015	0.014464441172526	-0.00979156827098148
0.000538795612466832	0.0114143291825675	0.0163515630488047
-3.57606168054812e-20	0.0192253410361522	-0.00236531883777919
0.0149380706400474	0.00410063993019878	0.0159070922529164
0.000361525187065152	0.0150608299271338	-0.00531063721133791
0.0112924001607013	0.00333312022449828	0.0130524792794969
0.011198428415833	0.00566692766134395	0.0159803334277251
0.000397705753347841	0.016622979066693	-0.00412797706051151
0.0124729321175656	0.00376380232071086	-0.0133742707326632
0.0120455898218322	0.00371233280454515	-0.0135592492862903
6.48730530201736e-05	0.0163209927533013	0.00118437118349102
0.0114398464785275	0.00433144964656907	-0.0143844656018336
0.002502025104494	0.0150608327402336	-0.0178866023014519
-0.00282969310155034	0.017827822381265	-0.00393993002579876
0.00862495518538437	0.00480892054923444	-0.0138810133181507
0.0130999491946587	0.00183537637672887	0.0103839900716022
0.000416154799586287	0.014858150974018	-0.00624036891015076
0.012827694453698	0.000374046419415202	-0.00947076883943132
0.0116834113544462	0.0043727485542683	0.014301765505929
0.0106727035810101	0.00464248113091357	0.0145048084286462
0.0119486722021215	0.00332113457952549	-0.0127133206723216
6.76100689470896e-05	0.0157547750892926	0.00100813479757779
0.00497191193709075	0.0100498302983596	-0.0169992317550218
-0.000132392179972033	0.0127892508312291	0.00702708987993852
0.00171918023342441	0.0157065598318083	-0.0167806628467733
0.000501084882595462	0.0107191109967889	-0.0164284046682039
0.016087117553477	-0.00323699841462184	0.00402490088452791
0.00145412897872195	0.0106799198090846	0.0116866978588308
0.0129414191927473	0.00321464379209262	0.0128382894274837
5.18556706204982e-05	0.0152532846785772	-0.00415177227414217
