-4.77522662073457e-21	0.00725100972570456	0.00333384460775005
0.0056305574758837	0.000680081459702795	-0.00920324033258047
0.0116769267818156	5.65698561774763e-05	-0.00171123744757921
-0.00131774131026844	0.00820329646329382	0.00714620199467379
-0.00108275414616439	0.0110713808984031	-0.0114470796112801
0.00478218414897709	0.00172107118281933	-0.00471245149365916
0.000137694429769413	0.00241757962523101	0.00292537845363644
0.00198626937843909	0.00118093334527674	-1.2903741883479e-05
0.00134239677927994	0.00197886476957135	0.000867147742065211
0.000794668414256881	0.00156206474163	-0.0017694016217253
0.00223623401902071	0.000381149920000171	0.000929707472557323
0.000235840463546851	0.00227482049751566	-0.00033917706519501
0.00119895484789972	0.000796528533414234	-0.00175477842863092
0.00308953525498053	0.000447881555993778	0.000802096715072571
0.00102691560625278	0.0010895643175031	0.00154464187873876
0.00091077441789309	0.000785325966762262	-0.00089204701965537
0.000366778410085437	0.00161014746019765	0.00102750968875393
0.00200548021533337	0.000382125987051008	-0.00103898015493895
0.000243480884616471	0.00186415096334276	-0.000672429115786021
0.00318575060395136	-0.000299304836673045	-0.000730352781318046
0.00310600520970622	0.00014817961489822	-0.00166608190995844
0.00696140924162585	0.000892377057925316	0.00650045810428775
0.00920201239528052	-0.00443668880936434	0.00145409951473012
-0.00113737977024659	0.0120566911293739	-0.00763457651961658
0.000469517174031181	0.00667307927535523	0.0097644832146884
-8.90951078630546e-21	0.00844355572980812	-0.00155422172225939
0.00662838079968162	0.00177163261941764	0.00698162800402366
0.000165084610639022	0.00518280814374687	-0.00316767157637741
0.0037792794376661	0.00130397181968962	0.00545701827740976
0.000803412957878314	0.00181404489541164	0.00188068232709631
0.000774798805760942	0.00278926148335814	-0.00217474660651866
0.00109306690400727	0.00209815653758526	-0.00268699333692259
0.00142131751209118	0.00106647564567486	-0.000434057571141609
0.000819802982226676	0.00157186407468736	0.0019677878448801
0.000608982276658864	0.00153083923935096	-0.00165522125935708
0.00153466304955364	0.00975211659105613	-0.0114441154398427
-0.00176579832241031	0.00797429423991881	-0.00139410729604246
0.00281840642967589	0.00413439417455562	-0.00994872245666614
0.00546188989823027	-0.000908046332626981	0.0019704909267344
0.000186194130629802	0.00958694609211216	-0.0057631753596337
0.00729820993745769	-0.000748850709694339	-0.00641204218108803
0.00212707516965439	0.00157980714395995	0.00271992714026484
0.00302816279437166	0.00226295908768154	0.00604198202029376
0.00288046649577973	0.00169827077997551	-0.00484920073467344
0.000535263368946433	0.00309209698708534	0.00179271640275091
0.0034767791838251	0.00817305631491058	-0.0141392226021583
-0.000782817798985372	0.00607482876329765	0.0069762595874577
0.00124226993557658	0.0103659402348577	-0.0114038456152481
0.000538585737805785	0.00943512141807339	-0.014362976920872
0.00944689505154305	-0.00167636279288456	0.00254033694411459
0.000499840055683677	0.00906377483453586	0.0102482934317278
0.00328590411220899	0.00135268234172575	0.00195726176919329
-7.47764470995297e-05	0.00559458555267499	-0.00233557702554374
