2.27548833580852e-20	-0.00994030582046618	-0.00362801720499521
-0.0100755270637269	-0.00161833815442949	0.0141024612731561
-0.0125644315506646	0.00130118481723546	0.00099676870312521
0.000952941755546688	-0.00668727788386473	-0.00669348526059409
0.000942858099037253	-0.00603171366712766	0.00734142726213731
-0.00215617013862255	-0.000905019945495502	0.00249541457682337
-3.5688101807838e-05	-0.000485965817051187	-0.00128075991136277
-0.000391213315540996	-0.000317131153435668	0.000368590343955442
-0.000111353008084835	-0.000636462631938189	9.97968227845407e-05
-0.000275231695923788	-6.93831562797866e-05	0.000608745636866625
-0.000266152945010311	-0.000135033793624018	-0.000677596954481022
-7.66046133525742e-05	-0.000151402358798115	0.000304227247960246
-3.10606888428251e-05	2.32227619424125e-05	-5.72746687957035e-05
-0.000931919027187351	-2.34214833721316e-06	3.70767098720953e-06
-0.000223342832022863	-1.2307326052082e-05	-0.000237745311482531
1.49859707521938e-05	-1.99045028154576e-05	-7.9375914333027e-05
-5.45586365450584e-05	-1.87513991337091e-05	-0.000413372806556796
-0.000307321399210899	-4.75744224242671e-05	0.000643557229792623
-6.84746511713108e-05	-4.49121505462746e-05	0.000393283568972708
-0.000898667833062024	0.000228842476678878	-0.000133918907496561
-0.00105257433931346	0.000183196367513495	0.000451419996348115
-0.00466346623869755	-0.000566869340860908	-0.00449063192946361
-0.00790601029014858	0.00334483808822703	-0.00227177979799757
0.00100145914923363	-0.00813503489217644	0.00476756690573325
-0.0005768277213302	-0.00937311922349466	-0.0112674650131997
4.40511507508033e-21	-0.0118690601626222	0.00105907155492687
-0.0122473980779426	-0.00343961639590938	-0.0131647441342656
-5.06013765132339e-05	-0.0017741833480442	0.00152191259993585
-0.0016569415140059	-0.000381011471633082	-0.00290290546500763
0.000135543799858404	-0.000532089544856573	-0.000174086084207706
-0.000303470238081689	-0.000519871729493006	0.000831825145516031
6.44649383552392e-05	-0.000653290029959264	0.000587306355878494
-0.000175599835224009	-0.000229999081639441	-0.000233936102974969
-0.000298331079902129	-8.92778321932442e-05	-0.000699960709562404
0.000144182267081098	-0.000435772281392553	0.000297478769225706
-0.00103560550162512	-0.0107328950704809	0.0124298587124454
0.00166289399638671	-0.0139559268237519	0.000653824033391961
-0.000718739797801527	-0.00209699228749339	0.00457799098438853
-0.00267127170969854	0.000800017659651955	-0.00017373133191128
-3.91524015390134e-05	-0.00450284713371702	0.00285803589956721
-0.00485009704177366	0.000988605880260358	0.0038552247364349
-0.000463011648638996	-0.000578669998680203	-0.000795776355387259
-0.00106239509812879	-0.00119968455309471	-0.00328525720520712
-0.000708972349754494	-0.000677080662497633	0.00181548061073275
-0.000136235427857995	-0.000921006457299093	-0.000926868032862119
-0.00171867179895982	-0.00505054086455597	0.00822917305793034
0.000553553250778255	-0.00336499768480167	-0.00539424591817604
-0.000700205528955511	-0.0109719804173205	0.0124263587877839
0.000195808839235376	-0.00596251576069428	0.0097380069775914
-0.0118973383661104	0.00191964190887704	-0.00208899767140859
-0.000290306908575941	-0.00931928462880087	-0.013073777457982
-0.00113209717314751	-0.000442368950715586	-0.000592718124294623
2.45251682045982e-05	-0.00265150487766276	0.00159532330072906
