9.9315682631581e-22	-0.00610071526938569	-0.00245117542363483
-0.00608407897332684	-0.000826307963633104	0.00873778400214091
-0.00854484593636898	0.000864738580755324	0.000935537430825373
0.000875724064694511	-0.00500389198892378	-0.00486018993227002
0.000799521553120521	-0.00481523314916433	0.00584009791487933
-0.0018314722645796	-0.000723368765345954	0.00215424238954272
6.22759407222636e-06	-0.000398027280599966	-0.00105220199551217
-0.000302206763273184	-0.000187147186169397	0.000258443555032964
-7.40349586873142e-05	-0.000443498725119336	2.22724207708435e-05
-0.000184583114737297	-4.50253683151596e-05	0.000442124299817248
-0.00016029573830404	-9.46335904526567e-05	-0.00049872508659793
-3.34333066740512e-05	-4.12279059894704e-05	0.000149894117358727
6.92164509680221e-05	2.7252180996249e-05	-6.93462439725249e-05
-0.000762124296071791	4.95219556856275e-05	-4.10896614835389e-05
-0.000108601692028598	4.27511164133559e-05	-9.04231163856759e-05
5.54603869550667e-05	2.92028340386382e-05	-0.000132910104467787
-1.73689579874385e-05	4.18380283924446e-05	-0.000325208470481633
-0.000208232074229444	1.44547783710597e-05	0.000473504263471205
-1.93360891008156e-05	9.2857485944126e-06	0.000268555752599329
-0.000726644832854234	0.000206739117800343	-5.31137350193721e-05
-0.000865959973472656	0.000179212707372681	0.000435086251170826
-0.00373432945869178	-0.000407509732132391	-0.00364090210399817
-0.00580923999421447	0.00262959652554116	-0.00153220939044295
0.000863156335692312	-0.00606505942352687	0.00359638110922029
-0.000256827345480592	-0.00593394241315308	-0.00743428817224795
-6.47304316388338e-21	-0.00728421878291528	0.000839515422846507
-0.00743161436187661	-0.00207301379569586	-0.00796583267092627
-4.2265735459832e-06	-0.00154980775958176	0.00131143785772235
-0.00138602164791376	-0.000303990201835251	-0.00248684172752123
0.000116580636346504	-0.000343651487637568	-0.000153243899707705
-0.000204788180725131	-0.000434459045378835	0.00067490995152576
6.94614539301099e-05	-0.000530891605850141	0.000548232442116592
-9.11626489697818e-05	-0.000159571285007838	-0.000166098104985308
-0.000220433974742298	-2.06905866731784e-05	-0.000527831709123911
0.000133389399418473	-0.000307205080299995	0.000255081159902805
-0.000683879148758065	-0.00710346969144368	0.00844281630201958
0.00123688855636314	-0.00847776037574977	0.000432601514832999
-0.000614844029489225	-0.001771830314118	0.00392575217737867
-0.00226646033993409	0.000683450577130936	-0.000216418947339991
-1.67679131127501e-05	-0.00378106314182361	0.00243442644823212
-0.00389669663266595	0.000789336842609472	0.00321506498605481
-0.000396615494503779	-0.000423299695788846	-0.000694125983882284
-0.000938384868913995	-0.000977289762875031	-0.00276449158776058
-0.000631864896428797	-0.000560627620167755	0.00160708153386479
-8.34463501320188e-05	-0.000770241728237068	-0.000810703895112712
-0.00134350633063265	-0.00398538267201731	0.00657995765369477
0.000521690770399178	-0.00275028750031498	-0.00432166268357973
-0.00034058405538154	-0.00740842187668586	0.00840558044163806
0.000181696344399405	-0.00445656497526006	0.00740005871630285
-0.00764114267668713	0.00135350261961073	-0.0014878223016422
-2.56648272364456e-05	-0.00643070567008961	-0.00880522242304388
-0.000965405657567401	-0.000294337828986731	-0.000553207572269993
8.15699841173815e-05	-0.00224545252828	0.00136112398419075
