-2.46214682455723e-21	-0.00682342485296011	-0.00246860336004064
-0.00658476627511456	-0.000973379739703133	0.0093496669461433
-0.00381151041988173	0.000632415628132052	-0.000523911934453713
0.000917917073888038	0.00159217919806382	-0.000310267928749479
0.000548993941201803	0.00342202975438206	0.000489804108963136
0.00651561050865496	0.00133250039156095	-0.0057878965608165
4.22797834485852e-05	0.00934237022342509	0.00072394770747398
0.00775846170668621	0.00174041100618072	0.00720434479356472
0.00695453976035164	0.00254316400230986	0.00832747262819134
0.000308606050583115	0.00918738750017012	-0.00330068685461223
0.00944022540631273	0.000261260680718131	-0.00310227667131299
7.99768422112545e-05	0.00978796394875361	0.00167649969651477
0.00589045140679094	0.00401659864333559	-0.00973880695300152
0.00768919580292025	0.00156417522866901	0.00678449706692457
0.00120357611411923	0.00878164669636439	0.00628422383702694
0.00793137057822788	0.00209314394623867	-0.00788413580103053
0.000481550674844838	0.00947256754679987	-0.00376051987871227
0.00893234363672811	0.000763260900575787	0.00498876368259718
8.82681217619787e-05	0.00982145941090466	0.0016205972896808
0.00841172086286351	0.000963697849773093	-0.00568263613002974
0.00785921450346818	0.00131459556789077	-0.00621453732710377
0.00414050892079128	0.0011676317800266	0.0040170203089312
0.00147110016610618	0.00147934844180359	-0.00156696725032833
0.000881086423565407	-0.000924910537156568	0.000454647507920713
-5.76073292826326e-05	-0.00461841994072774	-0.00609453869323898
5.330384697316e-21	-0.00803637081598311	0.000835692061537473
-0.00793234126285922	-0.00220435819786151	-0.00848930511966214
0.000225176679028216	0.00842003287052988	-0.00253957519359592
0.00606901453172205	0.00200898959367784	0.00651856026679656
0.00654643941094424	0.00311212684700915	0.00900294990345249
0.00014872493417177	0.00950300148799781	-0.00206980715607525
0.00774919962439459	0.0018941522156582	-0.007461450615557
0.00716069688313884	0.00223815468062002	-0.00791606855602022
5.23428946547728e-05	0.0097094754201725	-6.10132393616416e-05
0.00709226068087985	0.00242818894588059	-0.00820487508521528
-0.00040757656057973	-0.00498556759592714	0.00606063020667222
0.00115790055228205	-0.00910678985347935	0.000574183412996803
0.00499427929589726	0.00127894835145404	-0.00507663679391495
0.00650370884470348	0.00163801970637474	0.00645099274986938
0.00016425961615652	0.00607478700327277	-0.00150003546366086
0.00466458190286749	0.00127665604516896	-0.0037441130693371
0.00681819275661158	0.0024929880115771	0.00819144924440217
0.00618375930813161	0.00204101777344146	0.00705038039528322
0.00694055498954326	0.00148885129813456	-0.00638731524150223
3.76749993150659e-05	0.00909647165562824	-0.000153947879916335
0.00161942338424108	0.000943275275879495	-0.00205245722423448
0.000313538339698743	0.005827992091666	0.000279402408484747
-0.000268388087457112	-0.00508043742430103	0.00626722188363722
0.00117873495860386	-0.000814357480769053	0.00185989744040578
-0.00620130512836717	0.00134518301910717	-0.00137579707855294
-1.04551533307525e-05	-0.00232208658274126	-0.00505173703151066
0.00719728042383373	0.00192566268466243	0.00730028670780896
0.000162455139752022	0.00792987285076372	-0.00158124274027534
