7.11658420417723e-21	-0.00692536871301116	-0.00262135418957373
-0.00686473073739237	-0.00101093364137281	0.00976645218588121
-0.00777023468674989	0.000834236212037916	0.000598425857627742
0.000740682167053353	-0.00392289860048897	-0.00416486499664366
0.000543386252758332	-0.00351051283417989	0.00464763411077851
-0.000893252644284131	-0.00037885644034986	0.00108475874586745
-6.08931778840039e-06	0.000242092500692268	-0.000523003279961025
0.000211420466270915	-4.98590827441233e-05	0.000496755598575567
0.000324209002174999	-0.000152168184538557	0.000471107624891377
-0.000131739834767536	0.000509252956667396	0.000149944843834908
0.000453019509250656	-4.17499398372292e-05	-0.000592716500397365
-1.33792362244551e-05	0.000597443611769056	0.000303038912777219
0.00037245454801295	0.000331136450229534	-0.000673634302159495
-4.69819952717726e-05	8.07451681336343e-05	0.000299738838303056
2.5657912627905e-05	0.00037911188796756	0.000328497560246199
0.000343853820251199	0.00018448761338332	-0.000532603210317618
-1.4720369302616e-05	0.000537931892708788	-0.000261587823478265
0.000330308288382995	2.18232693983159e-05	0.000480163246137343
2.08868647936991e-06	0.000579024353854732	0.000350317311065712
-1.12264822975769e-05	0.000188165226349532	-0.000427000079307272
-0.000144145926730873	0.000199098808389498	-0.000137928607901652
-0.00245542155836446	-0.000239348293987761	-0.00237412232554983
-0.00462208055653379	0.00217442525411327	-0.00135147720404028
0.000673073623045225	-0.00526514244253052	0.0033302362810765
-0.000251298929497794	-0.00611699382685811	-0.00759592407607976
8.93625656388321e-21	-0.00821307579492022	0.000846139360874774
-0.00836248050708341	-0.00232952986345101	-0.00895859368758843
-2.46098383397522e-05	-0.000561304015295448	0.000781998874353757
-0.000579207696527435	-0.000100678763047339	-0.00137214127624635
0.000473374514401326	-6.11418011186812e-05	0.000436898210990871
-0.000133222995614449	0.000265281053794294	0.000382640359584517
0.000429862101500941	-0.000175128167952691	-0.000155163297629566
0.000282484295509617	2.4984274341098e-05	-0.000565416202661218
-0.000145288461305869	0.000468095958041669	-0.000192274352287909
0.000387678624315579	-4.55013323842342e-05	-0.00030365729321593
-0.000644271821833394	-0.00713334408962312	0.00838643637834023
0.00125958342335198	-0.00953932408718433	0.000543284303154386
-0.000204456380806891	-0.00119815647990697	0.00243122876849051
-0.00113047571254235	0.00051940157177004	0.000226486476833938
-3.00128381309243e-05	-0.00240768607586948	0.00173501743151205
-0.00255374448198802	0.000622874363720767	0.00208593361020422
0.000150365129973024	-0.000164375565516801	-1.6667604088786e-06
-0.000273897660016313	-0.000552684928630099	-0.00141709860725059
-2.49970700775608e-05	-0.000274354230905694	0.000624003762033783
-5.21865367412884e-05	1.38024850924578e-06	-0.000419893143098406
-0.000924365962236063	-0.00306719562998077	0.00486310021201443
0.000406140811119956	-0.00170833647671774	-0.00306492760724499
-0.000374597188388342	-0.00735521674724025	0.00839855912617348
0.000271231999076722	-0.00393706988565443	0.00625432767039917
-0.00785293396720426	0.00142564860435527	-0.00147016334699202
-4.43520463915464e-05	-0.00577675080765237	-0.00817108986617487
-0.000195332811347675	-0.000112299873099347	1.47577129492204e-05
4.1528282640613e-05	-0.00104140019430246	0.000831279542964794
