-6.00686711198579e-22	0.00387390169117327	0.00167396796565936
0.003361252924715	0.00032744003836415	-0.00508026717116609
0.00529358967147959	-0.000286143493440226	-0.00074992030464696
-0.000107229346454741	0.00531803004415626	0.00367867665143265
4.67201800629879e-05	0.00734392802458392	-0.00526354087324558
0.0100225150474844	0.00245299763420091	-0.00981342931693953
0.000125452423518823	0.0142739862063734	0.00250116429435603
0.0123231040579587	0.00244382446508114	0.0111598706946351
0.0110739948177016	0.00395534960775552	0.0134042958838262
0.000335930804794601	0.014970052645252	-0.00488311361988384
0.015471227558979	0.000505201101831148	-0.00572348376160792
0.000141278472137555	0.0167999405699072	0.00341243856301736
0.00977154466433435	0.00710386124389296	-0.0167614913393382
0.01225304654758	0.00201646964698201	0.00996598841501849
0.00221279583063604	0.0129083767554809	0.0107707180362995
0.0115781352854024	0.00376570922349002	-0.0132153479451931
0.000364231305482424	0.0150729082753899	-0.00464138247614569
0.0140384189412675	0.000874631610071622	0.00704919050175788
0.00018342033510849	0.0162009118715271	0.00320555965864714
0.0130071555797356	0.00169017301564395	-0.00941509246230897
0.0122493110395994	0.00202634343421468	-0.00998080466526224
0.00784051009636924	0.00155365343753996	0.00756367001408778
0.00604592201254334	-0.00139502488580408	0.000106343970825775
-0.0002315479395352	0.00490895026344625	-0.0034068355674047
0.000207097930658453	0.00332061008337769	0.0048181134682509
-5.47264390499321e-21	0.00446575926786736	-0.000733900003048976
0.00400589399454675	0.00110321259815606	0.00427121211810054
0.000256365252274258	0.0123874630734719	-0.00350544052211537
0.00947006013621621	0.00270434568414058	0.0103650403479565
0.0108185832633564	0.00493448506586522	0.0147632716650436
0.000209402082903879	0.0150609624005372	-0.00280679451431438
0.0114531661835667	0.00334344375942843	-0.0121939620342826
0.0110453326032129	0.00360065336570968	-0.0128035826539266
2.24678834581963e-05	0.01499114354128	0.0012020540648859
0.0105443372956144	0.00407686545559376	-0.0132913192539184
0.000581859816516264	0.00431647757797892	-0.00542024207126108
-0.000870828281623646	0.0047108494235916	-0.000388328931072112
0.0067640565839954	0.00299308836520715	-0.00921866923439876
0.0107400562322457	0.00192360002978567	0.009045075449091
0.000280717413154738	0.00989881215170453	-0.00355565007806468
0.00843513719707459	0.000803361805815616	-0.00638809850287321
0.0107528823511837	0.00368774815592137	0.0126275620033439
0.00913009262779313	0.00350346180238676	0.011471533690326
0.0103008055970278	0.00277927451547231	-0.0107160297644264
3.48688067722358e-05	0.0141335948916437	0.000882887738073451
0.00248517178884039	0.00470663272079416	-0.00799704227448214
0.000123468687581291	0.00912194256044226	0.00356163134866603
0.00033531584089686	0.00459869681195687	-0.00504131467210754
0.000308819993310831	0.00359852311792692	-0.00548932342393814
0.00464638072905458	-0.000948680464616246	0.00129527735600908
0.000155336131066582	0.00409231521887409	0.00463619925501966
0.0115647254457328	0.00278699152011825	0.0113278931366394
0.000119783609932062	0.0125148939979435	-0.0027467835921128
