-2.36687133746461e-20	0.0160215164879983	0.00539844464242336
0.0124228697423832	0.00245017590944313	-0.0200399163713651
0.0246518435146845	0.000114763747630423	-0.00389370288070251
0.00181798959640086	0.0308759692247199	0.0214446782713962
0.00116120184287426	0.0393961968330307	-0.0230313240793703
0.0415245305402041	0.00793721888316836	-0.0364267016902989
9.78305974312854e-05	0.0526647736059434	0.0039555806368898
0.0436810247884535	0.00915976415358846	0.040727086806741
0.0389860517966702	0.0134205765705676	0.046290646637906
0.00170117989564976	0.0509099809429151	-0.0194048816945301
0.0521088804182312	0.00122198813824595	-0.0158832154337516
0.000379844330996823	0.0529825690422785	0.00868452688946196
0.0325377027128653	0.0206541657123817	-0.0523484744302902
0.0435041533315833	0.00846247401978227	0.0388198267866903
0.00595466217332968	0.0501765814648897	0.034487079728005
0.0459511282373373	0.00993746948544176	-0.0425004025631086
0.00303596348542021	0.0521078676956107	-0.0241633636303948
0.0499455871739642	0.00408675449699115	0.0290151433133781
0.000420572091526468	0.0536723483458032	0.00872499132617975
0.0476030600208091	0.00476503366121814	-0.030561104208501
0.0455102962397945	0.00616780289765661	-0.0342049857523824
0.0355453353725743	0.00790288297306087	0.0348881759122352
0.0346596673229954	-0.00376623230186911	-0.000787596590138313
0.00213545165696178	0.0275944353975546	-0.0212873846505925
0.00172722981156711	0.0144838774398125	0.0194703614634474
-9.93291950931354e-21	0.018667001348225	-0.00209333948448551
0.0148592381108852	0.00414267737223748	0.0159240695709878
0.00140114399472908	0.0504862425366734	-0.0168382605251925
0.0373395554035808	0.0117066098279025	0.0427972705320019
0.0363865353428392	0.0163915446321701	0.0492861403557513
0.000908334998802634	0.0529920358070981	-0.0124736771726106
0.0437386231170709	0.00911170349403969	-0.0397146573766794
0.0407339651145252	0.0114135735930031	-0.0438888590708955
0.000147239054219208	0.0546910042789967	-0.00248247327097654
0.0407375793647039	0.0124057501414692	-0.0456516617629936
0.00330669038204882	0.0204275888486017	-0.0224556329598124
-0.00259599702730526	0.017799102817814	-0.00323777900355126
0.0314666452723833	0.0120312683248583	-0.0398399643320348
0.0414421443391193	0.00765415702083657	0.0363249332557259
0.00125221679634619	0.0469945240316297	-0.0163765244876927
0.0396145710157066	0.00454076699904471	-0.0303298615378417
0.0384151075651712	0.0134929314962177	0.046000997051656
0.0368883703544931	0.0136363278928742	0.045626520623164
0.0406539089674906	0.00823163479240197	-0.0369911780645847
8.19365776911649e-05	0.0521168733159046	-0.000986123047777863
0.0154131106528951	0.0232022002501947	-0.0405668182823798
0.000499300179856495	0.0423243251231941	0.014663693412864
0.00257843623766826	0.0212922538988686	-0.0212787399175844
0.00465158040968423	0.0208701917077859	-0.0273054380608869
0.0194089616345862	-0.00296292973124798	0.00444304153711763
0.00173011097882752	0.0206125181187417	0.0188367496160138
0.0414584537384961	0.0104401970674298	0.0419916152813356
0.000625145663227238	0.0497073695292488	-0.0125876541382038
