-4.38981567815147e-20	-0.0172582248506937	-0.00558828028668167
-0.0177711348511682	-0.00337953428091949	0.023732485726471
-0.0291444917162703	0.00222362633713716	0.00284222034948636
0.000765837564556849	-0.0171832779936091	-0.0155903474518714
0.00185532764030326	-0.015454202350434	0.0164710788106463
-0.00594714986586353	-0.00237990584991743	0.00636165477275684
-0.000103286736585049	-0.00135171106432466	-0.00328672792554446
-0.00101542875142273	-0.0010419000194801	0.00115058229205598
-0.000342929633956596	-0.00177811211745067	0.000481572967951744
-0.000850735561845941	-0.000159549584109312	0.00156443109607783
-0.0007311279021234	-0.000362216958680046	-0.00186188828533797
-0.000205086042854247	-0.000378954252216543	0.000832242668425851
-9.5739923705452e-05	7.56054262981522e-05	-0.000142348757138537
-0.00243223790780072	-0.000189031584715217	-1.31475165702323e-05
-0.000601761019074061	-1.4402048576607e-05	-0.000616421631623483
5.40316431910031e-05	-5.74316304700091e-05	-0.000219782819060465
-0.000160166347184843	-0.000102071595168029	-0.00114974219670804
-0.000794227942530818	-0.000237643510555546	0.00172707573648735
-0.000192647025328528	-0.000131473866965762	0.00112060277412492
-0.00243038414483592	0.000569564318658953	-0.000227135636982441
-0.00288390139823273	0.000332673254209212	0.00109798100519965
-0.012538275747858	-0.00187036709931427	-0.0109928572787983
-0.0198736208723461	0.00584679857821322	-0.00518808137864217
0.00129196455369779	-0.0179470805391574	0.00901331114251055
-0.00178138941782933	-0.0183883080374999	-0.0207006084107104
-5.28157055468959e-20	-0.0205573345808347	0.00113090718809918
-0.0209216701151236	-0.00577277694471105	-0.022323343852276
-0.000126116445253879	-0.00486396341161889	0.00394552767379711
-0.00441624991900128	-0.00173879606468712	-0.00702746301299173
0.000336128701353365	-0.00144729968271194	-0.000448295932756117
-0.000842470566841638	-0.00147836441154321	0.0022696347318248
4.05876179202381e-05	-0.0018185836768059	0.00170866948983748
-0.000487818741604417	-0.000808050741398647	-0.00084773197197586
-0.000803225555354652	-0.000238821549031346	-0.00185886189683368
0.000369184390646344	-0.001242116782976	0.000589397609162452
-0.0024542238060602	-0.0219014060850985	0.0236444710389607
0.00227427156596392	-0.0243750260973892	0.00134918667770176
-0.00269511504254697	-0.00498385129521442	0.011198151520306
-0.00720737564823793	0.00203172973800332	-0.000551507173187301
-3.82694055272406e-05	-0.0115450614488364	0.0065279952657081
-0.0129764077436992	0.00188899772864094	0.0100127055540706
-0.00131706621233723	-0.0016597570827897	-0.00199089989094339
-0.00318367841014053	-0.00308004265885558	-0.00875792008861016
-0.0021235096253015	-0.00181796647920323	0.00491088481459592
-0.000550375946997744	-0.00236740712092349	-0.00233146672464273
-0.00520055911938894	-0.0121044938620795	0.0195878533423902
0.000893999584127331	-0.00895093628073254	-0.013928638846811
-0.00219827222620252	-0.0217006141127453	0.0251540869025417
-0.00109912740071453	-0.0126945131697746	0.0201104030859164
-0.0230732257437297	0.00279588879893601	-0.00330028294002939
-0.001700770885832	-0.022396608942067	-0.0295712133091072
-0.00294832303608165	-0.00137625547338774	-0.00138251071569206
-0.000294414853980909	-0.00716488689151294	0.00384901614386216
