0.011607915217537	-0.00768572726233649	-0.274243446840053	0.00385700014337499	0.0457261911937978	-0.000870555401942653
-0.908701709203354	-0.0446687847646002	-5.10224433162756	0.00765160318202602	0.0852096258049402	0.0072206557076254
-0.858032298529544	0.169688328455969	-6.85608837107642	0.00675802334457701	0.103141556478067	0.00939496895659742
-0.732661897100001	0.355562909629242	-9.17227617051189	0.00760664561641417	0.113153318413714	0.0160687413303522
-0.383078978558394	0.557616319395814	-10.6791887596717	0.00544436258614242	0.11688793052932	0.0150744515920246
0.0419917908611294	0.7331748057647	-12.1689523818786	0.00405179773235906	0.119519929086514	0.014468682128036
0.474534251185261	0.894114124860317	-13.4171462670421	0.00153385838817815	0.121314248322998	0.0135689970237207
0.841328212875561	1.03872823906507	-14.5875978160704	0.000106159493008633	0.122077015398122	0.0132498024331718
0	0	0	0	0	0
1.14295819125719	1.16926946108256	-15.6897330503221	-0.000362851918108908	0.121760834544066	0.0131653408658087
1.28989473372969	1.14533091438401	-15.6261869338568	8.21004377974731e-05	0.121875459224624	0.0133165387488102
1.25000528750225	1.07390691628895	-15.1122679984404	0.00135597685578323	0.119896745967735	0.0134929895652578
1.20931742882965	1.01654759265802	-14.6972545599877	0.00332888604589084	0.118097866593842	0.0138259133356928
1.29601189712168	0.992036321670769	-14.610067933456	0.00614436581044487	0.117006381723133	0.0142764908918371
1.56189893976602	1.01891424676828	-14.9766498176802	0.00903337147933944	0.117331789500363	0.0148585576639626
1.92833023963152	1.07088217526829	-15.5231104421943	0.0110803143161991	0.118232770410582	0.0152859137903279
2.4342655504588	1.13594490433925	-16.2709118917301	0.0126131131758824	0.118961933278604	0.0155811122642113
2.78446592033878	1.14963386637267	-16.633235124568	0.0129813790050629	0.118411935661402	0.0156307926419791
2.14056034866401	1.02469132927203	-15.3795317964251	0.0121608135829107	0.118894015104663	0.0155086411061438
1.47200765215756	0.886543050088426	-14.0757823898764	0.010187751066437	0.118806820936243	0.0150885867244943
0.796734393985225	0.731712939761748	-12.7269640107439	0.00713807683299938	0.11753152052654	0.0142071762629114
0.292253580471153	0.562390283234568	-10.6272721175274	0.00530991817863253	0.114774183106303	0.0130096469921643
-0.0887303349010802	0.379965127031562	-8.36814739396633	0.00252893077557251	0.110841260872253	0.00985430394995924
-0.29406645923032	0.191180307612046	-6.03318659031125	-0.00567915548729999	0.102525698822793	0.00369089357106367
-0.216896258308674	0.0472424765053234	-3.38900795011618	-0.00469742639688407	0.0828399740485264	-0.000750560080461382
-0.019845736410208	0.00213991126010964	-0.832354320784402	-0.0143558941341986	0.0412811358868566	-0.00216018503510047
0	0	0	0	0	0
0	0	0	0	0	0
0	0	0	0	0	0
0.963555832396394	0.869149175769088	-13.6423973287416	0.00687829607659112	0.11702333577441	0.0143798171035132
1.21058493752698	0.884424394700907	-13.9267335262866	0.00845664899352053	0.117835109478055	0.0146714702514906
0.781923535848923	0.866837304313673	-13.4517577352229	0.0047270027970002	0.117320322913266	0.0140872086045832
0.65624678644431	0.885287163166257	-13.5109216160756	0.00324335263631364	0.119166211654044	0.0139698365191081
-0.00673067687185738	-0.00357233073533437	-0.325138694350824	-0.0061481933946274	0.040125488364361	-0.000958034909008672
-0.174378128613594	0.53820533435909	-10.3927196828409	0.00538570583766939	0.114503157948547	0.0141057646402736
0.00410943122484964	0.540389578493558	-10.7095108898596	0.00504189254859177	0.113639259502237	0.0131250811113611
0.56128342535852	0.718662339314827	-12.5418453542282	0.00650727930370322	0.116341166768517	0.0142083106064223
0.18992346169445	0.716450240559718	-12.1369690342193	0.00460427491404669	0.117155260769244	0.0144565281095484
-0.412467336890817	0.332127389874363	-7.99996146074447	0.00481930890347745	0.108436063115839	0.0122505722061343
-0.643788028905112	0.0779496666049106	-5.88578176980739	-0.000371469619477584	0.0953935102971557	0.00452295078533891
-0.0827790634766939	0.0211360522227056	-1.84798223917743	-0.00246895320677689	0.0694863386551199	-0.00164166517554959
0.374583436079917	0.707903713718126	-12.1034891095061	0.0056916221948885	0.11598634101368	0.0143527528030697
