-0.039090016119577	-0.0168372573621161	1.13930380703556	-0.023190439851044	-0.226394588620968	-0.00447887982215388
-0.7080495076618	-0.0163188563441142	5.35353969366132	-0.0340099764632786	-0.503298924113584	-0.0109000958638162
-2.23806398733377	-0.0724274428109379	11.7217386854308	-0.0438752191479384	-0.730519666710075	-0.0174227950874856
-5.52150995037674	-0.0407814553014317	20.6235525144378	-0.0792046416827148	-0.945930119628885	-0.0281452356164652
-9.68442857938601	0.0163081543158736	30.3640985921856	-0.0649281697660195	-1.05878444116611	-0.020389090447028
-14.771008984196	0.149293767403803	40.6247262710644	-0.0660758136364539	-1.11128501291931	-0.0202540703960948
-19.8059241435467	0.296853718419333	50.390006004329	-0.054210331763723	-1.12935862314783	-0.0147027275970543
-24.5118705483069	0.446301884665859	59.2630952782018	-0.0510508687296417	-1.13486139381846	-0.0136194622976401
0	0	0	0	0	0
-28.8032147158861	0.585603384273446	67.2876229644418	-0.0520034739900374	-1.13601371453528	-0.0146150702292559
-28.6160330790715	0.577213092859261	66.5414194177809	-0.0529505666435666	-1.13329506003058	-0.0149609653149093
-26.5540119806651	0.509797162314971	62.493549359477	-0.0549282044473224	-1.12195326517609	-0.0159248009269882
-24.8873411212742	0.458289310865258	59.1791187703192	-0.0603663118399433	-1.11061957783948	-0.0186167611644418
-24.4199075382547	0.445931292985657	58.0281062346267	-0.0705459633568388	-1.10333539274589	-0.0238128273542609
-25.7573965406839	0.49034642139529	60.2252046288997	-0.0830138069772107	-1.10633603502139	-0.029921286838931
-28.0709132439882	0.568545304367201	64.1591348694759	-0.0916091041343495	-1.11140266334738	-0.0340757209315914
-31.2576468365388	0.684555612246183	69.3783945440702	-0.09682589458847	-1.11450560428624	-0.0366021653144004
-32.8039572301386	0.752713228254324	71.4531488528299	-0.0979066294603419	-1.11154752375488	-0.0372783331323662
-27.7258636558942	0.580613452149845	62.5872191076814	-0.0945164693731666	-1.11388226400257	-0.0352233853904061
-22.2896613000464	0.401374146193088	52.9542206116205	-0.0856936796758708	-1.11308425867211	-0.0307322770730802
-16.5584644911205	0.223394804432988	42.5168129877829	-0.0679319239474378	-1.09410355435685	-0.0226449834002353
-10.8739146512981	0.0631141929845227	31.7079364363589	-0.0484763115059765	-1.03644229806567	-0.015397206656651
-6.2220695345833	-0.0230643486830564	21.4867646738022	-0.0198762918789189	-0.893542818555263	-0.00759584521771721
-2.52406041928983	-0.0357590153105894	12.1175187537356	0.0628661080426587	-0.691589095875936	0.017211025585841
-0.721180619327461	-0.0396375926683431	5.25680287221932	0.0109957718992685	-0.476239623918893	-0.00241604496020689
-0.0229091151460898	0.0117783869771156	0.938566336828549	0.0670622058899355	-0.192247284087836	0.00481142280924898
0	0	0	0	0	0
0	0	0	0	0	0
0	0	0	0	0	0
-20.4607611592402	0.329662432176835	50.4380443750814	-0.0723407160983091	-1.10125037192987	-0.02447812001147
-21.4903461809175	0.367112676315329	51.9812491179969	-0.0782805522893251	-1.10661046085924	-0.0274777509806473
-19.9612936061584	0.310184073397693	49.8405188360958	-0.0645315449643296	-1.10247679446144	-0.0204056377394054
-20.1389244386756	0.312156003040887	50.5141340796864	-0.0607086217383589	-1.11428867409038	-0.0182623887182614
-0.0473226599657275	-0.00339005137225324	0.735837205597328	0.0254340406202186	-0.179275780714515	0.000559602365639354
-9.74784876755184	0.0329720941840053	29.9042286390838	-0.0551178613125049	-1.00596090132854	-0.0178972785765268
-10.1776611602678	0.0474404667411663	30.4083937098304	-0.0500583238901812	-1.00924345122564	-0.0164326361905211
-15.7081322957367	0.195214889060752	41.1969410073894	-0.067806758969127	-1.08312959789311	-0.0230402128392025
-14.7902420809751	0.157380493762441	40.1995242679711	-0.0646572812161256	-1.0888350604435	-0.0202437328523679
-5.12209012187803	-0.0312635525234473	18.9956964491716	-0.0488766951728397	-0.848197999335583	-0.0195772330617336
-1.64503766165745	-0.045347334719429	8.9519467954982	0.0178704016767057	-0.630862852110829	0.000927620840498948
-0.391105944061391	-0.0137297545746694	3.4148798631512	0.00129689268686635	-0.371784497044387	-0.00282722246645736
-14.9827706657585	0.167819157977046	40.2062598628808	-0.0684467997144453	-1.07224524450063	-0.0229126775990215
