0.00614060421760385	0.00013512647322812	0.252467081754683	-0.00771420258544995	-0.0573273744617012	0.0003599398934865
0.0766185009953685	0.00172903351813818	1.22940580150714	-0.010543176676126	-0.119247391202407	0.00262657352349576
0.0903529724008375	0.0282455846438672	3.38652003011445	-0.00995797229722442	-0.156987396597239	0.00263321247707583
0.0900647896095154	0.0501369674198734	6.27324591156078	-0.0125617019951459	-0.182009823184552	0.00256153933379983
0.152775766368162	0.075928520350078	8.87972862875329	-0.013621046034398	-0.188826329318773	0.00234601374645176
0.220724707038143	0.0979997702228326	11.3881359106459	-0.0169102696048774	-0.19015447901945	0.00220413519564818
0.292398154859143	0.117791749207178	13.6802173820854	-0.0206208491710809	-0.190739973947113	0.00209436647325571
0.390997277055192	0.135231699922783	15.5243031361382	-0.0239179474419313	-0.19244324403499	0.00218023274829178
0	0	0	0	0	0
0.503067044063825	0.148899818308174	17.039951583709	-0.0266185954457718	-0.195042643512441	0.00223537117612465
0.569669723650256	0.138297500771272	16.8864062841991	-0.0261220653196715	-0.191315894199066	0.00238756451193423
0.541256209076384	0.129350128646005	16.1699245892098	-0.0245068062306906	-0.188464198290691	0.00231617241025746
0.526302688498985	0.123201870663717	15.4911803330649	-0.0228355873926882	-0.186400045131987	0.00234244557453099
0.53469030824464	0.121266239687417	15.2527567582114	-0.0215042234455453	-0.184027251897072	0.00226343111734052
0.562459420219568	0.126237582110339	15.8507895935008	-0.0212531298259863	-0.181511326887804	0.0021764916076299
0.60673743798219	0.134401101724294	16.8585187637961	-0.0217630474348877	-0.178931375879331	0.0021129435477682
0.692631975536151	0.139927890217412	18.044894466078	-0.022655072551904	-0.175400562122988	0.00208795888923786
0.72535795302916	0.143563676341959	18.6853937173772	-0.0229084830860155	-0.172104585707368	0.0019764750351922
0.566197444355209	0.137795862980859	16.9046321370639	-0.0207768225403746	-0.174329321751454	0.00193916624711182
0.421427248660238	0.127461319052473	14.7995682594338	-0.0187777054282659	-0.176653892480957	0.00205764977265133
0.312647430379841	0.106476873593218	12.2477539493035	-0.0165356565979208	-0.179035369895654	0.00228193411956538
0.217346346657082	0.0827668325209032	9.46340114760591	-0.0125138061921215	-0.17967069758157	0.00235982471685002
0.154310738673562	0.054540746931985	6.5130884885975	-0.00643986753643995	-0.170744739997758	0.00248038259140208
0.116497885064889	0.028192686451358	3.59391867422666	0.0106904085358398	-0.148938698405246	0.00223426985005149
0.0567925180161122	0.0107183101468786	1.55401885549435	0.00534920855690326	-0.111991272892665	0.00128307075438918
-0.00116468721724711	0.00189456368814037	0.461228528239204	0.0185606142997071	-0.0481443169923933	0.00020461575833309
0	0	0	0	0	0
0	0	0	0	0	0
0	0	0	0	0	0
0.443109484987284	0.109968037785104	13.5870072989946	-0.0190050292434097	-0.182929524819086	0.00231308343626289
0.448495098282639	0.116353948959955	14.1700713772511	-0.0190133302684428	-0.180144756808678	0.00224813226503846
0.422872507826981	0.108858064288739	13.3558177787989	-0.0195088314963049	-0.185438570206412	0.0022748663106624
0.387876049606133	0.112214714187913	13.5269820677389	-0.0202279611859908	-0.18800832435593	0.0022408010570942
0.00651760703684979	0.000781641359211738	0.188464504163883	0.00682673986316948	-0.0480292403101942	0.000319898714173532
0.218233569966306	0.0727301510862548	8.5374145553656	-0.013169994278802	-0.182947942162405	0.00236428181116777
0.230380695671589	0.0740810363577477	8.78823380394632	-0.0121043347779515	-0.180612306279633	0.00236639440396017
0.327743815410156	0.0969712916256751	11.5908528806869	-0.0162081199368185	-0.181864379096247	0.00239067752852164
0.282186454972773	0.0942976518823184	11.1417259038366	-0.0166787732268892	-0.187151349680972	0.00228567188433923
0.166355800595848	0.0442582930178329	5.50840285632143	-0.0088139213726479	-0.168880181099982	0.00249253023221178
0.0887138038533719	0.0188680594530447	2.60115327493691	0.00204367059673584	-0.138962571957585	0.00222661661202226
0.0213610631650221	0.00561702008416708	1.06478705049699	0.000477633894273349	-0.0913179751566149	0.00094656451415473
0.326368153528221	0.0920293732847234	11.1218121756089	-0.0163343779562278	-0.184144108011698	0.00240474527581336
