117.304279734958	391.014265783193	49.4358779138388
292.646084389912	137.828429440999	-165.575958062791
371.088864042677	127.253713214231	-15.6491297857539
56.1244528620228	264.215873490725	71.2794905292498
92.5616919809808	364.154501467579	-114.804730207695
275.714160048391	144.5821415495	-84.1435235137326
82.9826698078189	265.45329545399	27.584347229338
238.214199388665	125.623860785621	62.9962712592407
217.756548547923	150.528946631601	76.8885401934431
94.8461526237535	254.763767343418	-38.9708030298522
269.515966356426	92.3851722634817	-20.2703122566238
87.4688750785918	273.642766361265	11.885275651108
195.672564937349	157.760531953633	-91.65253426048
253.615181934476	114.603643503737	63.2601704961759
107.639283388143	237.776979942616	62.0727989396423
219.88704548598	118.148235449605	-73.281034267384
88.0192023768571	256.739424615835	-26.9114479167078
253.217394408141	94.6985358768136	37.4040590184776
86.9521428322625	270.276802018831	9.29329851863805
265.810617921715	95.2441731537734	-51.6805454570934
258.147250432425	107.34851862097	-62.3692319767652
291.188435485544	135.423868551595	93.5543357314973
275.215370395349	-31.8873760718696	12.6239558544564
95.5235486935891	381.500241848572	-84.869296667467
96.6430141678483	277.765430905221	136.364237673196
132.716593930873	442.388646436244	-19.325889840276
364.809238676277	193.876730181111	125.749893570384
98.7244580881889	301.18685229166	-44.074674478378
248.295779382517	138.795624961731	94.7760674367004
202.754467892432	156.105293831221	87.5365800460394
100.825388967911	283.680033777926	-31.4026814860795
223.511459434982	138.372228876076	-78.7526384219149
219.044725015615	128.588009742108	-70.0058945134924
89.400498886229	262.378173172294	11.1544621286487
204.680061981294	136.24958092179	-80.1460953577648
172.356177194477	385.793712712469	-151.44855685364
55.2241576271548	383.29484200632	-33.2218015324797
213.533791651803	182.82785445866	-123.692619617426
276.007909256212	100.09722133113	65.2022142013524
119.564729122752	368.121544944335	-59.7518424096247
296.420708907676	89.6831577500719	-81.8222436521369
228.52948045961	148.211702536651	86.8216713525234
231.829925945711	163.708656374541	106.75228633932
242.564325342024	137.552272221201	-88.6441483350158
93.3088398639304	279.33907813927	11.4622148564485
203.983534794942	304.05570211896	-159.689898517505
77.4178120026108	280.111432398293	66.7320757417286
165.833865188822	397.56762022972	-144.04862290451
115.008731364861	311.114045641167	-157.858586323152
363.669940691044	41.7236611844601	33.55882959194
115.681462834071	284.425228562597	102.020718538735
256.020350722729	139.724178396335	75.9787743160594
94.9712128941933	310.317739693892	-33.0110422953382
