72.8455690647263	242.818563549088	31.5200664833103
201.338648081589	87.0304227673831	-106.312959291918
190.018810669188	54.0411954408461	-4.79639177017096
17.5754731512117	100.326586734578	32.8482802196068
29.2419004866557	121.303395560643	-45.1054686834961
99.0323183854344	50.0643118554262	-32.1008186938961
37.9594040461057	123.791327309307	8.28331729771592
112.114070068575	51.4445222464716	34.4409820196673
105.504343825209	63.0037295675846	41.8496648479587
41.3172163211493	131.662333013821	-15.2982790304955
138.827067255208	45.1979063523599	-18.226602002179
46.2913828157089	152.778794309521	9.7713905149875
110.413028376422	90.4562526648363	-53.3067254468447
111.028207936097	47.6807557845083	30.2821400318253
54.8711329323071	116.925764518457	34.9586388632791
109.53434409051	67.9101690327288	-43.0664247382528
42.2259086131456	135.55745014472	-12.2162296314198
124.435869429024	42.8502906459374	20.6594792813576
44.8963872239058	146.364174564256	9.52678609273117
117.979060824807	49.0258541019221	-28.8641969941435
110.670092281129	47.8136643314073	-30.6236358357558
97.9362061684488	42.4609869880882	32.2351742028776
107.046350671743	-19.4025670743339	8.83636979514789
34.6619340185837	164.381029098562	-40.2824052217089
54.4510001795679	161.727049679061	82.975026445857
83.6706352404586	278.902117468195	-13.0324332884145
247.731555876334	131.094822362824	85.0858921502528
36.1852425376996	113.693619401157	-12.3867560414571
92.2518688980807	48.3675841473639	34.8020900238633
107.626044429203	73.2860003222853	46.3557662383283
40.8977547443242	132.000531571842	-8.18018595610771
107.824462502692	59.9203369026536	-38.1636020375339
103.921415117335	58.4651162299509	-39.6707499486029
38.4403195383816	130.561231375996	4.98486989395017
99.8618729696459	61.9602628638142	-41.1252900327419
92.4586385462352	214.820310559573	-87.7678694478479
37.3150973685348	260.142740812561	-14.558435694258
69.9444581632947	56.2278857482871	-36.615695535328
103.357941458841	42.5073777247856	26.0579532987445
36.1930252841913	112.685518038921	-16.9739242747659
98.6115793216508	27.658780983354	-26.2650655827241
102.143913194779	59.9766313262433	38.94791046322
91.3875095665561	59.1567986314853	38.0241348446713
95.5544541765953	51.2726455537978	-32.9896726973912
36.198304052227	121.791126429137	3.43460563099829
68.2061786223403	109.027295521968	-56.6224051250203
25.1356513755725	92.763742038967	23.8271127377099
85.8726193732545	227.821318639921	-85.6641588924959
37.3652032405425	129.747026031272	-68.973362037734
212.73644006161	18.4488749026289	22.0576331266676
51.5121932306494	146.747685282196	62.369526845116
106.975553447233	52.8684421327577	34.9150213433282
33.781144261051	115.189005980321	-10.112692472029
