8.75588905285311	29.1862968428437	5.01157612125107
29.8983463894304	12.5478650237484	-14.1483548193706
236.628225844131	68.6400508757497	-15.2263058268206
123.963486422282	327.215019757862	77.5243328069488
136.382098223666	411.227203287573	-76.9182354833252
334.613332161417	154.209271054251	-91.9859131491502
106.253889431695	343.626125477806	3.25837459157966
291.086398314334	158.786161505933	90.501067781439
266.923639494682	164.693673820513	93.4550408469865
107.987854940883	302.459129959884	-42.9422295244256
292.292816477096	99.5218973447289	-25.9546295411401
83.5459322485808	257.630637703084	19.8759619317514
179.630255018195	158.423153717944	-90.3141933766695
301.374529804596	157.933834418329	95.8571927307483
119.111433440138	345.58530060236	45.6718198639348
324.747162213339	122.589029704026	-61.7674323744529
131.841992772441	298.035093746758	-71.080220781573
306.086402694179	134.587432534968	75.3870865902475
89.9332926022826	283.014577149537	18.3475113247486
317.793481042015	117.150231378118	-61.5689878765042
321.041821150839	130.465188951332	-75.3158024802504
337.698359696882	168.819330727802	111.421258554984
351.190983337845	87.1309069850806	-5.53015786670998
110.449101414307	269.691414458946	-74.273015264417
48.184396846213	90.2244618149921	36.5355335743899
10.4011786592495	34.6705955308315	-2.39546531859195
35.8267672700337	19.9857188749227	12.861444228028
125.246991192479	379.322946595795	-52.2322217898232
304.124460279091	177.438879860599	117.143343681268
235.736634452276	157.894752093968	95.0184222161224
108.672252364953	329.9162852852	-31.8731045277443
302.794764856582	140.753967622352	-75.7901049776927
286.618029121189	155.139868015591	-89.8236957936893
114.978128401019	335.081791078699	-25.0981405345843
295.180927246517	156.643728258258	-93.1504940695778
63.9628587899363	140.157623369168	-48.9450193116801
5.79657825122455	36.5043740405492	-0.544518620514264
296.423166910831	190.539233040057	-122.057467011148
320.488391008185	147.284700352982	92.7560001296048
138.394641317652	422.718436688371	-58.2420597519581
367.492943330843	142.443828590466	-92.8394044048283
275.965750481546	171.714508028268	105.709255142917
299.379609393485	196.396932383024	126.49250236234
311.74206389319	150.243420683747	-91.8023234810729
111.107012627252	353.318464498242	-9.24791629495076
229.485830996902	283.602847613836	-141.835100757758
114.928347472284	367.447907413027	50.7392720780934
60.1321330789946	141.111472092461	-40.918337343195
115.358808298019	212.371904455941	-86.6166488067041
106.720574315921	27.5781662747657	8.08046507795665
85.078420417243	208.336414990681	57.842720931492
299.576814381435	167.31508531741	99.5182581925939
120.08778780654	378.889250361674	-38.9696292494335
