-29.7626538585491	-99.2088461951638	-12.221044793595
-99.8929699735957	-42.631238700689	49.1882030782967
-41.6531074709824	-1.64630780580074	-0.566977909530719
37.7026504332506	57.8988672827298	-0.346105625359912
41.7976802057114	89.884268734357	-0.463560789746899
131.008079544191	59.7484380166896	-36.6915011151425
52.7824924001838	172.139333114328	2.13255836492995
151.33242499296	76.4902572250883	46.0919732091018
139.087250111388	85.0861888534639	52.3021960564021
56.1175639010621	165.58157064063	-22.432578246907
170.375279330934	55.1014893404931	-15.3416846396954
55.5082251561514	170.99077909024	4.58351146012303
133.959831018212	99.347890193822	-56.080011386184
148.536877768018	73.6776386260431	44.9051256686279
77.2257338837038	178.571961149058	39.5945799011171
167.156657256857	88.5099253360817	-48.9536371088391
67.4940569411764	178.452213977506	-25.7991996962456
169.901107406767	67.4725382828342	32.8131378780251
57.6381867726018	177.783505930413	5.00949399441554
161.06357295135	63.019803266277	-34.3766689300692
152.734315992081	66.8899455831479	-38.8281405419984
92.0618806371714	50.9564521735557	29.3521634386663
59.6968914183249	46.2764433711837	-8.6315690935618
24.3921278937811	7.53424912798048	-6.07052847813785
-13.6684900360026	-61.562463731493	-29.4748037051148
-35.3158913638544	-117.719637879515	4.03792354807514
-129.034971423609	-69.0158386131951	-44.7142615739025
53.7838412827954	161.400240714714	-18.1656506601845
126.048020724602	74.1316533712132	43.1882149660666
132.996562384648	94.2716641970525	55.7373716228626
57.3490859453447	175.658403593199	-15.9665089750095
153.966458559276	76.060361759847	-45.0153358076719
144.118747185032	78.5268779482231	-49.6627265273301
57.1241637076349	181.428304616959	-3.23513721597252
146.789344287065	82.9118431534168	-51.5614397493781
-18.8788962136594	-58.5816889789056	26.7932852507096
-21.6863873658229	-130.77636034567	2.29680968645844
111.345164206709	55.9599579463425	-34.4481793037007
129.881921724071	69.6178509823236	43.1713503472328
40.3943774972342	121.131698922476	-11.4063103002919
105.18957618633	54.1416757010894	-23.0391499276824
138.373571165967	85.3732653695047	53.0560957107029
127.597329942314	75.4544844626117	46.9167368330823
139.812284058844	66.221743062801	-40.0089795914251
50.5385589548418	167.522728585597	-3.62880743735687
57.8114734792987	50.872540810883	-24.1769759350071
44.8445878855814	122.139343341469	0.818038727006978
-19.9770671106517	-70.292522111579	33.6374410219566
16.576424528532	-6.794889334677	12.0440093246124
-76.8295068284804	-2.76325259019699	-6.08786343935201
4.90434111330062	-28.2898698054293	-24.0493023325012
140.925927542758	76.1635139702705	47.5974243041284
49.084843063103	150.921601412919	-10.8882233280101
