41.013644724818	136.712149082727	21.3688118378016
110.454587097849	47.7562994468166	-57.2165197527184
246.025500368389	64.4618959303217	-8.55874816807427
148.946158862588	380.369352339059	57.0832431926041
180.433654663895	529.139528825035	-84.2461269523674
828.191348285978	381.964003112009	-241.759562754778
337.457185802341	1115.88608154611	40.9287104061088
977.172883264378	454.924992790259	295.328626386633
921.080023779707	539.513286032839	354.86566340635
363.885646601609	1133.51225737094	-136.272808167473
1186.96083327775	380.467712803424	-138.060502385929
385.724683833625	1258.79391786412	71.5925406807931
923.231618394036	720.789104231589	-432.287761349623
976.374550156533	442.085838647162	280.889985766073
476.043315429091	1075.88333571783	295.090835836502
1014.74806960522	558.798413775951	-358.106125555333
387.614963297945	1185.50564707132	-143.105223812271
1110.29979627647	395.090898915554	194.994030959068
382.293211095883	1240.29324209909	71.3647473288895
1012.5482596771	416.312086795991	-243.815334921733
949.83704187706	422.002627502363	-254.136138590074
635.119816963851	328.876310258329	214.23763096564
420.713411792108	87.3254447239982	-2.42673713572834
101.47124244883	275.989161995525	-75.3745394740187
60.9642280104613	126.446611117969	60.474675489837
46.0928987816702	153.642995938901	-8.16584752942366
132.074778221663	69.5938242787708	45.2006640521052
310.713898584313	973.019349093847	-92.2095071693032
785.995447272051	440.16586199202	279.190031989288
926.757038059174	617.991916547687	391.588672500998
356.039245856062	1144.09921581681	-83.4270907166235
987.685185176504	496.811712826597	-319.725845972141
916.051154018	503.531767531609	-335.965372294008
345.699571985897	1173.87566973943	14.8011121722247
916.013854093655	522.252403091469	-345.155086320708
99.9698610260808	242.495737430349	-90.4982728873222
18.2376913586398	136.621033493118	-13.8311719075394
608.324539642285	335.597551999947	-219.58657091914
839.150266458542	428.552083069091	268.62711197972
260.340141156201	805.966677355283	-71.0829760415658
716.612380511692	299.877472863662	-179.879370978853
880.361935653727	509.013346178315	329.780250528469
796.278560783282	462.22129278265	297.188069055183
896.450432565882	432.726341883014	-274.775449124335
318.98569110386	1073.10398180259	-9.92904520140588
309.979817694186	403.000803214456	-204.236225491714
242.018268969191	719.875191603778	67.979434271624
84.3953155229816	205.7819570384	-66.0534124999583
76.1348877031566	176.485283145356	-88.0889235613081
168.053346400725	26.0353908874705	13.0276060558874
104.260745072086	174.626655592123	70.6279492583283
902.756914184161	448.099456535279	292.860314582255
299.694459074205	949.726410700945	-72.5807084701262
