-33.5581587147956	-111.860529049319	-14.3505657951541
-110.886066287387	-47.8200521562408	53.8425532908716
-94.0056983969955	-18.7856665369476	0.894772992009637
-3.44073146631314	-34.9533484138015	-15.8640415353996
-5.05321438051403	-26.713515317161	15.5190707527717
-0.181838074295998	1.57934848659656	0.6332229117751
2.19835744989444	3.69340377808049	1.88275544905348
5.26643195615001	6.32381346110742	-1.76592734566934
4.19272734839342	7.71754453179929	-0.84402721119843
3.88818502373767	2.39970547540254	-1.58321777034038
4.56685226494938	2.67508722533976	1.95640677228177
2.47132941740586	4.58161444552474	-1.3217582861993
2.95093386344526	1.34514023877526	-0.735991172172691
5.71619130168235	3.44033691891188	-0.796428652598612
4.23025170093142	2.07525052250185	1.52758637032883
0.948908725581738	2.01890369852958	-0.298973302444943
1.98294356736348	3.31779491633372	1.97452360746403
4.71899736506434	3.61473826392275	-2.30851544623061
2.03383293914684	3.36774465443359	-1.64072430274773
5.27055019166593	1.03069298989401	0.221015422033155
4.0554981062826	2.92433644488803	-0.168026415828718
-14.3984884991146	-5.12570348364284	-5.35446464181314
-39.0839316369984	9.93639701850812	-5.84791113964266
-12.233122294172	-61.4788718111623	16.1309411114015
-29.1859116144884	-86.7760332205677	-39.4100304890838
-39.5832171810781	-131.94405727026	4.9257503898969
-139.690357036965	-74.2961858715254	-48.1800237562469
1.93548593385877	3.56070660207216	-1.08348350648571
0.818231006146967	1.54441922711536	-1.36341797074263
1.93966148971183	6.52806723325029	0.863754045771354
4.24278689835157	5.443064130839	-2.43018753922161
2.88374580049233	6.6093336156256	-2.0229055709185
3.40908755492448	4.48524814247734	1.05362110505777
3.72713819112062	2.94015239233554	2.40148182867146
1.29865348091511	4.93141296920281	-0.230191024947525
-40.2193179478528	-105.072235603123	41.8880164197599
-24.6187569716784	-142.258869748322	3.81168421920279
-0.874622377965094	-4.68969950059626	3.05462297270285
0.277055636994536	1.5485358553861	1.07601295445726
-3.64768285795135	-10.8349353574505	2.78168062525019
-13.5175171133595	0.517988777038934	3.45506721602356
4.13695540692758	5.57177695987339	1.15050104422501
1.39811845727999	-0.762931747640145	-0.280843379335384
3.27768818355691	3.85620822114362	-1.77284350176589
3.00958981303998	3.59161211869168	0.646696166722133
-14.6431795466946	-30.2128858274055	14.6102625369507
-0.28027886883963	-7.83071188291134	-6.85004681908555
-37.7101239871096	-107.487449944082	42.4353339444844
-8.98278242296622	-49.0213848960875	26.0566281665602
-107.075194813657	-11.5318773732113	-8.30069066176503
-22.4106043388474	-71.6071915086388	-35.8736352083596
4.87400964307267	5.49015416513135	-0.380669469847823
1.89363542460528	0.186860670633481	0.483634834559648
