-120.559734307661	-401.865781025536	-45.5610967296088
-430.664432761998	-202.316303069034	193.74830564248
-680.156772474049	-148.645557941881	22.9593800291639
-87.60463990355	-341.899091528003	-117.530422231743
-24.7892579849238	-257.188901566814	119.561954493139
97.362008222104	24.7448266449703	-28.1206370120157
106.33301529408	351.52915718171	-6.85769364846153
318.321663633886	136.839296435559	116.727112913428
310.501515684726	154.96663318076	133.198950225843
111.504508748171	398.405131677586	-35.9238932945594
403.966506897459	124.688044170818	-69.1997762835284
136.056766113429	453.266749309002	35.4674040480298
332.025915843043	273.250799301021	-160.212042253484
282.279076728081	132.483473994136	94.6662532400849
152.137625112177	358.841972619028	98.2322312967353
341.335456284687	199.555357459139	-128.664245491615
127.767048201446	408.442140198299	-52.9363785648349
363.930941340064	128.103858289684	80.0801309099716
132.611421465071	439.681886676159	37.6131178745162
305.417716822392	147.441586619041	-90.4560816879163
275.908787631163	135.848224417223	-81.062240940719
-163.846412461812	-69.6093117085026	-48.1355450249278
-374.659744650594	26.683565194689	-51.4315862160417
-89.4085128196154	-400.933076529253	63.5478948304622
-172.63899912457	-445.66276374547	-172.101781844179
-144.388621226001	-481.295404086671	9.98602634174306
-523.825827268423	-280.848549484331	-181.873268411584
70.1457622390091	220.90605201629	0.518748528352128
129.948002706042	61.5675848812158	27.9417633736756
329.455874028656	193.670652976005	136.922053294661
93.4297640150807	361.313154145546	-6.37218165383446
323.640333145696	132.838937928103	-97.8251738582346
312.175809696972	162.789322203329	-128.026986416956
98.3021897546498	391.608044036135	-5.5779192179705
316.037646730994	165.898148917021	-119.295060411664
-215.826790210275	-544.775302143949	199.373389669401
-115.876247411067	-546.366230596967	9.96483183615223
77.647954200231	-40.3199795723775	35.6322240437348
117.405562370392	135.12890222627	81.5783367870078
-18.015430808543	-72.3892159639351	30.2358422519527
-133.437105982853	31.9214574430078	39.6601272670337
267.528565071315	136.006786271716	101.481763094352
176.057029099487	55.5841044372134	20.7860038294832
230.60316674938	96.0637461037299	-55.9614007052563
80.0291227095799	314.346830203388	-15.0281157285533
-154.701644507805	-253.698252092731	131.692497140315
12.928970814189	-19.5659940614928	-100.914280337054
-214.598630977842	-535.354175234077	211.527496154569
-119.603384777933	-314.122230092948	174.968213452403
-526.077016299435	-97.976214758856	-28.8590524012331
-198.678797947556	-537.138603093024	-244.270779201158
244.434163704648	111.954646605769	96.1589370593121
38.3877300161143	134.932482981352	9.32315712585858
