-119.086909981252	-396.956366604173	-43.5780602812097
-431.534927607985	-200.78110667706	190.860603201863
-511.350923513533	-104.512323056624	12.673793124183
-59.0819892606619	-265.912478666616	-94.6145222767871
-38.0073734649893	-226.331869199763	94.4437595303572
-92.7448809125428	-59.8104947357069	31.9709495712413
-6.80719393196984	-18.1959128703865	-16.1976909656076
-18.1809304531728	-18.2368763399927	5.83529486454757
-11.8319292642074	-26.6173077543931	2.67024163836649
-12.0975479856641	-5.26058152382083	7.90530281884535
-11.4173787476343	-8.10939650579497	-8.93100871382798
-5.02282558527023	-6.55105539869632	4.38998130653582
-0.565941020091071	0.70279049810084	-1.08504708018389
-34.6108640426527	-12.2907683074723	0.490317006313194
-9.43951659611096	-3.32649458883883	-3.28735550993958
0.380336230348761	-0.106290330610902	-1.31392604067546
-2.3100870637592	-0.294496063598268	-4.94438491884013
-12.2140607909718	-6.73209824002837	8.85424053941247
-3.1900327711087	-1.37900347918913	4.74073198455241
-30.2658145712312	-1.78333298188675	-2.00787100099028
-37.9656657928631	-6.67992704711548	5.57922426820059
-193.541314793516	-82.8764262997346	-59.5320495080528
-286.789576117955	16.9663409617251	-33.229801185959
-69.6785382396215	-305.041316704029	56.3677005987066
-150.352383310466	-393.474588705971	-151.608691873409
-141.535467066799	-471.784890222665	8.98027718015505
-523.394133900693	-280.111151812196	-181.450843923872
-21.0908357181005	-64.7085683146081	18.4830824821686
-69.606384486447	-38.1634766814592	-36.9710684882596
-1.32378992275103	-19.8945121797653	-1.52339932631456
-16.6670343346183	-20.7145422489776	9.73353329068874
-4.63179714004043	-22.1723239327683	6.46554006150664
-10.0092920652587	-12.1982749587846	-3.84970823313693
-12.3736495234855	-6.65147302677109	-9.23480415399683
0.301587316134206	-15.7151508305887	3.14704120187192
-176.545845355119	-447.239848022292	165.383001898666
-118.808906548293	-544.514901351417	9.25796350448235
-52.8511822067236	-84.2239150938125	58.3657397304236
-91.1597242408956	-0.118808157818648	-2.23889852777264
-51.56598721764	-168.893069461385	35.3010550309971
-180.704072018275	-24.2050039891336	51.7239693426073
-24.3963815304512	-27.806203247087	-9.44373873504164
-54.363631568808	-57.0948440547036	-43.251903753642
-33.1376346704876	-31.4554542602869	22.2968406263117
-16.775063414757	-35.9292325369779	-11.6445982685374
-132.562680064112	-213.067068005862	108.622070232671
-23.2891135963383	-127.314947661231	-73.3627287463849
-173.233332511043	-444.556909361366	173.562702519471
-80.1032770148203	-224.749189213993	123.50334040347
-460.242841099706	-82.2998555575812	-25.1591072444081
-138.066471536116	-401.960977751507	-191.105127212
-47.2265545023466	-31.449798697075	-6.66443635075327
-32.4611396604529	-101.359852218278	20.0188946883202
