32.3330508651021	107.776836217007	15.4262462246592
99.4069351514357	40.9456975742553	-49.6007374220874
197.482681014408	53.1508989525207	-9.18884215420694
66.1447097463053	196.730959751151	53.0285277152351
75.0329191672872	240.897507865698	-55.3190209176367
171.517140464023	79.1137134150435	-48.3098526913856
51.3363589780822	166.980284065263	1.6878586437486
139.301923849445	75.6683172023878	44.8243871992949
128.122820307869	77.6127535412253	45.7871663052327
50.9472938752301	145.79654029654	-20.0173116154836
138.498758706407	47.4475497660794	-12.8354564579113
38.641773282016	119.265187915001	10.8391184375563
82.5172437496558	75.4004802293477	-42.5305432774932
146.292263868134	76.3591589910388	47.743385180005
55.0783932442519	166.483135951977	19.0955268660496
157.313502071505	57.7876566195517	-27.3935908269568
64.6994486756666	142.11372826293	-35.3181699676606
145.547517983148	64.2876514475127	37.7269109084892
42.1992479945347	133.485156764171	9.35415906857137
154.350142246976	56.3452691295392	-29.8790993391491
156.882041805268	62.5518008715448	-37.4297293105636
186.878427813408	90.8598438020214	62.6120087481867
212.163838443428	33.1694229814571	2.33972883542124
67.9411121404953	197.250433058027	-52.9770110680819
46.3899685167322	113.070792681113	51.9197716091222
37.6750942369907	125.583647456636	-6.5537854655
121.973064966604	65.3928639231129	42.3507582324947
63.1939955534376	192.854324808439	-28.1523432804094
153.399430092224	88.9734147377722	61.3822057193755
112.822116290146	72.8056670013608	45.6075722835501
52.0481223813295	159.636669839711	-15.8393374397577
147.064202707156	68.7671311786049	-36.7407749937914
138.117842529437	74.2584818851605	-44.0597989055805
55.630600356555	160.644339090447	-13.8287699075933
142.728287363069	73.8971871177996	-44.9611976863436
66.0171286821971	154.622838978909	-59.6117786865753
18.4736964743893	125.870236241083	-3.97024448175694
153.769597266507	107.317992491628	-68.7479135507297
164.907020327464	72.676655323651	45.4609185552282
75.9530782960338	232.89829199704	-34.8840920237312
201.484249450512	72.1410548157966	-51.8503970881783
134.274757100107	82.7686052763358	52.0493045106034
151.066817546005	101.875750911482	66.0274523161245
156.021159480159	76.7964400963002	-47.4427678001213
53.5429027949233	173.118955277475	-4.15967071688121
133.526360329616	177.578063413685	-88.9477550824872
58.5089830996687	194.392837368431	33.7991787319013
63.2482136932733	162.211309370463	-56.0497827096452
71.602329389217	157.104090688054	-70.2118222733606
140.382114282738	21.0381700964423	12.056160045339
62.0213777382957	165.321977054744	56.7572731218056
146.708341666618	81.0260967029834	49.5021412618573
59.5547218697379	193.657570022708	-21.2923763999084
