-24.8864524896663	-82.954841632221	-10.0470302875108
-80.4566680251786	-35.6748900680337	38.6295267909497
-45.5170156707084	-8.81727579933473	-2.01108261547424
-0.609758628386706	-2.1297392231497	-5.10785051093846
0.116226150525974	10.1887470210867	-0.0904547660643237
20.9209418498767	14.9190500887735	-7.17836262743427
3.88098944952709	9.24588247405907	6.81118736286685
8.41320686528604	6.75176107255632	-2.04855544730933
4.99414325782777	10.778919046373	0.26112412969176
5.69771196637524	3.25727066934919	-3.63901870134709
6.95146042974815	4.05980962594946	4.85446401042509
1.2413147933021	1.28697672086786	-1.87629777203981
0.977245959547008	-0.93000489823557	0.000170105808902045
15.4542620080684	4.99347398158186	-0.51423094390367
3.16961387323127	0.109927356885141	1.18679437623791
-0.820443211270157	0.798552844855781	0.409204536611582
2.1131976558331	4.94554581620251	4.23822854141443
6.80098871651375	1.90247978982542	-3.76963713235648
2.26172948954748	4.71788239959237	-4.21995753324202
14.8446088054836	0.876886665509317	0.51566122813658
13.5141678816207	4.31883794967495	-1.71039342640129
17.7924700370195	7.44768376815153	5.61761370018586
-5.69414716963044	2.4997764095982	-3.23179726339388
-7.38195421958677	-23.4661779120262	8.16428130416866
-18.9988671808022	-55.250085055489	-25.5060219220035
-29.0934453502949	-96.9781511676498	3.08918868927458
-99.6823460294165	-53.0868192992002	-34.4185807740001
8.0766164691802	23.1376019835526	-7.66266698436936
16.1705737882632	9.2871481249972	7.00205117877179
0.655209578396783	8.09560207597358	2.492474921926
9.84443406566515	14.8104854730378	-7.65204206662188
5.44409990143618	15.9199703992112	-6.30285771269286
4.15047592155315	5.6613719694114	1.71835655322837
6.49768799220566	4.26206523674722	5.01618553251104
0.319066052248781	7.5591456308764	-1.37391973277533
-25.7552291952273	-65.7954453654724	25.6626555711398
-18.9539504807072	-102.552705885861	3.31839785687621
11.4099519893567	14.927983090984	-10.991708717399
21.9940812613467	2.65493484921143	2.31474744843256
7.30618569980369	24.8269758612161	-6.04144252642732
16.8710785519358	4.2860639779902	-6.65755442106376
10.419343920419	12.7325028131082	5.04889548894395
14.874740707213	12.0558768831758	9.60529007936884
13.9121649908643	14.1611671996554	-9.79230817989536
6.91401508196081	12.6640310531428	3.95863121869803
5.08980773125519	3.60334813691409	-3.8375980475342
2.63012683956137	15.2233695680327	5.49304039611625
-24.9750552334524	-67.941143846388	26.2624760036542
-1.29253686436818	-19.8273840740623	8.31170605856511
-68.6702905511179	-6.9209953799664	-5.82431720687244
-11.5817837843142	-34.0689692731437	-18.3031556117185
16.7120335936131	12.0896356340548	2.01796370885074
8.1212300457454	22.9066274438168	-4.64847569879921
