-99.1592674807438	-330.530891602479	-38.2956527356932
-362.253434555669	-164.471932158565	162.271348113257
-464.464147858894	-103.837726912523	13.309940090739
-43.5580865928579	-234.715625045044	-86.4143421139691
-21.0027306998407	-185.599359106017	90.2200941531419
-43.012348313675	-40.5473076837964	18.514745953561
13.2189139785406	52.3875143181813	-20.4454157016831
41.5651557336118	8.18853889995189	30.6188690762645
46.5558960389668	0.020978886727546	27.3359028088548
7.65452428731357	67.6931292544939	1.51834610404934
57.1078368804081	13.7696119057382	-22.148414055134
17.9909952242698	64.2516740390689	12.7275162947799
49.3990581901573	48.2176826063447	-25.5616455928086
21.5229072658124	17.3665004778409	22.784670514196
15.7745412447899	71.7597671283531	8.07975918166208
72.7321171222256	31.8636773905948	-18.6096581300156
25.3989482871493	69.1551541539635	-22.4993031415941
54.6599077368121	19.89748042526	29.6478861438948
19.5891664393611	69.0833951205121	14.0734809130169
31.9816537903301	25.9494652366232	-18.7061672544935
24.1092067095756	22.1740991178849	-12.3239453695832
-156.831382597583	-59.8202576417545	-45.7608371073779
-247.691532209403	23.7363252932603	-30.9113130468817
-47.7493058855386	-271.343335388456	51.6877280268735
-127.744375219436	-344.840634353608	-135.315077265654
-118.57403656631	-395.246788554367	9.17912779244604
-444.289486254957	-237.205210469305	-153.719913735341
-2.85066391231427	-5.26653578252422	15.9738866574915
-17.5575632060409	-9.72401407250865	-19.6167177127425
58.1216838699359	11.283310995194	21.1392562907345
-0.232620339143425	45.5438208472252	10.4317041510598
59.3673518946652	-3.18228584003619	-7.67517616237814
52.7033368403064	18.0438950508411	-28.357870834005
7.32404277874502	68.4624189323155	-16.7769705305007
67.2983042151435	14.0926059096613	-18.7322157071002
-154.188719797861	-387.317610721261	143.9488050005
-94.6563401233463	-459.308010682589	5.59152155114141
-9.35584833051646	-64.9759697028411	45.2123455749893
-44.7022664071761	30.7855830338454	17.1994838307283
-35.7298212655848	-123.609924338753	33.8599956914855
-137.297064826647	-2.38314666708378	43.7216310449721
33.0221028797948	0.248263399171844	11.616656701217
-4.18487472782624	-28.1553881402363	-26.1850638073579
22.1134742385759	-12.8020451098256	10.7983637150019
2.17303936124453	34.4388780524605	-15.9176010521881
-109.97756976844	-182.638000012182	93.3899021959995
-3.28736847823865	-76.7995377739151	-76.338985596612
-148.032299614257	-393.072413753379	155.455280449761
-61.7345050759446	-199.693841862389	115.732831630504
-403.586452779141	-69.9979076846778	-23.3809646445874
-124.709291291775	-374.702367972744	-176.417303050594
7.6098874100675	-5.52674357393792	15.1027608308566
-15.5781554619943	-42.5712092229713	17.1408747669845
