-84.5810079694671	-281.936693231557	-33.0981895482935
-310.719142808964	-138.287929628558	140.247313724853
-357.585915780203	-77.6043009362296	8.38642402642339
-5.6209822252527	-130.711903918702	-62.2842922376519
12.2331534443121	-68.9493705519609	63.1081945962686
93.5214144132711	34.2483008226817	-23.4569877731208
64.223637026615	209.49553480299	-4.97449098377464
187.019261712246	88.1071907786372	64.3512271270833
177.921217781657	96.4166019329252	70.9933346164343
67.0601767844816	219.567708142498	-23.376072243369
224.413082360144	70.3567012619179	-30.0533392804381
73.9548924047475	237.718636436527	13.1693571216794
180.304366107309	141.613581726133	-81.5510694914644
170.648965299158	85.8381752398437	56.7950128113653
91.0982838472174	219.602084001714	52.2886876964456
207.767152035104	112.549230564673	-68.2229792934999
80.5551716614563	232.906668639283	-34.0861038293147
213.751579372491	81.3266238886411	47.4458518868452
75.2250257450391	240.110138363956	13.8873629807223
187.176315005575	82.8308451808825	-48.0333991427519
171.021672512207	84.7193224243321	-46.7856142784037
-25.3598136442281	5.53746469978454	-5.24396552380992
-133.406508222887	42.283086653609	-26.1851382425526
-20.6171804437783	-193.028298186616	36.846614851326
-101.851979341925	-285.956529113115	-114.459643244706
-101.179362020178	-337.264540067259	8.51658415678116
-385.350998065687	-205.438534117494	-133.167692936687
49.0829036879158	146.653075231963	-6.38048999592889
108.085899002065	62.1532508414283	25.6133014485858
180.308052362074	114.911475236834	74.4331515168433
63.0672656295521	215.011776411346	-11.5556932612203
193.638468892534	84.0179057458546	-55.9968972104448
183.379729140864	97.1382503501586	-68.6206334389296
63.9362512161747	230.400720627746	-5.97497399970485
189.254653166072	99.7899936471464	-66.3121555042328
-122.952938651545	-309.853299231379	115.904788843384
-79.4058450195337	-396.836797694666	2.27957935099366
89.2564579138508	5.07343609725844	-0.12165369951561
96.4627671277947	88.5393987695405	52.5993754386197
11.5359428218315	21.6577163224958	14.5473231818611
-0.944755999201917	43.3778435072707	9.2626206847125
163.516814304076	90.8726179700693	61.2123394809625
116.27489483686	54.5273567861213	28.7825739300921
152.897447067604	63.3542860122014	-36.3124441047697
54.9867173828896	191.912528530838	-10.6648173557816
-43.7484974908371	-90.7613709527998	47.2911478937248
37.0611567322448	52.2371177841829	-51.3266171389026
-118.049869402546	-321.864186030833	129.441546655257
-33.8788294508706	-141.447677934077	87.7637875257457
-334.319894254562	-54.2468995655958	-21.1820837241272
-85.0735748311265	-291.07749584655	-143.041878314403
151.448024212312	77.2500760872956	55.9819226186013
39.6680718364112	116.991194079104	0.207252633896922
