-70.6377204453219	-235.459068151073	-28.4413376578944
-247.028722544557	-109.854380443713	115.035763231413
-208.765642302463	-39.6669347530026	1.35418642515111
-6.72021811097367	-68.5006703683177	-35.073784872598
-6.29862527435478	-41.6659674446112	29.99546984196
44.9679940754895	24.610114507843	-14.0732607848471
25.9134277089986	82.1222862620121	7.68427923372239
77.1278311075793	39.7739399033972	18.0784763425991
71.7629004851018	49.9628924840101	25.340373215099
30.2931957514565	86.8846934351647	-11.6902499191605
97.1277214374467	31.8486416909392	-9.04587701109419
34.4912761525481	110.331709631338	2.89021815139795
81.3693941770316	61.6250506255269	-36.5106145715953
76.1224981197758	33.2394402904213	16.6821864013744
44.6966240396218	74.0726975253062	26.6425211962694
68.3846652391701	52.8412440736656	-29.5248442984987
30.610378694385	94.2080547485782	-1.01328938091973
86.1993125304353	32.0017135749483	7.72795971585693
32.7999067122723	103.010630379654	2.55638292958471
79.709728038936	31.9724690735392	-19.1853203512231
70.6905263990936	33.5943346509227	-19.8892071666933
-6.32544186607783	-0.0196671113309725	-2.97184937153025
-78.3233488370849	20.0422615918796	-13.829968941252
-25.8976971094683	-124.070206227642	30.277174113943
-69.1726998503763	-199.099779625781	-82.4623246877446
-83.4568201257452	-278.189400419151	7.95922405224686
-310.04517325965	-165.848693929683	-107.447305458585
20.9820089619403	66.9047413477526	-5.83214893443485
47.4618573367007	26.5753861111756	12.5839418642345
71.8608652626197	57.659427468357	31.5555407508757
31.6598438848545	92.5251231430575	-8.50445980870128
72.7797333270297	50.153331244278	-28.8901308980417
67.7841319081516	42.2507918515484	-24.1146561153434
29.1211346147714	86.2133272640633	9.30398119556769
62.3596575866873	45.9022286035507	-26.5985455736428
-84.3893957684367	-223.525587448395	87.2852405370855
-61.9504111960659	-315.342012955843	6.25365333599556
26.2019066205164	4.77493499620048	-3.89835223206184
49.8612025373796	27.6717094743984	18.1349788283553
1.54000222539242	8.00999089950054	4.02249742381886
-2.48131943248324	13.2389690592968	0.519301909097041
68.6642442288215	43.6328872170162	25.4223622363213
51.9314318044666	24.7574585429165	15.9804712820856
59.3718363940135	33.3284755281782	-20.8168325429662
24.7721315300645	77.7901934879678	3.04782048288105
-22.3436845398812	-52.5527301431644	24.4530703593936
9.43640527700326	14.4729768542184	-12.9013996289907
-81.3639477548277	-225.787572377773	88.7409695681654
-20.4166510861515	-97.2216830926284	51.600495428979
-235.942306263417	-31.6934417715014	-14.9560538493877
-51.4554326156741	-158.963243004859	-81.6024567411843
69.9745891749078	37.5033224597422	19.8923844689319
18.1998740471894	55.1551331550709	-2.0049471089665
