46.5293836860008	155.097945620003	22.4195762263416
131.499330660558	53.8897855636721	-69.4659510076028
166.191900172149	45.5868644324332	-6.4707279099062
9.29567127760315	92.3010669356412	33.0938362320523
20.1618986602549	117.250298138685	-49.217101491109
47.7925303667223	28.1243981674908	-16.2480088232242
3.38352000834954	11.4049648837997	8.93989011917755
9.62521632576655	7.77134858632046	-1.80148583761957
6.33054453287695	12.0883821682441	-0.0541620776710992
5.13620101579576	3.88697947019159	-4.22851879410159
7.54870615520453	3.68820020297877	4.41628438073233
2.09636702454551	4.10853034144174	-2.12622806121121
2.65499048205738	0.582990688816036	-0.135787209644306
19.0106624671495	6.03146683272541	1.14941208735814
4.55746769262414	2.4990081582373	2.16715582529238
1.06590768050848	1.64514477805452	-0.25402457289592
1.79538748795464	3.29449449719125	2.78873907150432
6.99071857695619	2.34595766920176	-3.75919080050268
2.09591321417318	3.12155331830885	-2.88824152028242
18.0662295416128	0.927251669572303	0.0297699790148467
20.2266386737936	3.36290995046956	-3.47450994754871
79.096295881808	30.1304441429507	26.7779603923964
95.6319483926787	-28.8984748943559	9.19555445673997
25.1213434165953	147.869630313166	-34.573052832798
40.3111261589142	117.960744088197	60.7569550216767
54.0642912069193	180.214304023064	-9.9872637294234
162.441400089135	86.0972367367789	55.8653634600774
12.9180903752016	41.5473372581609	-10.4184693838009
34.3467368547586	18.6389682288549	18.9480779149765
1.70791496996962	9.05362095211857	1.85784963799083
10.0023004186537	15.949134079127	-5.96420066107591
5.4043456190205	13.7350974272262	-5.06895256303199
5.27658737966876	5.12486897798473	0.707427141649301
5.86392966002512	5.20833998943641	4.98848329490638
0.142337309932768	7.40179226729846	-2.72675511102382
69.6263054202645	161.937938165265	-67.0663185025421
20.2345969876419	168.85687691791	-8.20582317103072
35.3493930328681	49.7910979054665	-35.7023748847285
46.8882573785016	1.73650133092154	3.38871670149918
30.2448444844559	97.2661535276378	-21.4359301618843
75.6866694496103	9.75140601213798	-23.9879325441221
14.4604649007384	13.2025248362204	5.94969797507096
28.4777009986196	29.3604318127576	20.7477112234543
23.6427108250503	18.7561733360649	-13.7540899567288
8.65379270477853	20.4337310772231	6.30014220553033
63.2392754951603	105.66172619784	-58.1841789059682
8.42861689917907	58.0907561038149	29.9112513899497
65.1870918391751	173.017453051881	-65.5234295788651
34.5281655879573	118.694658267052	-66.5643211206041
155.548436594019	15.0717312302638	16.7441842866271
42.0445849404866	128.706346765663	55.2648345792973
25.5822545717315	14.7806389328856	4.75184113333371
12.0148794729306	49.0848974360075	-9.14543341487386
