-120.64104301772	-402.136810059067	-44.3548267282912
-434.916472593489	-203.028611331937	193.545916795525
-538.830538776808	-112.338474653119	13.6615533906883
-57.0976753809398	-257.859653788507	-94.9621398211072
-23.9095576143712	-199.533920587627	93.2366110922141
0.870241865990246	-14.4092570279548	1.79225424045638
39.5956812794792	134.220088149694	-8.91337723684218
120.987311329561	46.4301006683072	49.0589131032127
118.651991506602	50.7676747993211	55.031892294331
39.0880438455367	156.914302542729	-11.7945285567576
159.550158962032	45.4711485903123	-29.7178868686834
51.4791629741808	181.125730193967	12.6584559184716
140.104281317826	108.188997418844	-65.5737486889739
99.4121443355518	47.4222293196525	37.9115564595129
60.3455273457722	145.034886650687	41.0201030481476
139.178700097855	86.2816256640363	-55.7254035728428
50.9507359393529	169.947382474029	-20.9158680892469
144.039546080699	48.2539584093582	34.9656285208634
52.0981566225023	181.396015210572	13.6699657312766
112.660834402602	58.4007545517133	-37.4914861637395
95.3567742413239	52.3515181638068	-30.5708027256621
-145.288186268513	-60.1966088475573	-45.4753586703022
-281.763135798386	26.1370834824189	-38.1203457377195
-67.7468072724858	-313.20278279661	55.4419694760981
-154.891983682109	-405.101123910229	-156.12525174938
-143.545917668676	-478.486392228921	9.39409135122505
-529.15495643796	-283.707148718482	-183.725043391199
19.2974704370193	62.1383623366116	7.12239786253946
24.539329150167	11.5044439620289	-5.4942941286834
130.874606417703	71.625669549143	55.811323973918
32.2031944154954	141.289205829511	-1.00383649488336
129.226456395448	47.8159766971531	-39.1475182872176
119.994623496812	59.8003679090578	-53.1501126374723
34.5433594225124	157.018428410927	-4.26072814333964
126.661394146364	61.0016744766793	-47.5458114776305
-183.571685446049	-464.700489099006	172.533762908867
-119.574647785854	-549.87411937028	9.46801403157597
14.3580274807947	-51.555369451734	38.6652031667563
10.4468247695865	55.5261170512074	32.7145238887868
-28.5730755071924	-98.6672701760748	27.6365947496552
-128.220517093516	6.48019810170759	37.8090583776074
98.363078795795	44.8695512345909	37.9566083680656
48.2417039131756	-0.729231029103001	-8.86130484478252
81.3570116389105	27.4103942996871	-14.7122766321787
24.8674255850429	110.505956730978	-10.4355708280204
-117.317505059846	-197.35314349477	101.673883092434
-0.817617521193664	-57.1902984840083	-73.3214020823246
-180.867683126169	-462.277705105781	180.948696554576
-83.482073157935	-238.196505556786	133.267027355694
-474.584451258325	-85.4440844826436	-26.1205795409847
-148.925402443502	-422.923211497346	-199.686302334878
78.2232346166727	31.8329008716469	35.941858780728
2.95430495332129	13.3295935345512	12.0560335659981
