-121.134806114397	-403.782687047988	-45.0199793012865
-435.249229356961	-203.695508274474	194.449984009563
-595.396602702208	-126.550544800156	17.147399843485
-66.6750810155617	-284.753754820067	-103.330695829407
-20.7534151026034	-212.765084101087	102.154436744494
58.8179011379381	10.7099165196828	-16.4360597010462
74.0013120409779	248.080890017604	-6.37703911358772
223.81582666784	93.0796985376	83.6456682483288
217.347318266482	105.439216450099	95.5251765404548
76.4146121116414	281.120882606075	-25.1116212792234
286.822262708666	85.8597966924789	-48.8134984404696
94.4221210037907	321.973567380293	22.7845785542151
241.377562155453	191.978907003352	-114.543857987023
196.557507889464	91.6223268582712	67.342322430728
109.112254915139	255.955457694804	71.9977078985104
243.83996204092	147.052695408882	-94.8306063279709
90.6031198381643	295.4984220427	-36.1175141161224
259.304192893975	89.0914089949952	57.3976005157787
93.4188737664256	316.42350457138	24.362544344154
215.394895842719	104.2161348079	-65.0792260839673
191.820451473501	95.9038214249277	-57.2838484679477
-138.800603209127	-57.095230518116	-42.6226240775039
-312.37536354226	28.9422674361162	-43.9532844570323
-75.0312370082165	-346.122723021134	57.8916833131584
-162.746537871659	-423.143204907837	-163.148866346633
-144.49384691288	-481.646156376265	9.65226527215779
-529.405441494531	-283.846861826508	-183.814498079832
46.9952065475092	150.192377913664	2.15010763033328
85.7404671602206	42.0032738517934	14.2511130957441
232.561885498982	136.174938379129	98.4041568031402
65.3162756623183	258.510623897827	-5.42482927038505
230.357951985763	94.4142957270372	-71.1369135981153
218.842689159135	112.794326323728	-91.6780414176617
67.8646092222583	279.415611644753	-3.54809761571335
223.845714140088	115.964209097511	-85.2866261015216
-196.876159838174	-497.412530890491	183.801968501769
-118.709234955368	-550.977861295117	9.71689694400866
52.7958974373032	-39.8834203093373	32.5896962924834
73.7178343963824	97.0626421365393	58.6261624896133
-19.2344327519943	-71.6658347224209	26.8854013193009
-116.126402649996	23.0730435187262	34.7181097340017
187.837549335266	94.2581516470011	72.036481974146
119.583235136719	33.5660633696307	10.6750949314705
162.075183315733	65.5208061619886	-38.3536787679042
54.3070042624546	218.487227657837	-11.6879036512139
-126.185194885798	-212.511510834865	110.106225198917
9.93649626940915	-26.2143022598097	-82.5932957944072
-194.769676569708	-492.997718522831	193.6753873494
-97.4063741883226	-267.618180738123	150.03827109016
-497.2421747379	-90.8906648343646	-27.3106176533614
-168.421074091575	-468.394031228287	-217.812416595775
167.655668161962	75.1177137698146	67.8917373542173
24.2654829247862	85.6400530110328	8.72435823962551
