71.7477247924131	239.159082641377	29.8779135925848
201.031491219604	87.9807075170163	-105.183236108079
173.886709500217	47.3052082923314	-1.54221653575687
12.2784451763062	65.1659850374639	27.8848595604331
15.2749130088011	63.2248402185154	-29.223582161295
11.1963314972827	3.47282226740498	-4.31671199992229
5.72413410071463	19.8417932066525	-1.10481950748907
16.1250693167593	1.53100683667684	9.31725095675785
16.8070281990186	2.29184843739265	10.3520239494849
3.123085606626	26.7878802142446	-0.144181739696367
27.0214408127068	7.66831974618231	-8.41731858545404
10.0796548220373	35.0790174871201	4.48919412268339
27.8129400434533	23.9473288782193	-13.0128022561338
13.7117000625775	4.42372887989764	6.48664553784161
11.0393778306622	22.0967482655159	6.75547491042114
22.6623769340293	19.4317738179288	-9.7676123157585
9.58243435738951	29.484236631658	-2.51625689841063
21.1307330031401	5.16605390143923	6.47483239518031
9.83680463680392	32.7737220467339	4.80361018450934
15.4146578843187	10.2494814487309	-7.07703193479704
13.1774871388848	6.29101750124506	-5.83591498201568
29.0022964946075	12.1505484964305	11.417209685877
74.0653204694	-16.7849172837815	10.5178586856808
33.0283966328672	139.3224847199	-36.0243621210269
54.3874121470792	159.910605239746	80.7885268658297
82.6508997199571	275.502999066524	-12.1820317052341
247.468576250461	131.571070371694	85.3282644630707
2.83064275368631	10.6426803566387	1.25495578677518
10.8870853625934	4.19409680288246	4.77435642326878
23.3551599066203	8.61736812220047	9.72184034185221
2.60794669990687	20.2097058582871	2.81161388918963
19.2447484237508	6.2039483074838	-5.78321399311466
16.4753868290921	6.21031127608096	-10.6102058523121
4.38716221039052	24.611844876683	-0.775810290749383
18.4825855910845	6.88904812874194	-8.44738423132509
87.9340584188319	204.959215141568	-82.0722552348679
39.4946805272977	259.946580901809	-13.738771932398
12.3160764987206	12.8529797377986	-7.68431121507647
12.5625079661211	6.62292384655151	2.6348800902525
9.29793353688638	26.4300228011767	-4.17345703383256
29.8998481888552	3.78243644120993	-5.9049224413506
13.9940940399238	2.84764403988631	5.53438634764666
11.0682733813941	8.84962062256385	4.54988584505971
11.8096938822234	3.79369036124249	-2.36937488203264
2.3814640387096	16.5305465794531	-0.699618829058965
34.6428311606334	63.4035057942734	-31.7582931525187
5.83902717822844	20.5090761651649	10.0775987197644
83.7780514853457	220.852463139757	-82.8502784929276
32.7761904533652	114.085427708174	-56.9543583538048
208.210732593238	18.4766280783011	20.8355912088261
46.6932156590265	135.995978218086	58.6012660939
10.8799677742757	0.583176052282375	6.27175032254274
2.35786500633376	14.4673016135864	-0.870390153067034
