-64.7414411749624	-215.804803916541	-26.5686143057326
-226.282592323074	-99.6638405371643	105.895549491353
-203.826556291788	-38.8526709236527	3.08551821164951
-6.9137290165203	-77.9032349602467	-36.2260739252199
-6.60873742021276	-56.887533680566	34.9856853707306
28.8270627032977	13.0464281715035	-8.75387348131105
23.9674437407285	78.7936743536888	3.29890288150947
72.9842426320776	33.0028101523974	21.3830996767203
69.812499573243	41.1409308880949	27.8516195701115
26.6270101868565	88.9364767880493	-9.20636805735538
97.5285848527032	30.2369836180293	-13.4201816781669
34.550261039882	115.100732163372	4.92296313612133
86.6147058867987	65.9607441510879	-39.3590548365502
67.8143934161779	29.5374732002928	17.7342293033796
43.8691416434101	75.3732741247703	26.8122420365994
71.2149465575018	57.1982857666242	-31.6126744334986
31.0782665630207	97.8058268802483	-2.59385328589672
84.8173054153116	29.7415281192624	11.2011510055053
32.7863754987626	107.516332125965	5.19357070554998
72.3632905945304	32.7716804652638	-20.859916340307
62.5270632928493	31.7374435346071	-19.4584315243762
-25.7377274995435	-8.17802471269582	-9.49982618469683
-86.3892340200453	22.314332478624	-13.625546825291
-22.5875368933808	-124.336785633522	28.9965713170061
-63.5671594898193	-185.217867144727	-77.3907050244448
-76.6008207354842	-255.336069118281	7.70295881729187
-284.921564151634	-152.457483056618	-98.7667510755628
15.4916890755709	51.9642847042913	-0.956415695157825
35.2450880913576	19.9328178598183	6.69922256095983
74.7401689527625	52.4975535760529	32.6473164312401
25.7939865782725	87.5769377133529	-4.40373888049583
72.4506059107512	42.8538435393699	-27.1472326099657
66.3182536286294	38.7023159037348	-26.9178649656321
25.6058728349152	86.9795833129488	6.61056286996929
64.0930740638118	41.4646548220668	-26.9566207624639
-79.1665790058289	-209.500800046499	82.5435179331985
-55.4312161058409	-289.311275018386	5.42257795174789
17.4301585653809	-7.97225389890124	5.25049359685164
33.4569068482328	26.8239719716899	16.989029363183
-5.11448500240019	-14.7188384213577	8.93330633806961
-21.3447972086675	10.2691985212298	6.81376863994518
63.2464265273385	35.4264175310759	23.4275537597876
41.8401771714865	14.765579164808	8.19068028025315
50.86677257682	24.4858892077399	-15.1521797703494
20.1159071629518	70.5040736939761	0.34789227991237
-30.4636082018659	-64.4237286560334	31.9916497120001
7.38299537709553	0.0127035608941961	-19.5715600603746
-75.0882077233484	-212.133552437708	83.723344071847
-20.3328350371426	-95.7437602472616	53.4555996709785
-220.06443386468	-28.9106484515472	-14.4534155859161
-48.5822650809311	-155.947205082831	-79.5231038264983
59.1490200358355	28.4980438279714	19.3483180540803
11.7945137246838	37.1252777089313	1.64846331519286
