69.4770496905593	231.590165635198	29.3945227451415
194.517659961815	84.0726842422078	-101.324896622201
159.236509851905	43.0453854861078	-1.77231869880345
20.3965283805065	82.3051863684201	24.7089200789813
29.0124270657139	95.4543713118828	-31.0097690928948
116.886562757866	55.92898212545	-37.0103675822017
54.9432399413562	179.853112017914	5.96944235281814
162.970654843601	72.8462020380935	52.8780258124694
155.607354563531	86.7882148776734	62.7200752487538
58.6151815783693	196.094126515947	-20.058888500332
203.955336264675	65.3720573271249	-30.5159225075359
68.3908597859026	226.613561032674	16.1228741644098
163.954526210281	135.512550186451	-79.6500857802476
154.941599740699	68.5454610337857	45.1867696199545
79.8910457347077	175.402118670939	50.9919726403023
165.075154242747	100.433179459079	-64.0941767576872
62.8388020706168	201.468174807957	-21.0407498857909
183.179077341716	63.8279885740483	33.8661471511157
66.3655281960813	217.61676898001	16.6394326277136
165.498275999727	73.5537241336631	-44.1402523170171
153.004413958128	70.1526431598783	-44.1448696028836
91.582408546329	43.3378721808343	30.2122515774178
90.7493127446468	-7.53348834237859	7.1516128055817
31.3712184619364	130.718544481742	-33.9757268271004
50.2781017664609	148.811509393773	76.1644595775704
79.5266121537796	265.088707179265	-11.8657613906985
239.346634947744	126.766707859515	82.2647537467196
45.3598142174624	143.160320981973	-10.3131228934742
115.579806181802	60.8547054930157	39.5405278992997
161.677531821966	104.166535544621	68.1624844261746
55.0113932840086	189.083505514706	-7.79803455894623
160.009091660077	80.5054037912755	-53.691072930115
153.651330980613	85.0914554007147	-60.6014083707813
54.0940314407996	193.7922205029	3.82845097338381
151.224208662473	88.5733090397727	-60.2153338721545
82.7193713016473	194.063683467814	-79.5587736531457
38.1273991310259	251.326152668701	-13.3281411946175
83.0158146524542	50.3287702473176	-30.7164116236441
123.658649676057	63.6558420106794	37.7587861425193
33.3263705140077	101.77222889131	-9.58677755131045
96.6541219248669	35.8245235376646	-22.5074522134985
144.846540657238	80.9246754121435	54.3693062234397
119.011550809317	68.4812629454029	42.3248179416999
129.311008291303	63.8842443124623	-39.9478148204391
48.9507478763798	170.709250746108	0.600297517451547
55.5488499759895	85.4062768873982	-42.2296409420166
32.8835536650564	99.9589537184357	13.543004465925
76.3567724077332	204.255396930337	-76.7179054983405
27.3258152526132	100.753082951299	-52.0332459033713
195.013010708235	15.8360135974901	20.3058059825105
44.406307423538	121.100305832253	53.4177391670295
144.239504977508	69.5620526166576	49.1054607989301
42.1999656135133	139.229528009921	-8.31972854663119
