-75.8495793472041	-252.831931157347	-33.3194677794453
-271.146608519395	-118.360522920746	125.9820334846
-357.76224013721	-77.5680294425296	12.9246249537684
-31.1840964448134	-195.03943632092	-68.4548058467675
-19.4254643274076	-166.209759649344	77.0211771998657
-76.0508436657772	-52.9007094847904	28.3484270720823
-4.11739067952134	-8.05122535840438	-18.4567426404545
-10.2052006478321	-13.9847322102344	9.59100721769384
-4.05417666667059	-23.5868642171082	5.20206118662345
-9.64318665947428	3.11742834922573	6.99968211314478
-4.56319054469525	-6.1492124768326	-10.5587869503558
-2.57594088477895	-0.50554481568012	4.91440772465774
3.87110005935908	5.03865495397993	-2.65618318053873
-27.1302920027862	-6.15488964434856	4.4396680741868
-4.59388370158131	11.4339814033825	-3.46610700014244
14.7023447012292	4.55855190312707	-1.60557548408455
4.00068179798263	7.65376840551085	-10.0044418575106
-2.75886246626189	-1.07361744705572	13.0697743160463
-0.91422140091105	4.56036115623363	6.56971031295634
-22.1265213427925	1.74342010295469	-3.47228017680742
-27.2911835051766	-2.10995521036597	3.18848322010843
-155.831851855897	-61.5235164234339	-47.4604639387392
-207.056174532044	28.2694867442529	-23.5324128357431
-30.5599686752471	-214.289834517778	40.5895801934454
-91.1153566288846	-257.995521202539	-104.888586545577
-90.3110239421252	-301.036746473751	9.61298707014127
-340.348439995409	-182.277449573081	-118.066039332438
-17.3036629956324	-53.1248244797907	18.1796753664893
-53.8499407185683	-27.7292262478577	-30.750481932743
5.75485862984385	-16.287519297622	0.0946234349609365
-15.8242503663791	-14.8308427292932	11.2297377679313
4.4108263109652	-23.3989367760544	7.43065948612723
-0.163570569084092	-8.0765525800335	-6.97458031506568
-8.64932775595183	4.92980182111275	-12.546861062913
12.2030982631827	-11.6463148352138	0.679113606160878
-115.852493121234	-295.639798943776	116.242011291447
-63.9710056890508	-344.608925834182	5.57339995319622
-34.8081449942794	-71.2043145267344	49.6513231654648
-78.5192444268923	4.76980198501763	1.0807702349385
-41.1645402853463	-138.770023542659	31.7434702150082
-141.920672875223	-12.1898179806035	44.5835388294174
-15.878053700188	-23.8916693396878	-6.96865474652254
-42.3880826272631	-46.9819492124734	-37.3381275298113
-24.4262418515772	-31.1556902801672	22.4001481042726
-13.083599829887	-23.9909447762096	-13.330826753406
-96.7621301065621	-163.790506800723	85.1781726885996
-12.2707093208988	-95.4643265892477	-65.2271865085173
-106.151668075349	-298.219712067037	117.504603021264
-40.257678771726	-158.819065370646	97.3734065941237
-305.242639778201	-47.0221855660523	-19.4026681533855
-94.8509993866566	-279.715002579292	-134.834000259898
-38.4505589233724	-26.2970023002488	-3.2504972170233
-26.1325078137399	-83.0488848122057	18.3515406152914
