18.0465631712763	60.1552105709208	6.35149603460051
56.6887303307421	25.8719261125567	-27.2488550062901
17.3357577190897	3.20685118787036	2.70201398281087
2.71720738988781	-7.07323869516785	0.441123138678217
0.595293469754203	-17.2208409375663	6.27800479946011
-19.0437299489285	-13.6815338856787	6.6561249602904
-2.49455415028533	-5.5687173585918	-5.79196626303462
-6.68212670914439	-7.88537061385036	3.11328562356936
-4.3965364912196	-11.1354222334173	1.54551093820641
-5.05074452420211	-1.30265997339528	3.07097628164677
-4.48023521377045	-3.12507777978417	-4.06288727587689
-1.92267882980586	-2.41088608928732	2.13322940443674
-0.313750754368824	0.79745250967479	-0.467245736467113
-11.2623353531208	-4.24539578551108	1.06085505694916
-3.15810268678043	0.643405901873031	-1.9483058749472
2.29530115049602	0.781340764933	0.0702216917632499
0.119532920573068	-0.345166732763008	-3.06594090422015
-4.32169336503289	-2.65932555628664	4.23118450982693
-1.50674908902337	-1.02412012115853	2.72467689874596
-10.1685798279013	-0.199508927744847	-0.910858785694693
-10.4316104616622	-2.65511107757919	1.15692535700672
-21.6467748082479	-8.11760468148956	-6.91166684373008
-3.93641942622237	5.00444731118541	0.986171686330021
7.48081343795454	6.89578909382919	-4.4789515300253
11.8979427848917	34.6225148644805	15.7556595212721
20.8343571444896	69.4478571482986	-1.93579661255386
69.9251453100136	37.3007604574312	24.1771970181576
-6.16101289910828	-17.793405232692	5.40453334908405
-14.1625674154375	-7.57635394824036	-6.97061568315636
-0.11138794607559	-8.22808136812266	-0.617190042006596
-7.17827121206723	-8.47175080107727	4.54690788558993
-1.93238466443573	-9.92322650850499	3.36220376782439
-3.08393612779088	-5.05458706917575	-2.09731718596494
-4.27089024823248	-1.56056266750473	-4.46414817104204
1.2853031640622	-6.257517048631	0.741587988891195
14.566435573623	38.2275774113247	-14.2086410378395
14.8953801324141	72.6315738337105	-2.77901068704573
-9.36789129667615	-15.3807224895898	11.3006224948658
-19.8444298514299	-0.417859602472232	-1.20371615786758
-7.77492820980143	-27.1333800663883	6.15289041312166
-19.9018641857607	-2.56736123982487	7.5991211375043
-7.69713136184548	-9.92701256409839	-2.91754335085489
-11.9121719257661	-11.2819523915385	-8.88956166377297
-9.99578605971038	-10.5859958119733	7.1248637919738
-5.42777715916442	-9.67499132865982	-3.69139649887085
-9.37226575522818	-13.4149800280567	9.20057949995197
-1.38234954061391	-15.577156385016	-8.36843526413402
15.2426380956331	39.3266150026382	-14.8093975141523
1.64269031324499	7.73157395164777	0.589460028513806
42.2535150205752	3.38049780436784	3.10047401202285
6.1370460504979	13.1640847148179	6.74231689668429
-13.8352441455825	-10.4545243469627	-1.10502592604241
-6.75766617230751	-20.599541345042	4.06581785190163
