-75.7926589032844	-252.642196344282	-33.1690090889678
-260.126580489441	-112.951784455931	123.65798758258
-155.189329507107	-17.309246329091	-10.4896252984648
159.439635412326	290.223218782918	29.2365880671839
201.035630186718	469.144478036698	-20.2789218931305
880.942978689244	400.072383290998	-259.147838999475
372.733952006574	1239.24344400637	29.9134159829309
1104.72387084154	513.806763948918	347.6403982284
1034.19388275173	587.156348776134	403.155250094352
402.619997422821	1263.70255934326	-157.205576375878
1301.59997789477	409.822254247258	-152.633748608507
413.236987239042	1365.01955743775	75.6713759535184
1009.26174454967	775.53264662173	-471.208625568021
1070.31991630068	490.951046687664	315.895140869785
524.835660347736	1231.24606535264	321.595405678699
1163.93238685967	613.496741477205	-392.581762960949
437.663803610148	1314.87357424087	-179.767625407164
1236.21805592622	446.284697830202	235.329903005954
414.286874142944	1363.44101911534	78.0521258913486
1150.2053023622	466.136986090998	-269.839498924452
1085.72879730171	471.200646610787	-285.146567289797
538.938557087275	285.079094941626	176.379284190591
310.895025064175	183.771990583263	-42.0389061035204
107.171115301526	99.4353458222262	-47.7302467751449
-48.2477318971063	-185.594287379484	-80.7853914163089
-90.0985352223371	-300.328450741124	11.1497471375057
-325.915726122664	-174.258424433016	-112.90550976274
356.473646959429	1106.7550740263	-107.104228717371
846.927841010588	472.812315862093	291.877305201492
1023.96118894161	664.386691314091	431.347093090513
389.042790169654	1279.39167592533	-91.5829999639856
1101.40097471204	523.612057550077	-341.859872008743
1052.29638785729	560.125517529653	-380.736229680127
380.961872199867	1315.25193952083	-2.89377753899824
1050.43594663235	583.931454980696	-388.625400465654
-65.1652198010668	-191.803735279355	79.369843915048
-58.429222884315	-331.164493776672	6.90806156068511
666.060465228063	337.098807502061	-212.775411751898
900.794396993184	468.611766635811	294.142079848712
246.436732185983	755.223301615527	-64.2013882268602
621.506598398487	322.184734289107	-157.351992501557
995.145871923388	570.682691440586	377.462559259291
892.649018876948	485.16154160517	305.41099091901
971.127005951103	455.436843168448	-288.032078948007
349.986443158702	1197.62669428356	-11.4859854458012
260.357527514341	254.64805381012	-125.863618227218
245.509728297372	721.499065505948	10.8852983042631
-62.1711315883096	-179.120676188754	90.8985709979017
109.043519569918	82.8480123210385	3.64821668119558
-231.418853191104	-22.6464395880905	-15.3554259362723
-27.7777831552166	-81.9577829221303	-91.6521783161145
1011.32913305089	506.897043585564	341.52820808359
315.598002532205	1013.10382545622	-72.1055681895534
