109.080444958262	363.601483194208	44.5427736354387
278.377061344474	129.921359487187	-155.390066019843
341.599195244113	111.852751120373	-12.507038155811
36.0487806022408	200.746954244321	62.2364670848768
60.8878024536207	271.105483678297	-94.3732244374645
140.005268348168	76.7194140107985	-43.73441548788
35.1443740544891	108.212391167568	17.2545599618948
97.5211841973011	53.6114823968488	22.1953779310983
88.2504105072167	66.9152188879597	29.0785370437289
40.125498286559	102.080899962403	-16.5720796701895
111.04421666814	39.8311192353558	-6.97269950116635
37.683683486399	115.696192173645	5.24295065862615
79.5828464061273	67.0061478352173	-38.1484091702759
109.651181770319	47.4373008529792	23.8787633216697
47.1803691271839	91.3936917808684	25.3020526174141
83.9667721322531	50.6181198483304	-28.0728969408539
36.7327284436199	101.23025381702	-6.29707720341992
101.192951098684	38.4461106602177	10.5452395730355
36.0753434608475	108.567875370012	3.60954586590696
112.307155716354	37.7742135728265	-19.8544785573004
109.382809309508	44.5235579066417	-26.1616056736366
177.823854518833	82.3928063288647	60.9631449086472
208.966928221977	-41.7231604450057	15.0093233537035
82.3257519153707	342.487868426959	-75.5801539668972
93.0751110387371	263.650165976272	130.913864220581
124.730331929468	415.767773098225	-17.8848345624316
344.549668681241	182.131844816396	118.237051555125
46.5829416079003	141.906565966987	-22.9567011637167
121.724775314944	67.4997307877401	48.8357166353163
81.6565365958574	67.4375632288624	35.3296782319412
44.721339316077	117.216458772246	-14.3469025394818
88.3609856942671	64.7259896354297	-33.8036214807812
86.3900678210139	53.5467903213297	-26.2080703650052
39.496883612755	102.802353806316	8.78578480874066
76.8077962001146	58.186681438079	-32.1161896268987
161.618099107148	365.397147644881	-139.954090395173
52.9772971548676	366.549344992117	-27.2565792162987
110.579497090605	113.405478698187	-78.6800856380062
138.851741513325	40.6986996509097	26.5819388242168
73.4645454633688	226.545031437853	-39.0498152329343
180.179751551452	45.9976929905771	-50.8857887887678
96.7962782724624	64.306346250837	36.3986921762497
107.599589189778	85.4938453142555	56.4241445576471
109.595066495187	66.814519957304	-43.0907981857904
42.5800717570134	118.498199884325	9.00423103440598
150.528250272295	235.516594600459	-124.984987999629
39.4834177606085	155.550200385053	48.5134648115361
159.264086075774	382.084136085587	-140.559668069289
104.4356043185	281.124479886827	-142.055575808338
345.188197114212	39.4362335427743	33.2235864401326
98.1448224726015	266.203176945609	99.1455461993236
113.60068358598	62.0232018674679	31.0566660890498
45.1893624031345	155.702114945428	-19.4027443880761
