51.6516404960485	172.172134986828	23.6830611328056
148.582679040053	63.3462015931037	-78.4165594785211
233.701907616155	63.8399186813803	-11.3322481591041
50.8409039265722	195.063925162422	57.1080010866571
66.5513902044325	248.335744547022	-69.8675020379322
191.499350722902	92.4071659981853	-58.6566718803944
59.1158200328038	198.868262620522	10.5015834469235
175.554830263357	85.3116995281201	53.5836010997575
160.819390744091	98.1627420773874	61.5215806304555
63.1894532295721	192.62049903305	-26.4201915058404
198.619652332694	63.959088884895	-20.7453484348741
62.0919789159204	202.558461852159	10.6725001385526
148.739442018279	118.778437312305	-69.405938758355
178.86338404165	81.5834091791764	52.0569332567079
81.6943028560574	193.235034841921	45.0858756001867
181.472095738045	95.5367172673293	-56.3115576983228
71.2050137522005	199.984736806519	-27.7349853761683
192.001524250154	71.4437554181534	36.5262263711349
62.8640782260842	203.280106408147	10.5522286649142
191.550609257749	72.3179801312562	-41.8422233910018
186.692046510086	74.7609776578231	-47.685181239108
196.872999178508	91.3010228326058	65.5201745279168
206.530518664994	3.39217152215467	6.0913712630495
62.762530212273	235.374532740802	-56.9752657035918
56.5420861378219	156.312988028219	74.5229949052466
60.8786975008036	202.928991669345	-10.0312497124138
184.232503708496	98.250588723615	63.6859413408272
68.9312405021365	216.830626015486	-27.1734037342907
170.614486718794	96.7587561156566	68.6399637288843
153.739388908362	106.681036545205	66.0024333454514
66.30140711075	206.74678806744	-17.1684031002408
172.126645781054	90.4600651042763	-55.1716682571919
164.590498731064	89.4748347817156	-58.3020368847476
63.4386718323281	204.178981036344	-0.296692181641722
163.395777516305	95.021302569108	-61.9030018579249
92.1561339145506	217.078222613672	-85.5796581791412
24.9198429554352	191.074749849142	-9.36082839283071
151.294334079609	114.809477868157	-76.5074122366498
190.896144639329	76.0689094546613	49.9734414398929
77.7899702955578	243.936182907569	-36.463157502482
206.753692825466	67.4109096282371	-56.6687733745788
164.917638843788	99.733269051806	63.9088670480098
171.916339880657	112.167988391101	73.0715338392087
174.352220237963	89.1594914889074	-58.3483614172251
60.8581959608525	203.60164494528	3.0496537997531
134.108370767679	190.281627118641	-98.5905171041474
52.1626184695668	197.111154747085	41.6808452284875
87.8532224028129	229.714690045821	-83.9516651671772
77.6444466780217	191.035392328929	-93.543034464936
197.47041445583	24.3156237310003	18.1423014838362
61.9444566626374	191.446128432047	71.3849946670234
178.877103230862	91.9223563727578	59.0593018845131
63.0814657065375	215.337896757085	-22.9397301226671
