64.6472191560704	215.490730520235	27.6452489951524
181.874346039083	78.1124516048374	-94.3814288058172
153.686055904067	41.0592256414698	-1.82916444746171
21.9106054202694	84.4429767308493	24.4303260266063
30.3829788878867	99.4172130482838	-30.9087427367338
122.565819214194	58.5002051858133	-38.7165679350825
56.2963130451964	185.235714614703	6.07614510561325
167.314318890095	74.9401097612869	54.2346275209463
159.494372013352	89.1531004026135	64.2078987032706
60.0626500305881	200.609589284538	-20.808076565628
208.518063427168	66.6662598084532	-30.7827619362014
69.5231339478615	230.669154570728	16.2010603872854
167.104880941324	137.731937867026	-81.0235260724195
159.642385413603	70.7412531814873	46.7126591966149
81.7326814249986	180.676696578507	52.0198829006616
170.004889237265	102.529704277917	-65.3862442629652
64.5650712285082	206.224346169693	-22.0573653743414
188.005412751322	65.5686761282631	34.9281861867592
67.6137942118016	222.066139486206	16.7588406589783
170.682651418806	75.2282475303184	-45.2302337080907
158.227269083176	72.0402056110056	-45.5117725011998
96.653998828534	45.7317062037077	31.8274771670193
92.9631002749835	-5.44605164226771	6.66515236430502
31.144331905288	127.249564260464	-33.2305730480969
47.9363626050969	140.36277021886	71.701985601511
73.9345833890778	246.448611296926	-11.1759676879639
223.75086301851	118.471446435093	76.8851970826193
47.2501105466065	149.668708085743	-11.1122634029167
120.756322041004	63.8203710294466	41.5815941624284
165.174074483348	106.591926300586	69.7171202111387
56.7132372383583	194.586297900632	-8.37788250613836
164.684955389133	82.5493995443843	-55.0451126122776
157.751441464587	87.1516317125181	-62.0269052311488
55.5853271137636	199.036097659847	3.60378787264505
155.479481850402	90.7888630555804	-61.7703138378435
78.4189163481312	184.386198423202	-75.690719474282
35.4317845897968	234.708419016215	-12.2230818091824
87.8850801395622	53.1509749128294	-32.8198241481629
129.147907750055	65.8678235023567	39.448816759192
35.2632623084614	108.160971932695	-10.3199492513963
102.135905485403	38.0383814945242	-23.962324742913
149.375977650074	83.6016771818054	56.1489343166453
124.165405922489	71.7185878457089	44.5465516267229
134.491292952112	66.0525257897025	-41.5091801539822
50.5531558639167	176.41515927604	0.662107011973917
57.8076886505068	87.1665225238388	-43.2933003236899
34.7061209077473	105.862083573268	14.0925613205541
72.2544072987154	193.169178267173	-72.3366689726989
26.8183063366835	97.1111914904807	-50.2386767992493
183.743496921383	15.2819804029886	19.1784621418302
43.4504306995566	116.460989561862	51.4381472518218
149.257780171197	72.0697829585894	50.788382191934
43.9428994347116	145.66414599224	-8.99314467193138
