47.3326922736151	157.77564091205	22.3880082800604
134.631824495734	55.3251270885509	-70.9050553149051
163.377964453616	43.0009170706183	-5.76226375840412
9.89778453243498	83.1086552561265	31.8660514341992
18.480331182151	98.6749900687067	-42.5175206674981
29.4584812063872	17.3469641535575	-9.89160528491908
2.09307293764254	4.40515920904322	4.74504474747095
3.79110979598844	3.08731955433668	-0.765236402650432
2.19241820720513	5.08873887345322	-0.185392590640936
2.45540353114389	1.06592127694413	-1.88534175581043
2.59125531199734	1.90337070215157	1.93878304870712
0.808117660093641	1.06415832988281	-0.650340240675505
0.387634584866874	0.17204947756981	0.0220253333408413
8.70178515206439	2.5860422884879	0.256605070609599
1.83527093025445	0.890104897653741	0.432138881762081
0.316813201314434	0.295866407078001	0.409907674200443
0.98620187937553	0.474278237363296	1.10216859926036
2.00514321329605	0.652212349480597	-1.71494240160062
0.762596820241465	0.337955559868453	-1.03517507294989
8.15930576503004	0.48058867401903	0.722141467261903
9.72029011904261	1.14159122422821	-1.11854950023169
59.758560037676	23.3250005276981	20.2502677460387
87.9606724100591	-24.8712574576541	9.4555801180831
27.5179350164872	142.955771433602	-33.5803041227113
40.9673834408739	122.678135405386	61.9134452076174
54.8904734314598	182.968244771533	-9.77491175166733
166.740403107707	88.6777634855608	57.5070870771449
7.64331137408021	22.1564521654183	-6.14543264435043
20.4609642719347	10.9927065631613	11.9099965174561
0.120130425578181	3.50027106523897	0.486353831649506
4.55814100401576	5.92837049026983	-2.58091365582539
1.1540860816377	6.00363309364415	-1.58348408256842
2.0718146492135	2.06089994731818	0.661064160702554
3.02738285291159	1.57527464087365	2.00173408166682
-0.566792843634187	3.28986147492317	-0.967444700520068
70.395090214643	166.234619996407	-67.9073223948401
21.4451114907475	173.11767718219	-8.15289047710539
23.6802423887758	35.4307004678197	-24.0974517219087
28.4747252969073	0.175026627732578	0.333421844752471
21.7902116452379	68.6077332327597	-15.4104028927706
56.9223389060066	6.67331506249361	-17.0247368289851
6.04346533738014	6.23477951987118	2.63927818877555
15.5530341197454	18.6689568646	12.8603901883319
11.4258257724336	10.4250945596024	-7.10405562275565
4.55821669330095	9.26737874950521	3.31658376712093
53.4760259537185	91.2862286115071	-48.6266739096849
6.39391205814761	41.7934765470642	23.2087124494623
66.2187835224987	176.332796322887	-67.4238779801762
34.8653059308608	114.619462049783	-61.9737584342305
159.553247711088	15.3213025374365	16.4767001961229
39.9613829087866	127.331515709327	55.1397553247266
12.2372302493074	7.26572204505712	2.31728974282528
7.93213207505615	30.0352177932788	-5.86170712950458
