-35.6995908699071	-118.998636233024	-14.4379898049053
-120.486013996212	-52.0580216609977	58.5347239293657
-54.0316911105042	-3.95217678476811	-1.20163770056959
35.7301120132463	52.2815701255994	-2.31290104504745
40.5954014466944	84.9353318470962	0.773938245452758
124.720213470838	57.8453848308849	-34.4306373116078
51.8444638463998	164.926492312942	2.58919153271391
146.333685384295	76.0613127220784	43.2915980810749
134.322714264851	84.7292268838247	49.3747615884112
55.761806598779	158.741844506423	-22.1561763250297
164.561176506348	54.0616001908784	-13.5996172207179
54.4410627546074	165.673522174677	3.2942397285003
130.296781120294	95.3614646138998	-53.8106942541652
143.182038325642	71.9093087049508	42.1011528333234
76.0889083743914	171.50250779786	38.784602136873
160.092791783759	86.003288902474	-47.3915298000776
65.4279159041702	172.06255102914	-23.6327743475424
163.902094021088	66.2932468586924	30.2809204122506
56.3939065941836	171.736467301068	3.68498089551416
155.305168493066	60.8788231868547	-31.971471206169
146.401476128632	64.9666819386779	-36.2378084895906
87.1026719633227	49.0678258321076	27.2914689014266
53.1821020256191	45.4160729659793	-9.20646282882552
21.6607630412711	0.218328844721746	-3.64654699112923
-19.3712748916608	-76.9703835124446	-35.6007772383918
-42.234682705433	-140.782275684777	4.60044737656238
-154.553001938947	-82.6866881348475	-53.5690016920994
52.8506169690097	154.176239817216	-17.9448492016983
120.432421422898	71.2757740133749	40.5035534091389
127.518528827776	93.1757938798737	53.3579264200396
56.7925823341672	168.804439685342	-16.330575515704
147.519454439101	74.9289892720085	-43.2867457452668
139.2971044664	77.0586915356128	-46.6109861660422
56.124083396037	174.191544163503	-2.19410902702103
140.687547001462	81.3293494216579	-48.9294695714478
-25.231660097804	-75.1290958072991	33.1512401628824
-27.3655295904464	-156.802855665347	2.98358958398255
106.750047145255	54.0438986523721	-32.3631832924984
123.674395988255	67.0114680578698	40.6673410467884
38.8687495643502	114.818962977255	-10.8989829891895
99.4679756474103	52.0612289453922	-21.3126043145389
132.512774148595	84.0396235928201	50.668308679667
121.196862112886	72.2822005422612	44.5504286033894
133.577045336384	65.1498718062226	-38.4127515539685
49.4082822486602	159.706377397888	-3.71910870387346
55.0955850349117	47.6331255247967	-22.1252707536929
43.5336755361785	116.180859830942	0.188818978312696
-26.3590289616834	-86.5819039990148	39.6553437374492
15.0681181510643	-11.9132287641086	14.3279943405756
-94.695424412721	-5.36139633416155	-7.11220256621552
0.9007802729232	-37.4005097677876	-28.726774413861
134.736568079642	75.0195031279203	44.7978974144127
48.5422725329363	143.983457847455	-10.1764107745816
