102.56564356179	341.885478539298	40.6854196689341
290.708387299042	133.927113969713	-152.059564891284
667.646585460583	196.819157864361	-39.3538646105646
350.275670412458	936.172535627922	222.784796940797
401.59664202464	1209.87936336479	-234.317770662683
1397.76592726435	650.380146003628	-407.696669899629
510.878156643858	1689.98238889911	50.292392103794
1492.60097934485	702.937404354248	446.282454847409
1380.46228802085	789.80845707605	510.280675829177
540.698291411916	1643.56357458083	-210.737438404908
1682.93606330079	542.354527214282	-181.350355606268
528.890800990138	1718.97885863736	104.498978816332
1244.23229956576	978.136246166326	-591.870075462642
1481.59729077348	681.951137032509	428.196918004306
678.661339864419	1651.48055523479	393.224794505796
1559.78969197237	758.500193606296	-474.426040743191
597.290913169319	1697.00178442113	-265.370582816848
1640.62767038759	607.434637792027	317.080647325321
531.761802257932	1725.60270449481	103.740082636583
1558.08069508779	615.479280401487	-353.267237510414
1512.05203281424	632.432280662434	-382.575358672535
1205.42335748393	591.555185740778	390.033167371806
1011.16174149799	220.885434744561	-13.6446223215022
303.632572974839	791.344170051184	-210.321311452034
160.390578632635	372.290891722153	164.739000780933
119.691973222229	398.973244074097	-16.1672863265823
358.88112374452	192.94235996024	124.898562030702
514.198662404992	1601.22381260547	-170.91193530298
1293.46958222594	723.52493123635	473.798834349323
1328.80774575172	865.084183451939	550.232613029217
542.640291015889	1723.28944077552	-137.051838031515
1488.73431139124	715.890171973333	-447.059231382686
1405.14750382881	755.39517970627	-490.984909099043
532.433967639203	1750.07628189345	-20.5751503201938
1419.27784741909	788.2839421722	-511.872259553176
245.645242498076	547.016770687954	-205.567303670825
61.8158900440013	377.892486089135	-21.3930038420427
1147.9992998968	697.334929857825	-455.315188986845
1399.63738411285	632.331016644425	399.897192220412
487.386710182288	1511.8721895624	-169.788224736374
1317.46772895823	534.158934263352	-340.099062739451
1358.35869538991	783.548158212214	506.332571440015
1304.72817936988	767.612979273989	499.345666421246
1372.28761085492	649.822845850757	-412.741895330988
504.607570120687	1672.22099496321	-4.62906097208967
659.992508851194	806.907453263415	-415.911584556688
427.327828779518	1367.36226254203	150.773143057237
224.524411812603	546.453252838924	-175.880279682437
324.735214746029	646.284494825211	-270.451953133885
450.009171738448	79.3588849217818	41.9209476748597
219.85555849953	566.77843429871	170.555024706409
1435.31713415177	723.303322518205	463.581973950187
490.837452585234	1573.59896200942	-137.574113280217
