-81.4391607921141	-271.463869307047	-31.222315448095
-299.052973609396	-132.918531998051	134.975693972923
-294.379363569521	-62.2092558507097	4.09318362892343
18.2170658822114	-59.1837348256475	-46.1369014075943
33.9343383733448	12.6594164545956	43.8292534876623
190.999624748524	83.2769354687539	-53.5473668405008
97.7965714947719	320.025202929735	1.63123776906129
284.555633483412	136.036190412204	92.9962124739019
269.683543836285	152.720077689786	104.977250403228
104.041006091117	330.780351379675	-36.6810328400126
338.17262788742	108.832452427	-43.8267447938725
111.153620106161	355.529821886107	22.6087712179752
261.864518518069	212.993456479765	-122.319819165396
270.642027436769	130.981805447438	84.2855790523821
133.751439820026	319.571587799323	77.4846616144009
301.423582457647	161.439350816458	-99.2228104806774
117.012313874004	341.107092549454	-48.2093011453723
319.000988800203	120.137818238701	66.3609116310764
111.637267975455	355.159324609433	22.6855063136298
291.815892716679	124.338995781555	-72.2958689498543
272.537785904453	128.61883403347	-74.0223927701837
68.9660911597977	50.5655839982325	24.466865198584
-55.549736905807	52.0784161202908	-23.3630992514095
-6.74361445802517	-144.393814915401	28.8120537444797
-90.8148621475589	-260.690717926614	-104.908456093789
-97.1168897334565	-323.722965778188	7.99693264581885
-371.694181266157	-197.995249013802	-128.360933099732
82.775769012079	253.716907436043	-18.6270693452047
199.259713954776	112.663665644496	58.8127833137471
270.264260771388	175.214944559964	111.684585691411
99.4836179691724	328.844653520833	-19.4955825074911
289.162836289335	135.282988772352	-87.5839725541499
274.86799679408	149.306011087662	-100.970357493616
98.3962058366394	340.993046919344	-4.2329056107796
277.894849742078	153.417053955509	-100.168210932896
-107.669859015211	-272.541602920067	101.696584352414
-77.2315912184956	-382.679678575152	1.63937722117096
159.742160541392	53.0993221831264	-32.2064378424297
195.894882643767	130.767203936231	79.4410869479448
44.4873334542228	126.003875364651	2.18473934364793
97.0416459429524	76.9563984462286	-16.7059288221419
256.079339100981	145.727256843718	95.4350961778959
204.534919343653	110.573646134365	66.3349452208595
246.836676374442	111.766877305998	-67.5224741985663
89.5652441997381	303.630499570524	-8.31093940709873
2.837991404946	-25.0976459342462	13.9283618520382
65.4875067904191	145.067507958042	-32.8641480199539
-104.755592655448	-287.932204257432	116.787625995833
-17.5311332093096	-106.013664231407	68.8223348030914
-303.652654283835	-47.4589806781398	-19.7124555003538
-63.4054647238061	-241.721636021356	-122.982132230041
249.986207173465	127.756013944106	86.6974299290917
74.8768565243489	230.003548002515	-9.91213445567051
