109.29956281651	364.331876055035	44.0863944196769
296.835572223625	139.3876773735	-159.16206517699
538.416985549043	170.703566409351	-31.7387335284106
216.643221374344	656.255864075285	156.667312034624
264.011012236083	845.933202436415	-183.961027560336
896.262665964675	421.905661012602	-262.061024698479
314.365624844367	1041.00105279426	36.0821714121069
914.02001393718	447.704483074538	278.19310995119
845.260083350387	505.530232605547	316.453868692656
338.184444964441	1005.66466976946	-136.782409386114
1029.16156973679	332.979157835103	-103.591595910263
322.871628378087	1041.49990495256	55.524672875412
761.880932557728	598.104290515512	-355.745112667783
919.611042614787	430.168321203206	268.254911636109
415.411239925466	1014.04256135986	236.223899044606
953.176772967982	468.300944692294	-290.477764089409
366.086714675224	1036.28551383164	-159.911364419675
1004.04769355938	376.383414144804	194.103654811533
326.564122471916	1052.24302164957	54.5110152161244
980.911057185442	375.040547156869	-210.010778690106
949.530030031686	394.787108008033	-238.434425785885
777.737731571542	379.103692191444	251.30168013608
690.790862665181	111.144065129435	-2.87014363295953
215.773475990104	628.94232235978	-159.309482012057
129.694085192529	334.788887151242	152.223402653335
127.473745607468	424.912485358228	-17.1752907893047
362.146177798674	193.387962944216	125.3278205977
340.31956564741	1049.18728273856	-127.353279504543
826.769213729025	466.42383955683	307.531298975884
805.275955266951	545.262089290325	338.358619680672
339.292107401986	1059.03150367777	-91.340239571221
913.010664062768	450.425541882187	-277.883705900248
869.63241355059	469.182022107095	-298.410165506429
328.846156331944	1069.97468046445	-11.3623407124031
866.155820493826	488.810927822774	-313.371926413698
207.848340738189	473.283951830391	-173.949828556365
59.1510006859087	383.062084828164	-26.5250064423512
690.721583743995	445.582737302217	-291.573417561656
893.240336031195	400.197143208077	255.879501482858
318.060287026591	988.313542722617	-124.149430790994
837.378126208827	329.233250089079	-223.977667518049
848.006174804608	508.125744900818	322.9099412509
836.383531310776	505.245313464365	327.714188575607
872.23172893381	423.644250657693	-269.991060917401
316.254789523241	1040.72217112793	-1.96729964540241
482.887754425298	617.957734409992	-315.559176213058
256.95393259855	848.17270473172	121.02530548103
201.681432039246	489.858315911716	-169.169000085189
239.306513293432	497.713145141124	-221.354400137941
413.795614741031	62.0128096150895	34.2040230543182
166.765709593408	458.850558955487	145.10819387677
897.270795548296	466.54478640626	294.095029361211
313.976118600564	1014.90109872435	-93.4495414011616
