-114.16733198755	-380.557773291833	-45.1369966630453
-402.924458727207	-187.42942823308	185.993984684052
-502.42684414592	-109.328675199674	9.13273907904758
-2.04016711180019	-119.712204629662	-69.7461983085861
41.6042630047025	-15.504732811244	66.5082730362923
331.652736903074	144.853501261725	-97.2179552149179
173.21241140693	572.149365591953	8.93401934423339
516.336488412535	244.278304726787	166.50692646599
489.134647278469	277.196041032798	192.385977415899
188.772468064138	602.165111086159	-68.6264171871383
619.732509555824	196.569989366216	-81.5220061596085
202.88487771555	665.786306119135	41.4160510160883
485.800211615139	389.124106658954	-231.037793303489
487.528128299576	228.527447312175	147.364927767249
245.940877647115	567.70513251169	150.400424943212
534.833866068898	296.073367542254	-187.757469056074
203.525285774448	619.715306973676	-79.0961608390318
578.006406814498	212.296327995991	112.454212451185
199.891966907197	653.671626982817	42.6919032987971
523.369515709339	223.865648136223	-132.046246302711
487.709191510215	222.614629344476	-132.17639438303
65.738547727744	50.6923494942056	25.6721338624403
-137.261800970847	72.7725581397952	-39.7286796985225
-18.8965936948781	-223.108460935178	28.5265796077922
-141.401016488328	-378.823416016041	-149.637906222275
-136.373236472122	-454.577454907073	11.6228199468933
-498.90287259084	-267.632875086372	-173.30364204595
150.476423771287	469.604576995196	-34.0719489034213
333.654192225822	187.533173468558	106.322652781977
491.316676367805	319.126516122022	206.326513161361
175.426915615533	592.407073174092	-33.8200316846047
513.863555914524	244.859531421168	-161.648114938974
494.901932081268	268.66515702161	-183.423738968352
174.366739459997	612.598870004043	0.98324870938018
492.339370450262	276.974178402716	-183.22748821714
-172.445140102911	-437.551255297209	169.414004710809
-104.995295282237	-511.737051816838	11.2698755965717
234.287049638496	76.6666577169303	-42.423232660789
348.267405371806	218.501269504673	135.279068239134
58.3477072852799	173.830278792488	2.24237077651581
110.795214072182	114.691462419323	-23.8969124129734
455.058379811521	259.027876359217	171.996351509841
377.989750672714	182.98134692857	108.977627942196
426.616641168285	198.830836551942	-122.83056219409
155.025065986648	541.329687139772	-10.3635614094667
-4.1730817693098	-61.2501500944713	34.2491728525924
78.672371833415	194.371440513505	-53.1660842431147
-167.029629887743	-435.765730986239	171.596310096122
-40.1408287210375	-186.064644855198	117.917269494913
-449.136461690585	-78.9260628308912	-26.1616437154621
-148.049430522125	-382.098500018507	-187.609061414487
449.256598358764	227.082024918155	156.256184087062
122.642007085954	390.830612248853	-19.1630036777568
