51.9433735614447	173.144578538149	21.5132806065217
165.638210507239	70.6628343405174	-80.611936907857
388.491346757419	106.798534846829	-18.0953091700786
208.979835995001	527.306694255647	127.671502703034
240.026675255842	683.924392634015	-127.648234858048
758.017237639479	350.610536993835	-222.902641275739
279.134550687922	927.512071599504	17.2832390594881
815.175540499259	384.467798144144	258.411546503993
760.146838607754	427.936445250171	289.178726944162
291.755758752695	913.749099314793	-110.604640087056
918.874874795863	294.659168448155	-109.298021487633
282.968967138578	924.532340248925	63.7393039110563
668.365999025301	544.287143786537	-323.413602509612
803.25041549491	377.801691315259	243.79090795663
364.152469113643	925.825898869236	202.316542691784
873.324783757139	418.318593886547	-255.722545781513
334.203382613968	929.26171888663	-157.213349804659
895.439124871324	335.274752923208	189.260295559202
288.550921562017	942.450100858489	64.5816302429518
855.707497101702	340.388028969878	-194.731103341062
831.619658882238	354.23851972143	-216.205097551789
668.228823265152	329.491262503747	214.673823910192
577.238322820573	142.750076864755	-7.27292696638635
176.645766672021	431.11392560891	-120.510981741246
86.8029780825516	194.457537421124	86.5795265224704
61.3268547806209	204.422849268736	-8.83811087465032
204.861269896552	110.623721636689	71.5598028810832
281.683322440995	874.362819140095	-94.1526345610523
715.019772453045	398.991606071823	258.17042694432
736.370959468947	466.973311381142	303.113864705675
284.968632315862	932.897127577298	-66.1416861533666
819.521440643371	380.099634964315	-239.264845283482
779.185021698651	417.375159482492	-278.420047922663
289.025458742607	963.949001173439	-25.7459517505039
791.89134938183	431.687205588055	-283.077845269095
130.779895088688	297.707257611605	-112.301020067937
35.373752388427	211.340486276848	-7.01915737680714
638.205370823905	375.32241849372	-241.608069694191
760.015435098382	362.197053601477	227.761053638566
262.415157483705	802.614636914039	-92.0785820678995
723.075096021238	293.081487591015	-175.134894719636
750.568651423187	429.246115952778	281.822002028444
709.896128054149	428.596106405456	274.823333609076
762.037925450438	355.887845976998	-224.85028067335
273.132592015132	918.528958430999	-7.50556948929569
362.15358474286	444.586433701889	-222.934617490045
246.195750948129	764.563767699401	79.1237740311525
121.084847285884	296.632370856731	-96.4034841894051
183.656052148351	359.624232774567	-144.588621747798
235.858186903498	41.676487896492	23.6144414160895
132.198069881797	332.013403975412	100.445531195732
781.422656367072	394.149965122374	261.182884488339
268.31759584175	866.592499661469	-69.8916955040414
