-29.8628519347865	-99.5428397826217	-15.2771575915581
-99.7814335457084	-40.8923460711531	49.8702223007074
-139.517168967254	-29.2167452177596	4.73098907202251
1.5434607887667	-52.3892013464981	-25.7778500867589
5.89491267350573	-30.9209104606643	28.3768677385054
74.2366617849517	32.5816931872878	-22.4487009986073
44.5335023587285	147.158664550798	2.24037035595756
133.179768240342	58.6961641316013	45.7427795644845
128.467162964159	67.1021158881643	52.6121130740197
46.9041660563177	162.9078197071	-14.4443014737783
164.931010740962	52.8403811402226	-27.5857124283384
54.4432661965701	180.381822360905	16.9608081692246
127.244817363111	112.18183427147	-64.8089419728998
124.10935456198	56.7242613740548	38.4228258207708
59.6487216635785	142.961587365996	38.0521384606418
135.656249512493	76.9866929519606	-49.8511254278731
51.3671416228088	163.205805069737	-20.1406412005871
148.70640232876	51.8734052955793	31.437808961407
53.6372106256937	175.882388350923	16.1718376970497
133.754403999516	60.7281018350258	-37.2456324444433
123.798685271715	60.7277593831255	-36.2338869178224
4.86900398147304	7.7836049214432	0.313526236091857
-55.7049894130907	26.5408098749207	-11.503248870394
-11.7472561933857	-94.2411330160655	20.6017373198134
-33.9026814925748	-99.1453200404874	-44.661606359096
-35.6258595186589	-118.752865062196	5.54834123610271
-128.022916264906	-67.6746676878367	-43.9307708449644
33.661748706219	107.300301402561	-4.44885144303591
82.3945911198102	44.9121209671338	21.5591269341562
134.309324824404	79.52136498828	55.5467474580288
42.8639423464825	154.294477123559	-4.87718774063775
132.957528544342	62.9886630601524	-43.3921808786894
128.093557512391	70.3977515397097	-50.9701698031547
42.791399988724	158.806039082917	0.259608665586978
128.00329236415	71.6022534751619	-49.0391777306536
-49.731385293809	-126.557102329376	50.9648818608393
-17.9180820145957	-128.754389962008	3.09019453065164
54.9878014408643	10.2793172807181	-4.78472504327497
80.795512117337	56.1272473148077	33.5818331408908
8.80246346087308	23.1395694986239	5.30180980045235
12.0737679067359	27.2534384462604	-0.295408064355387
119.366794559619	62.9052832339962	44.0089030052529
88.2358889299542	42.0256050386714	24.4129853339046
105.623986932222	49.1268839858201	-30.6763305891597
39.3228927041375	138.19640390032	-1.78439775189079
-18.6964629881902	-44.9884730767077	24.1771087522994
22.9242741314702	40.6775116998233	-18.8170773876689
-45.0353600354561	-132.474622729973	51.115248937596
-13.9686153549619	-72.5239189636651	43.9373606350617
-121.531765707994	-15.3686355336357	-9.59893610157712
-33.0660660680075	-106.625837092142	-53.690042539308
114.03203520326	54.5048404564669	40.314139684202
29.2761412253346	92.3802496901985	-0.961718824247903
