46.3444045408265	154.481348469422	21.8594606041109
132.481161629517	54.4675366232272	-69.5376128788561
158.595398383663	41.4597733930366	-5.72447290056564
9.27719457153184	82.4325997647021	31.2809134678103
17.6382279612694	99.7406959252933	-42.7465609835324
34.5909437193067	20.2537431197213	-11.7977088966794
2.25179343447181	6.5784529084409	5.96800343784596
5.40631604782171	4.25906516223332	-1.02761975598447
3.32881342453302	7.10992305999964	-0.0509221690509782
3.16096744959573	1.84105654368324	-2.6412826627846
3.93595404476263	2.31594297983067	2.77195061460952
0.959008107445862	1.4570853882793	-1.03796035939483
0.385696563404586	-0.0522360813324123	0.103048811022284
11.827428168277	3.46221058718836	0.617418945856579
2.27162492405218	1.0559319636269	0.746961554423596
0.250370492530605	0.271279632251776	0.4492038930951
1.05034846754105	0.930177820794336	1.56250565797851
3.31635712265738	0.956081564972012	-2.25361220879649
0.932949469636865	0.813570452053311	-1.61032633555954
11.338916179081	0.458224089355924	0.410871551851298
13.0716258112467	1.78205606215957	-2.00340270423607
63.4537102079013	24.3130316618916	21.5742739471188
86.8579282148987	-25.2899143164119	9.15918642299236
25.7051419547341	138.672341600508	-32.4394452535956
39.7412771207059	118.985802846642	60.1479795196356
53.8035129077035	179.345043025678	-9.49518802533161
164.047710408844	87.2606207598571	56.5864610748261
9.00400684237089	28.0587434239822	-7.46067982058926
24.3338298356204	13.0253712539065	13.9767310051324
0.431444718318383	5.02440375960119	0.952323998412109
6.16550180515162	9.13417629549839	-3.70911310173491
2.46941390960665	8.28446932977429	-2.75111938122568
2.84499739044354	2.79143989956718	0.657067880787343
3.72910259684048	2.42880036010148	2.85613573829164
-0.44122758517242	4.3135443041325	-1.50512843642446
68.0173005107651	160.907134929914	-66.0036384183227
21.340702357757	170.208923211499	-7.85367480682245
26.23151314167	38.3796141063329	-26.8685345333259
33.7219454168629	0.607775363845084	1.45125376075366
23.4031658299571	74.9154859256605	-16.7230650490783
60.5824223396187	7.31949856065944	-18.779942932967
8.81128031241099	8.40158422839699	3.80764694053566
19.5910253537974	21.4505724359819	15.1410157305231
15.0915266626647	12.6359600812254	-9.13914626268476
5.6544581994624	12.7846587563175	4.27745463421215
53.6821382202976	91.4720911385306	-49.4487786571841
6.45282412351821	45.1765409353355	24.4491297895657
63.8506370348906	170.808270567678	-65.2948273473368
33.3891448766693	110.981853996119	-60.711216727849
154.8013536485	14.6708273340149	16.0298675894865
38.5598132922262	123.347783401539	53.684552315972
16.4609990403949	9.4289511592158	3.19123379349779
8.90784154352479	35.4675836806337	-6.85925079070734
