-31.93378873319	-106.445962443967	-17.0871474500863
-112.706095328054	-43.9482088519667	56.6463103430762
-207.282236972994	-42.1252981685415	12.4655221780433
-7.41847470273803	-123.815656732889	-44.6494771776888
-0.673443655784375	-109.929541346431	58.277423733221
-16.9403969630813	-22.6395998244546	9.3257082799188
23.9908146903398	81.2581709508899	-12.7954076682833
70.8274159382336	23.3338528329702	34.1269501908892
72.4550706130121	22.1777862731091	35.980147550659
21.3080160149676	99.6257359396954	-3.79178471182166
98.5649814598912	27.7515733976841	-24.4229104798276
33.343957142436	116.870883117172	11.6656560027342
89.8028458270616	73.8649334129776	-43.3142391278347
52.6827378098737	28.9331121902227	24.9893109632396
39.4901182045306	95.33649756154	23.0576167865242
93.6008200916268	60.0473958471294	-33.589819139075
37.0821282553915	109.513355030845	-15.9390291948973
88.9231448291292	30.9539396535357	26.6039360017481
33.3386770242335	115.84655997346	13.0121805476695
60.4871029165517	38.3389517407714	-24.8853181733465
49.2647178307825	32.3350906245498	-17.8807934582905
-99.6917238223943	-36.9390406914367	-32.7944410181528
-127.754184163994	38.5254510799111	-16.5829847635303
-6.51098588779871	-135.671876800553	22.9130691399511
-39.3846908318493	-124.715884262602	-55.4981973002819
-39.0804972129207	-130.268324043069	6.51387738958248
-147.595650822979	-79.3049187413928	-51.3416520818982
7.06741413138711	22.3377995721851	11.6029070974679
3.31414209945402	3.52291300741013	-10.5311429109291
85.1035626157647	38.7237808432309	34.7488828171095
13.2083361021644	79.7772580311986	5.5573365190405
83.1736880895932	22.6271610268064	-20.6652314724659
74.8343681766007	35.3090986775326	-35.4327835682676
20.8596684115928	99.8764134484285	-7.29430817620403
84.0901170933968	34.5156691035964	-28.4977101296896
-60.2230280470397	-156.211183745024	64.9197714169718
-18.2903190338654	-146.983579252993	0.317023212086481
4.25440982181833	-46.0756869559011	35.1045299872938
-14.8448280459506	35.124705352199	19.5590950215685
-23.0798214239572	-83.3114838639037	24.7688711942034
-85.9422797804516	6.58034273520053	29.8372216773659
55.046167832714	18.8902335938025	20.1782693210158
20.6919531276209	-12.0284812293492	-15.8850055995625
40.5712069973362	4.89397478053188	-0.0170788329596815
11.935929783535	60.5322806412895	-11.8746878492066
-61.9519190362509	-113.736726495033	62.8427863233877
3.53639806806692	-42.6873053975057	-51.3953502549141
-50.6100412413117	-160.993045673642	65.6600604185505
-20.8204940182063	-99.5425936552122	69.4087385122982
-151.624065279498	-18.6552639040238	-12.8588559368675
-43.6947715718078	-162.071777131483	-80.0822117768414
34.5982114832516	11.0095000431443	20.488509671916
-3.18942877735864	-12.2965069774873	13.2959469507176
