43.9662135918002	146.554045306001	18.4013980900967
132.875641461601	57.671736745303	-67.0192379222887
129.769162403205	32.1419541269303	-3.43957357206048
31.1278741641029	92.2616984431739	29.3004785333992
35.1183715258237	103.373665649079	-25.7750070498866
93.6405602975234	41.7501665366846	-27.6602487546014
35.9396011976963	120.321933423462	-0.507981933609934
103.967491454572	46.5253179328355	36.6806802283661
97.5676056200798	51.2347081948378	40.049061628398
35.8818569763461	120.410475363998	-13.0628616236658
119.712431484234	37.7925476544725	-17.1847896233393
36.6971939364307	122.66233751201	9.59009834651545
89.9428473818632	74.7831019468777	-43.9332326332062
100.733613042595	48.0137651143508	33.2815643310458
46.4377402952863	122.818071435079	26.0569370074372
116.395629214825	57.6318973673485	-35.374818364387
43.951502334788	124.910290251607	-21.5467652712386
116.69899449851	42.5151714190253	27.5131862744467
37.7534192598815	125.990389290521	9.74645421524161
108.883962466433	45.9921103785627	-26.7036379020489
104.725158251905	45.5302153890859	-28.3167661436111
87.8087291102669	43.4173341232107	28.7311066604942
103.025735855919	12.0169313971809	3.7405484033635
38.3451108246066	116.859273770511	-31.6856512585293
37.8016069053465	108.278589689665	51.3235983549523
51.3085518207714	171.028506069238	-7.05391061568559
164.856549751396	87.8712631091285	56.9628970351832
35.2645662412156	109.526741117077	-10.6149285246103
88.7961273017901	50.0177420077053	32.7630886281366
96.9683649921778	58.5513768294761	40.5135050630556
34.2175385803714	120.000412106909	-6.34065941222916
107.942654577294	46.8279252580085	-31.1069461612712
101.100529533296	52.8578105740218	-38.3902140571131
35.8946399761762	127.35000694696	-5.25595824727838
104.940001839503	54.5124736077941	-37.6789282559957
56.7663995779352	139.131589234244	-55.0588874245988
27.8321251397045	170.621254168553	-7.05749965075138
77.6605841308637	46.4685893092906	-28.7581026494931
93.3178356814724	47.6669015403964	28.9027879032994
34.1591123408275	103.112199068377	-11.8933576951281
94.5829503135796	37.3561844310873	-23.1413839884439
95.0062303232671	53.1752101134152	36.6324394698806
89.6427776728819	53.9837460722225	33.5456569517186
95.0864641165727	42.8224368647803	-26.7934996683368
33.1252870783538	116.465761847672	-2.80420968447133
55.3150845047814	77.4059458573583	-37.0869124504412
31.0724140771571	96.6844510121077	12.5271425527405
53.8427737882383	146.631516294415	-53.7756758858724
37.5245264043051	95.9531291778588	-42.2986796101907
134.75608127313	13.5544073748105	11.7846850507116
35.729537840943	105.777004894628	41.8024729684983
96.0535515007465	47.3540411174403	34.738575782875
32.5810249152868	107.234598445751	-8.03128295068827
