-4.79923171844294	-15.9974390614765	-6.05693547427488
-16.6756882229334	-2.40666341634493	10.3118094527227
-85.3300347408151	-17.8834464293136	6.9215287872839
14.6633855693642	-25.7575869434759	-16.6256772969003
16.9643351462744	-16.7368395763274	31.3659274833842
108.984101161476	41.1561677713121	-30.72374958139
67.3085330320615	230.098725640911	-4.51348125481617
204.155454176375	85.6947591839532	73.0911398054608
196.319365828236	97.7777761956099	83.2702323010393
69.8006069160013	251.180308565524	-22.6911103985454
255.931137159681	78.3552760424884	-42.8852458203087
83.5514179033796	282.961371070743	21.3352328141889
209.21640234649	170.356439643218	-100.828202527372
185.652145763559	86.1359216129416	61.6671483267148
99.1513597251364	235.669931314777	64.4534633509671
223.379205744418	129.188468093617	-84.092980028908
81.5201480274078	263.025332903997	-34.5050191089733
235.771247434883	81.2686858037144	51.5670533118982
82.6855989067831	278.28866726394	23.2099594737825
201.428453779812	94.7143422268471	-58.8121993068868
183.064664495106	89.4052547244955	-55.1242427242476
16.9412948216366	17.8276214052776	4.36234748724039
-24.0466549870511	40.0621436315174	-12.0615894539003
5.63716782384032	-58.6399419412509	8.46743963716447
-11.2096588706737	-36.8828375306586	-18.9921724483162
-6.63969053807683	-22.1323017935894	3.50111569847749
-23.0798239257812	-12.2081220150006	-7.92401544636212
50.3354649782728	163.271587565854	-2.80891592733797
119.86040970728	67.3235700374975	33.2301121360885
207.846246324998	122.990219353063	86.7992426584161
61.7402528193857	235.998136211679	-5.08196505253253
211.434941739856	89.0389489578967	-65.4767902952303
197.230726262323	104.181557011053	-80.6546447784393
63.9533217986491	253.621793519714	-3.13903239627547
203.196068319848	106.987115296328	-76.8809175169494
-22.9254186454029	-54.9932979105217	25.5860602669239
4.67123799140587	-20.8930704502821	-0.423433684487249
90.3927531702769	14.5414599203826	-5.44532735971125
114.572674396266	87.5138309964615	53.539149735316
16.0213781727148	46.2435643855322	11.6934943826052
32.8479015062514	48.3125599955385	-6.92833596433695
178.24388522897	91.8910618987532	66.6684732787414
137.955659585844	57.8538545417033	31.2547598618266
157.939326519012	63.5801330486364	-39.1723221305756
55.7423573118107	208.250628356819	-8.23062865819328
-8.93464527784205	-41.0294199382815	24.7459808819739
34.1428904238585	74.7338962120412	-27.9165558373002
-16.5318033427768	-58.5585960991201	23.2815506645434
-2.8559141605311	-40.9178624300057	34.5951891534269
-48.3550309814369	-6.02820445277993	-5.32721711800717
-16.6850522334616	-62.7508399711843	-33.6743323124367
164.555952347945	76.0204102710966	61.6830417580424
40.047407532298	131.410141624244	0.424279616491305
