-48.9811437681393	-163.270479227131	-24.2058732755752
-173.706485698947	-71.6623740114959	84.1389666804047
-296.600712353438	-63.2526506925875	15.1464962505971
-30.583895901699	-190.769729988118	-62.6909019246953
-22.7330568528212	-178.611032184225	76.2014257638036
-79.2180949138268	-52.5938216061385	28.2117049590161
1.80357224519409	7.7997705047799	-15.4557452946783
7.05751611897363	-5.40862015015992	12.974243223731
13.5596977275	-11.3005496581084	11.7468551440437
-1.38107615755839	26.8362655039915	5.3751320422426
23.4371980640386	4.26949592507451	-15.5937439073433
10.0097861830955	38.4516276738103	7.75319144584236
30.1870208894916	28.2595687559453	-15.8448092724892
-11.7604459340963	-0.501393201025679	5.79263642213081
8.55369773469604	23.3853814981148	5.3731900591367
25.5036367986379	21.24328164637	-10.8255024662431
10.256840213743	31.7874346058352	-6.19688542929768
17.1253136154492	5.53348784448636	12.2985393408849
9.4885114761558	36.0371646840526	9.15744809261536
-7.79232999740175	10.9121540971929	-9.01701192189137
-16.6878320230844	4.87907075706279	-0.783450234325608
-164.812415132841	-68.5715709595971	-53.1018200458723
-201.428732834336	27.9092733160424	-20.4875864638897
-27.4002849084869	-198.105788453538	37.3809412451686
-63.9983709961324	-186.150298519002	-79.477519713538
-59.3516853452135	-197.838951150712	8.48820335970261
-222.63725084525	-119.363447609456	-77.3026864982479
-15.8451140478724	-49.2908391669862	19.650843670828
-54.638031359656	-29.3050143726449	-32.3207708489889
26.773042481464	-0.182034884924262	9.21289491281694
-9.61101738085552	4.228516288309	11.4725969948893
18.5767624904588	-10.0832352548861	-0.0235649387709962
14.1917497747211	3.04847721108919	-12.8982408680203
-2.00836937885075	23.071492101801	-7.10958166880181
22.9810288401825	-0.0142654661173163	-5.40313972427361
-89.3990915673051	-228.752368575943	92.406228185355
-34.1362402548748	-223.263546629015	2.3065877634047
-42.0071024747179	-77.5844809660681	55.2908215834815
-77.1295054545574	7.6753961272099	2.55521699269836
-44.9194834341527	-150.415270802126	33.0886607065195
-153.215851104793	-15.7133045836187	45.8901408069701
-3.30203031873849	-15.9460410984714	-2.88332243908912
-37.5382235390511	-48.3313052783729	-39.2769210069711
-18.190581993271	-24.4536411295704	18.7693857135098
-9.47174865427137	-12.064236202362	-11.8743435785878
-102.105573208685	-169.743636620364	89.6185311879553
-17.16478592302	-106.012523942865	-64.6585907857959
-78.2185574418814	-230.605287481554	91.2086753732288
-39.7514714347647	-146.574816577376	91.8838435901876
-224.017538204895	-31.9683876983384	-16.7532700584801
-73.8767590810061	-232.189807218216	-109.773173765679
-27.3206425844398	-20.2734535862313	-0.813687956526238
-25.3346350366336	-83.6861600844363	19.9660690316144
