-6.13954981209917	-20.4651660403306	-5.71189312930444
-20.6118866519481	-4.5489114985568	12.0207512117302
-92.3130035209326	-20.4551122473425	8.87363437800767
-6.76901875744018	-81.4573434082342	-24.6330678556606
-10.9502966600209	-93.6613118155833	38.0640606074413
-48.7226527435351	-32.9301854821289	16.5457233671612
-0.367447396318738	2.50670169328137	-10.6555725480475
1.8046260399122	-8.37500554056764	9.64851234684031
7.52900953116006	-12.2417628587902	8.98644818392957
-2.8766761330041	18.9972825685826	5.41850249735987
15.8695277801261	4.06420213154025	-13.0907866352481
9.83738031224729	29.2796419560027	7.2374318058523
24.617387350586	25.075619801343	-10.8855135635154
-10.5388662299216	-3.49437104307949	4.2470400821698
6.45066773968108	12.3903213784709	3.08216791486876
15.1316059510344	18.4606610335349	-7.17835214033191
7.25144862044944	20.8412180632185	-2.98712672336878
9.22228132250383	1.75475734657037	8.59564522369568
8.7479720766309	26.1763382734826	7.78835570576496
-7.95023468540366	7.84420744621858	-7.34138549719742
-12.6523483432856	2.82271051828783	-1.7672707459727
-86.6454251603297	-35.12509876466	-28.5472181716969
-81.5996800657435	18.3612942215284	-5.66710337323836
-4.51952865597995	-78.482432804538	14.2128641885003
-10.9541801996985	-36.4561001415776	-18.8477258063402
-7.91124997876982	-26.3708332625661	3.00894393254109
-28.4931570051053	-14.9470878397637	-9.71524586725907
-12.851602792392	-36.1332166082036	14.257177022307
-33.7915564525887	-17.6860630510988	-19.6765039522508
19.7281192381412	-2.31405957728918	6.6255008061238
-8.50132063177368	0.566348176712938	9.87201628967626
9.62322112155669	-8.95186500983175	0.270521511517451
6.70743424516644	0.0239282040509581	-9.85238850745186
-2.7302086473493	12.9250189045641	-4.83146781039729
13.2312609817942	-2.58156210488477	-3.62384524769741
-22.9983392048104	-56.504248593116	25.7288760201026
2.57283080764915	-26.7889940525552	-0.111817386836805
-28.2963878479167	-47.421698238136	33.5680447034539
-47.7931489266551	2.77078647716739	0.158214321603234
-26.7913769226653	-89.9343809459671	20.9618410941666
-80.9198264260309	-9.00676906819772	25.3943312169142
-2.76410348122071	-13.947466048199	-2.38089454721087
-23.8927788836264	-30.5530546757851	-24.0747521855557
-15.7721731748273	-18.6717011586011	13.0988796662368
-7.6276149315753	-9.13252212343308	-7.06512778312574
-51.5266307659076	-83.7339901351	46.4292305367897
-8.33988795825692	-59.4475578415004	-33.1881675691061
-16.4745634470158	-59.6375448126026	24.2450590006873
-14.5906082117923	-56.2711358716026	39.5775938249884
-48.2625004765751	-5.43395503273004	-5.42176468080389
-17.9648686795864	-72.9099432171421	-33.0889727111207
-19.1619821123792	-17.1973293868907	-0.179482987909554
-16.454353660462	-51.7285034017548	12.4110507349525
