0.0380593779875172	0.0176773534042663	-1.138646962181
1.22431261026343	0.0383085711512945	-1.71768411984761
3.50022637133624	0.0400000479878039	-5.71444166128893
7.74073651490376	-0.0444128940189383	-15.3846213060627
17.1880697825295	-0.191604466886258	-24.334275968678
28.688700296332	-0.349795199471146	-38.2759592086829
43.1090751577832	-0.480404605813844	-53.0903218698963
57.3380004725527	-0.523218662726416	-67.615819822586
0	0	0
70.4033142503436	-0.537845589655882	-80.8757910926771
67.6079371561936	-0.660479096056124	-78.7229402210414
60.3588666804171	-0.690001706124453	-71.6236419044521
54.9234742856563	-0.670481401406292	-66.0271099815019
53.251750465615	-0.664814471828383	-64.0574576669283
56.883033645252	-0.718907626801408	-67.488232083179
63.5211153562859	-0.818362580840816	-73.721549111315
72.7216514701081	-0.977911548838885	-82.5536281557492
76.531581845196	-1.07679430804014	-86.025996095688
61.5317617133872	-0.844553256249066	-71.3795313577132
45.9781895260126	-0.627064277725358	-56.0903704393616
31.1917534424989	-0.425273248256983	-40.7672524940975
17.3999829176023	-0.240515979020997	-25.9829233653262
9.24103580878603	-0.0585956933950243	-14.239571921838
3.19633788413983	-0.0123899551418546	-7.20119527121376
1.44822103522416	0.0501266696523857	-1.37266522135246
0.044226418685987	-0.0163673316502282	-0.197618158859087
0	0	0
0	0	0
0	0	0
42.2455392916673	-0.550013835403571	-52.0271693147423
44.5300343057896	-0.590791275527159	-54.4157734107175
41.429233499973	-0.527973169194632	-51.282704952034
42.6447468853746	-0.520746079626172	-52.6900498172941
0.0470088332541337	-0.000166443393679136	-0.444607486877467
16.5161428565305	-0.19352082236292	-23.9406325104232
16.7737704828124	-0.218060706507255	-24.2396644847974
29.5246849892357	-0.397386009963872	-38.5207843150362
28.1817340499999	-0.355520129999203	-37.1588668438037
7.1915824944836	-0.0215198135521165	-12.5881351501298
2.48095103527104	0.0277058686746704	-4.01880354314573
0.609001874414092	0.0268287846345984	-1.09966723891708
28.2203841834289	-0.371182001573105	-36.9946204239672
