0.0394829104943726	0.0117174945168725	0.198703088535217
0.390582002436313	0.0451583185488919	2.64993072795182
1.53541269598427	0.0891812412883551	4.74901253733259
4.22261312721775	0.0719436929579074	6.18901922782478
7.61792068479193	0.0735642564923428	10.4730056145378
12.3719377465077	0.0404702945794966	13.8392562241507
17.6127488049481	0.0122138516243815	17.5137110922994
22.6273980047364	0.0054553415939383	20.8058858144837
0	0	0
27.217952969094	0.00774338028490475	23.7635726141596
26.4647360042001	-0.0504475141259667	23.4648927127138
24.0364109871095	-0.0685890527085974	21.9655674416783
22.1784767379473	-0.0652959107381596	20.7441236929446
21.6481937454098	-0.0667007916184526	20.3114747190273
23.0618199008846	-0.0903938217431954	21.1319516473738
25.5164151259885	-0.132551491895031	22.6467838065068
28.9306905987552	-0.204527401959504	24.5050827177856
30.5417804221276	-0.261213088612751	25.1547844486124
25.1433248058994	-0.167348977740493	21.8733863194685
19.4894115540588	-0.0812726399611876	18.2589214234387
13.8307921073953	-0.0113655745512435	14.3016394610274
8.45511801360696	0.0382386185495395	10.4977174401829
4.56693555011485	0.0711974345580474	7.13327464961678
1.77722679578911	0.0553815243946692	4.19964552791291
0.455125195788662	0.0465440509502923	2.78316229453718
0.011592655026927	-0.00520441079840699	0.53371509560374
0	0	0
0	0	0
0	0	0
17.6649048356891	-0.0320945415381758	17.5064895701371
18.6903726589867	-0.0539963145943028	18.0250978055782
17.2348878296309	-0.019610211593036	17.2998366592711
17.5861899940022	-0.0118418912391623	17.5315540958278
0.0367220678124789	0.00271624899205969	0.118560863891679
7.61491716529164	0.064853474495316	9.98711425933764
7.93271754063045	0.0519200207097124	10.1348431331249
12.9815810700388	0.00746886086053505	13.980494493617
12.2308771981027	0.0320293529626366	13.6953903528748
3.72424169177528	0.0748732798386502	6.16580446072029
1.11354942838108	0.0608110865141693	3.58867382589379
0.224346479594175	0.024380649461767	1.4567533691056
12.3154387270107	0.0236135552734923	13.7340109254164
