0.0890155924225228	0.0252641125273888	-0.587992826671102
1.35847527785487	0.0867040828883829	0.502067325724255
4.45970372549122	0.153764172626344	-0.232272753827299
11.765976683879	0.033819039258727	-4.60122027492814
25.0023698021056	-0.0462670610329272	-4.46250371063073
43.9014344897115	-0.205773014105813	-7.17346009902828
66.9404248246973	-0.357151155859025	-9.10903009012753
90.2651281820346	-0.416288192339834	-11.1324273304259
0	0	0
111.698773492177	-0.440457571344542	-13.0260796640315
107.395022284564	-0.578613329931505	-12.8998972769321
95.5792654860168	-0.613120911751316	-11.9473987731852
86.6306481457188	-0.586595679656734	-11.1631085672388
83.798568103148	-0.576291160344305	-10.8385421159833
89.5719536454184	-0.638541168623675	-11.2543492211596
100.118619341794	-0.753730486559077	-11.953783968844
115.082474892045	-0.954813396969291	-13.3226542571934
121.232594301151	-1.07633720381616	-14.0372865913853
96.8643632059185	-0.786800112376303	-12.0293029719839
71.7884377081019	-0.524431820396234	-10.1135738377614
47.9594986054988	-0.28998516493382	-8.10068118755338
26.1953467637163	-0.0980889388856986	-5.9038698312549
12.9196105731934	0.0328074597758125	-2.68856282796587
4.66080991457842	0.0901649370417256	-1.74606397587073
1.61605849491795	0.0997152267635935	0.863409889697104
0.0504915437756577	-0.0145776850726341	0.145578961768653
0	0	0
0	0	0
0	0	0
65.5708685971148	-0.431377620858891	-8.89221550180491
69.308129810835	-0.480369987867049	-9.43178882152431
64.2617222416138	-0.405905677320869	-8.74814956257602
66.2415700235367	-0.40064624373381	-9.05533563003782
0.068333078597857	0.003786275917449	-0.160801080987483
24.1901566579145	-0.0517262209699959	-4.91439693791735
24.7128290554707	-0.078999519720989	-4.94107780452447
45.0389583123483	-0.255623263253808	-7.21022060927831
42.8536374185101	-0.20854690350794	-6.67270907043852
10.3306458863859	0.0753927634805119	-2.81497474689713
3.12739708398524	0.110880668664611	-0.114926545651626
0.695656630614267	0.0503081849521917	0.143802198952187
42.8502876123045	-0.22516674763588	-6.64999710124949
