0.112454926793604	0.0268535775417881	-0.498786583874734
1.47182741919353	0.122471191266999	1.59527381026737
5.09836766741775	0.227191291424698	2.5325715948301
14.6669947728876	0.00870226566881676	3.04625496204452
29.8509176229588	-0.0198697985355206	12.9158077158927
53.6399451465946	-0.10660315336974	24.929595954314
82.3247463965303	-0.198502746502619	41.6605983677465
111.620609912959	-0.174828290657347	59.6335451009693
0	0	0
138.647801273136	-0.0873251317436796	76.5785462179484
133.430229824	-0.250395436006892	72.5913769784544
118.549829921405	-0.359690260259933	62.79489960405
107.234801673436	-0.377502257612761	55.5234306049816
103.550204353893	-0.385604235707954	53.1006837247007
110.696069071148	-0.443395414720587	57.0195647116311
123.755057060063	-0.541442775860244	64.6746184099653
142.465558679188	-0.746309283386686	75.5977880035484
150.222012821406	-0.876557911948789	79.4701616524725
119.785834193768	-0.58926698262401	61.0724185281771
88.4822735522422	-0.358844367786718	42.5544081653429
58.7255348293847	-0.191029517130051	25.6646201930129
31.7692515123854	-0.0642450762283998	11.2439003156574
15.2836296167881	0.0147182562306344	5.28399166301113
5.54485147793944	0.120326132298183	1.62073318913458
1.7804687194596	0.159705761177477	2.3770336511938
0.0553617479363456	-0.0153236057521023	0.283821742696134
0	0	0
0	0	0
0	0	0
80.3766163756936	-0.292344867709657	39.7111631599815
85.1379857431187	-0.329596348150795	41.7974408367498
78.7845779270862	-0.267515420905496	39.159892104768
81.450137792213	-0.248009947517803	40.748895366747
0.0765685093424387	0.00483113199838184	-0.028351485008685
29.0886706588668	-0.0253555091354817	11.5114562915062
29.6283053109835	-0.0558476290775831	11.2224248249171
54.7950016866141	-0.168949977061716	24.6447876060998
52.0307756464046	-0.126122257645571	24.1909112665494
12.3117169529564	0.0796911869294325	3.81590339025377
3.55409502005725	0.163439971723913	1.94877866123815
0.787062626766693	0.0676229627650619	0.60595724646972
51.9419428742352	-0.143563091580768	23.8294899095594
