0.0228424303519059	0.0155330148733307	-1.28806732461128
1.19446423296239	0.0319548310190396	-2.17214378296132
3.45254671487782	0.0218608891809088	-6.23545811296495
8.0838761908703	-0.138885176172789	-15.2495642690523
18.3280741431591	-0.29536521854648	-22.0614162934015
31.7533856124779	-0.495685536746265	-32.3964580440993
48.4476773833232	-0.68763790115074	-42.7653298393279
65.1354251963251	-0.796089346797364	-52.6045453923636
0	0	0
80.4609979480009	-0.869307949570799	-61.5679908701153
77.1959941306193	-0.977667678348766	-60.3781956813358
68.6828283446201	-0.974543084616909	-55.7066487933838
62.2752583408357	-0.929924062714573	-51.95498012241
60.2568615409721	-0.916168030049949	-50.6220972188076
64.4108628832147	-0.986060878875493	-53.0381893547724
72.0354008885633	-1.11515139103121	-57.3269374831394
82.7341013397871	-1.32187895832577	-63.3354137236099
87.0872478814021	-1.43687784436415	-65.8324546323295
69.6174834528469	-1.1275221727145	-55.9178228216764
51.5975168804991	-0.83644518613574	-45.4071256464692
34.5125088465305	-0.573199907679577	-34.5309764459384
18.7483194861527	-0.344189663675242	-23.6100559099608
9.4313942277434	-0.150187221812321	-14.0376245735648
3.16912229244111	-0.0407585269425431	-7.58814269944959
1.42371915867496	0.0449192505698718	-1.74464956771146
0.0410603058685617	-0.0168558857975984	-0.300652132893592
0	0	0
0	0	0
0	0	0
47.309812614399	-0.750390173131904	-42.1966160794701
49.9264638872252	-0.798024869034373	-44.0160326684712
46.4087444880947	-0.726340200595479	-41.607462019834
47.8683391451673	-0.725220695195071	-42.5798301407775
0.0408599737164428	-0.00133935396080183	-0.534829643673279
17.6118492096348	-0.295627657924294	-21.8932759619398
17.9244242890896	-0.321317828273085	-22.0848537796405
32.5509144836786	-0.542242370059813	-32.680696200104
31.0534045782445	-0.498388147749026	-31.5411345168305
7.38913221309652	-0.0930347212646974	-12.5184485254674
2.43976660657762	0.0128602149940566	-4.47734461357488
0.591020269656779	0.0226069521355424	-1.38593952968961
31.0514129624217	-0.512908486536343	-31.4424137601151
