-0.00502737877773708	-0.00478209051970861	0.878213910281224
-0.197888612706461	0.0114581943772775	4.32834793519154
-0.63235957376106	0.0193224463665377	9.38967242634908
-1.05494622609884	0.00333506860255395	15.7203376273409
-2.44648811169327	0.021209363300011	24.2758389768601
-3.66407898090093	0.0220605701200862	32.9944148325865
-5.12714928169824	0.0427143753613522	41.8487947611638
-6.46054627967863	0.0690385071128405	49.9362091261368
0	0	0
-7.67244764812115	0.0957753939436113	57.2722553629879
-7.51135499495495	0.0709510364556575	56.3400283691407
-6.87730689754104	0.0505847853552866	52.5216945641145
-6.38025135154251	0.0411217296188623	49.4490712354632
-6.20602443335638	0.0379873191875579	48.3526076232968
-6.54699686722517	0.0403692093997202	50.3272965280597
-7.16809849637821	0.045237656356269	53.914961066903
-7.956806096733	0.046981172337405	58.6343245209782
-8.2649178795373	0.0420994588173674	60.4905250141244
-6.906896126814	0.0342790329288398	52.4412090735456
-5.42794670335109	0.0236514439111934	43.712818258532
-3.86508037778662	0.0127463710268317	34.3544990641881
-2.37650206858361	0.00550592307624901	24.9072451288345
-1.32169959689494	0.00821479892031413	16.5924220891121
-0.442075321440063	0.0223215470323381	9.12510880126223
-0.310277775774834	-0.0050627819282127	4.71397982799633
-0.00708171267670394	0.00481950798741105	0.829679197562079
0	0	0
0	0	0
0	0	0
-5.08114180353055	0.0274845320890455	41.5409633199668
-5.30540551694214	0.027382084319275	42.8892458517713
-5.00267194370741	0.0287560055179577	41.0703293085825
-5.11106506210147	0.0333725698157948	41.7720372258854
-0.0186157286480672	-0.000769003383545469	0.636621875276297
-2.30799292154316	0.0158625734319301	23.7167204487027
-2.3008784813153	0.0103611343897246	23.9882573262964
-3.702260187199	0.0150043824954872	33.253685709623
-3.6167648040476	0.0196204713399678	32.5480776640258
-1.01359246000335	0.0109420526352915	14.5054348252292
-0.458358954029628	0.00934585314005911	7.23172938105688
-0.116149142745845	0.00156777973327796	2.76803485605943
-3.60812813998146	0.017647732076039	32.4808533167895
