0.0922347461174632	0.0157099989017858	0.867455570902301
0.161482145861793	0.122143671842578	6.79698955646939
1.51800450097302	0.158014283789215	14.6741928358592
5.28115083432557	-0.153283848051525	28.6167165402227
3.47239831711765	-0.292862519567255	54.2202378486671
1.2339123349736	-0.791864591917547	87.5684985584328
-3.61375453463396	-1.4357768897095	126.282094914602
-9.52672855912426	-1.99749247603693	164.941358423548
0	0	0
-15.2313089334585	-2.48493594070476	200.513580689175
-13.9546741543378	-2.53311988393301	193.581163650256
-10.5628113487603	-2.31104006289011	173.870410346333
-7.97501831926641	-2.08997097231944	158.675090503077
-6.96628148007136	-2.01589440879607	153.304915729674
-7.99785052757199	-2.19785978941716	162.065518159083
-10.3167047803722	-2.52219966749596	178.549019432803
-13.3139153807026	-3.03076487586095	201.589258183563
-13.9108332562905	-3.27389803701644	210.237705008955
-8.21268199375705	-2.4740361579329	171.456492145696
-2.34010524808765	-1.68551952689288	131.05908247592
2.70155733330724	-0.957450368062783	91.526969761916
6.09888483321695	-0.311626137362064	54.4698466753803
3.96495974690907	-0.163796659957529	30.5547553988888
2.41076073880298	0.129286021906311	13.9144220267888
-0.0448822896861077	0.130812874068694	7.91107911873378
0.0259848374761688	0.00298615377231297	1.00329113200676
0	0	0
0	0	0
0	0	0
-2.53635505691773	-1.47151201904615	122.460441195319
-2.79591003332953	-1.59388859404356	127.926741886981
-2.62232556812651	-1.42356080737911	120.922130157895
-3.26387534718174	-1.46291135018865	124.752656063523
0.0392549154959028	0.00719587058246953	0.5676959376823
4.44789057959541	-0.288320541654468	51.9375387842503
5.21942093858854	-0.304003685225946	52.1040046246292
2.30299060809738	-0.857581247525823	87.3165272574936
1.52760002136854	-0.774943212875107	85.102841378836
4.0664914640319	-0.0805713706373933	25.5137715667077
1.13693624382156	0.1314672753365	10.8137969801983
0.183500125793881	0.0596291554212422	3.86924796886156
1.99226571516564	-0.783326154444065	84.3747349775117
