-0.00737942234363489	0.000703418846849094	-1.06584780870106
0.264918835408391	-0.0165812032286163	-3.44792921424141
0.587404643450857	-0.0459893818222092	-8.06878677360781
0.746311112029666	-0.0635042383430978	-15.817056603755
2.79058047094506	-0.11058929680301	-22.3344855483228
5.24651246489734	-0.174173446879802	-30.1326013872831
8.34054190394667	-0.248226639581955	-37.5629380423094
11.3205850361838	-0.300633149780447	-44.4075770335971
0	0	0
14.0668449761582	-0.342222878109436	-50.6040839636961
13.3172028239985	-0.367468607060668	-50.1721468543362
11.7266308020022	-0.352706434327854	-47.1188895561598
10.5669698421624	-0.329233664796863	-44.5940097101143
10.1946814769614	-0.319717993683005	-43.768239641204
10.9580577715861	-0.343609410402855	-45.5715829149528
12.3505695546198	-0.391601638964972	-48.7336725097577
14.2336894475918	-0.462704141000057	-53.0325918591089
15.004744597641	-0.500730913403601	-54.9782969862598
11.9102553458035	-0.391799059276497	-47.9386490700684
8.69256278497814	-0.285400481853849	-40.3269159539307
5.55351312176167	-0.191615777721839	-32.1690518800156
2.88923460643775	-0.128790217024696	-23.5610738645199
1.28966816685544	-0.0756832655257357	-15.7115726755668
0.335661673041893	-0.0622850916575891	-8.7399256201179
0.260445129656431	-0.0195851712088818	-3.32712426740442
0.0107972520493395	-0.00416295016367601	-0.551017834683499
0	0	0
0	0	0
0	0	0
7.9478682778675	-0.258250841413939	-37.9200960331622
8.41081190761494	-0.273328082567468	-39.2980419077336
7.80622887002796	-0.252817079275417	-37.3370876727268
8.12127473352234	-0.256600536760674	-37.7738431961156
-0.00219376553184501	-0.00294178195301278	-0.657462786713865
2.69358341621648	-0.111329877524507	-22.0715192254258
2.76468846666501	-0.11797255229835	-22.5273426880348
5.28520910653211	-0.184499069241816	-30.8788884828673
5.10487550227683	-0.17521467749363	-29.8383320914551
0.916163465925963	-0.0642805011392143	-13.9568172317732
0.401403381032313	-0.0387615282273748	-6.09196663065642
0.114983622448814	-0.00982450270809055	-2.16627467095691
5.06585463537249	-0.177389865771197	-29.927169126379
