0.0511523032178469	0.0142173563853134	0.0648455887163452
0.565054254343793	0.0543395179862792	2.28167788038985
2.13378647232142	0.0979701163049375	3.70694806493661
5.73771026502139	0.0605687585534361	4.0464321015
10.9637553164508	0.0119814129526429	7.1406024703151
17.9498296944725	-0.0531159150957738	8.65882359346737
25.946965730334	-0.113140415508585	10.4533749208968
33.6475668757738	-0.143620118096657	11.9300545372457
0	0	0
40.7024295293381	-0.162045997628777	13.2368833499537
39.4031474619996	-0.234334396773797	13.2297165297367
35.5985128585326	-0.245370910548856	12.6246926482558
32.7030451344496	-0.23074772611022	12.1005988810593
31.8285367883183	-0.226408636995493	11.9426069915825
33.9085052073416	-0.258529418827624	12.3752742156453
37.582533582389	-0.318402091438496	13.1374703025095
42.6665103703102	-0.414786001588038	13.9562759559677
44.9318017378954	-0.483440145096962	14.2413258125488
36.7623435174637	-0.350679397484529	12.7356241109091
28.2169135174047	-0.222997111268525	10.9889761482897
19.7769762550458	-0.11209613705786	8.87800224604722
11.7641926539429	-0.0251745384325608	6.87093248012549
6.24944687325391	0.0560968130571564	4.98296894609811
2.34203641950056	0.0573967208155222	2.98315015613573
0.677054508501597	0.0564915812983671	2.53152086919577
0.0203262693042728	-0.00607450085722204	0.473678275041406
0	0	0
0	0	0
0	0	0
25.7157921424258	-0.162913191625812	10.6459389952637
27.1599205886985	-0.191117929895562	10.9050468798314
25.1607552358453	-0.148164609308318	10.497036770388
25.786641020912	-0.142029351586936	10.5359997117998
0.0451367656491685	0.00281125239367318	0.0502326469714137
10.8018329510234	0.00949785086769946	6.57945229502211
11.0930634034454	-0.00498877349103617	6.78524176757396
18.5894797544375	-0.0890817742758544	8.83985801290434
17.6509607837023	-0.0602414848191881	8.60447788504598
5.01498874744208	0.0696710277524635	4.33433422412685
1.50768147211524	0.0678749162913694	2.98363971877506
0.310641101416747	0.0301673745615292	1.29371677854128
17.6963955427176	-0.0692785936425968	8.75372326242569
