0.0640499533019337	0.0205924496982002	-0.22077867332846
0.902615064457576	0.057770616035787	1.17924676124618
3.00809090764646	0.115617354754075	1.03695835646704
7.42851693906099	0.0949183476751397	-2.00892752126311
14.7507019109281	0.0786643612527312	-2.12720562021016
24.0869245234429	0.0548190580178241	-4.51358298037761
35.094766109142	0.0385594298064993	-6.86905386788836
45.72262395242	0.0697174208612428	-9.39389382718685
0	0	0
55.438212950488	0.112067173037854	-11.7068191532056
53.6688855300443	0.000787164978045412	-11.247458454486
48.4434197472877	-0.0515438318947612	-9.98708170051042
44.4653418357797	-0.0601419887703564	-9.04591014906967
43.2808570402935	-0.0641792832607411	-8.71215264252145
46.1293968932379	-0.0903743257291139	-9.25929851087157
51.1913817294845	-0.138603089428697	-10.2890139887904
58.1927305194147	-0.220819075647166	-11.9995699938997
61.2447034995707	-0.28795128832665	-12.7874252460162
49.9521348828048	-0.18296766258723	-10.1791418588585
38.158919944709	-0.0882725142352873	-7.62583198846092
26.6069753492172	-0.00444066891341362	-5.35271074555727
15.7392640480139	0.0412885023645785	-2.86360977959708
8.30752676982578	0.0932955980101034	-0.731908278532098
3.18208304572194	0.072933339935346	-0.0717099820524786
1.0469818995503	0.0635553893328655	1.27687226332598
0.0323868154467262	-0.0104207230555263	0.320128887224917
0	0	0
0	0	0
0	0	0
34.8654250769778	-0.031525178281216	-6.64311956887471
36.7970174802676	-0.0574047488687072	-7.1392446565148
34.0996270397148	-0.0148855538541679	-6.50063371860734
34.914474694456	-0.000236729901095308	-6.7703473700293
0.051676209585129	0.00237528581192781	-0.102455879106361
14.4128719288281	0.0764752041589601	-2.57821133826253
14.872459026013	0.0603538761009891	-2.43850751089194
25.0585892033508	0.0117589301031492	-4.63279417677927
23.7465031184411	0.0435430383369588	-4.17956150881697
6.69014687179229	0.104935290914833	-0.762569151475103
2.1327297461899	0.0790818280286134	0.908091981508927
0.470652366298541	0.0335812078510316	0.561319749786502
23.8725832509467	0.0290350267349802	-4.16422734761673
