0.0398419675819592	0.0159370323847106	-0.784730439077448
0.927553307434055	0.0260228056160018	-1.14312520509553
2.67307306352281	0.0458096882305901	-4.13394472347837
5.59326869904202	0.0415850961588412	-11.383551320872
11.8270661970826	0.0024680772139232	-17.0877115083611
19.2696107421553	-0.036746519517362	-25.3699709711396
28.2272140611554	-0.0696654175955315	-33.9568934926173
36.8668086311981	-0.0511274199532657	-42.1661248000804
0	0	0
44.7867561202645	-0.0188945685074432	-49.6101703047862
43.2284857272831	-0.122903749330718	-48.5813327130622
38.9104611800143	-0.167650312946943	-44.7078190984622
35.652987726749	-0.171266008755853	-41.6369554426515
34.6863572879462	-0.174063755852715	-40.5949931655729
37.0062319061326	-0.203346503235877	-42.6172603678914
41.14296368994	-0.257235602696369	-46.2566277168339
46.8190990694541	-0.347465549278309	-51.3805043692788
49.2930702175265	-0.415674770952506	-53.4982778554208
40.1146956058701	-0.294441243753599	-45.1044207805955
30.5211630960979	-0.185314433083938	-36.2800180957578
21.1245778102024	-0.0892542432737634	-27.3635860124566
12.4316671728451	-0.032100619167681	-18.2480281623605
6.73351389039237	0.0326592983618457	-10.5183666345279
2.50690356303993	0.0114708252262253	-5.35163056986694
1.02923719459999	0.0316134624812784	-1.024363344394
0.0355019921347797	-0.0126683268932758	-0.0711490230529402
0	0	0
0	0	0
0	0	0
27.9512110695275	-0.13373854931595	-33.6945999698424
29.4789458987739	-0.158134777614325	-35.1858462347641
27.3468037983656	-0.118149892202236	-33.1703091311861
28.026485305649	-0.10560706257934	-33.873245648169
0.0398857479419975	8.67840856167169e-05	-0.350282148016058
11.4200756087574	0.00323021293120231	-17.0928516742978
11.8441945010074	-0.0142754258199778	-17.1818267419899
20.0003001890764	-0.0766913396012427	-25.8488117391418
19.0073677822043	-0.048370259933301	-24.8466847446528
5.30495976823501	0.0436232436523933	-9.33614467062877
1.89457515404572	0.0272595174659307	-2.95252315733488
0.45680866272138	0.0166852490072004	-0.800428203930081
19.1159942053534	-0.0618844422035975	-24.8007029482052
