0.0670269230229718	0.0197144210468953	-0.0730309720738239
0.817323201530927	0.0687791779623902	2.04929677946427
2.90372309799705	0.133397012546954	3.22951314459384
7.75221036399433	0.0525384437703197	3.17180703806722
14.8241241742912	0.0448151276675146	7.67297776493705
24.426352843444	0.00880211887044886	11.1586220872587
35.6485707805451	-0.0238697322475096	15.6573884223406
46.5625597460117	-0.00907146704490545	19.9865501162733
0	0	0
56.5423278330157	0.0178757377325393	23.9721676942977
54.7105111972501	-0.0901309196022721	22.9922234272241
49.3384378006115	-0.133515143285788	20.6967275921203
45.2576168061409	-0.135333081870265	18.9634382648545
44.0314742748013	-0.137957243980016	18.3859315830468
46.9268255285192	-0.169177009976017	19.3785174031458
52.0826475967508	-0.225963992398457	21.2856803953498
59.307024202896	-0.326301666657437	23.7443037787227
62.481031297697	-0.400925263309924	24.5600269358933
50.8914697540051	-0.26918277870417	20.236492055372
38.8458983133119	-0.151305063266933	15.62426515685
27.1145873367055	-0.0548602009166477	11.1012849338158
15.9901564845051	0.00244973826498675	7.1114193691719
8.31679590161652	0.0587596482185682	4.56047047210065
3.19715112049538	0.0772259479418519	2.44639723150209
0.960778032454176	0.0780783097268287	2.32271628999748
0.0286628491750188	-0.00875949932379448	0.469053831247227
0	0	0
0	0	0
0	0	0
35.3746700342591	-0.0917951533978898	15.1202166320399
37.3808385680218	-0.119297152757115	15.5591859908535
34.5931012882007	-0.0749147763957658	15.0020589147452
35.4492746976508	-0.0619182689229799	15.406049940598
0.0527507785344032	0.00303552280900836	0.00620186528438667
14.6213652577181	0.039235796244615	6.91313924334587
15.0437013422974	0.0210302094763477	7.02893748702394
25.4138629148033	-0.0352466954242617	11.0284755429681
24.0102964502425	-0.00254914535051462	11.0448936305081
6.76324617081775	0.081402682240499	3.82174791512971
2.06055920139922	0.0924612675943259	2.52857759557702
0.444072217046515	0.0386459038131555	1.04442003409152
24.1331467716187	-0.0163119155472187	10.9502032898973
