0.0175124708088032	0.00258557744802261	-0.0242881100791205
0.224545920793069	0.0028573105993339	-0.122012008859231
0.625791544189086	0.0131230453313663	-0.526387616178636
1.44661596126041	0.00846990575447718	-1.33583766926911
2.49544087585878	-0.00621032864051872	-2.07195232758911
3.76064947272355	-0.0314295568537218	-3.25639107923216
5.05625871159979	-0.0576995593735011	-4.42765555942103
6.25254828285477	-0.0808074734438211	-5.60268603735594
0	0	0
7.33711787204359	-0.102145998814673	-6.7008583304646
7.24834140877902	-0.11423866178027	-6.44954721350035
6.71221109251543	-0.107360193282637	-5.83462012903881
6.27846510940298	-0.0980896796612328	-5.37503915195612
6.15547781455076	-0.0948993115913465	-5.23111626171984
6.50420465924353	-0.103578346858132	-5.53339643716573
7.10330813538953	-0.119658994413883	-6.08284430869483
7.90893214326523	-0.142393359556354	-6.91257841377096
8.29466144825478	-0.158308419935487	-7.38857993130357
7.00892683941102	-0.125949500885875	-6.14674859209031
5.63175095021698	-0.0903004331191624	-4.86737554741085
4.18060457513988	-0.0524409789764611	-3.59162170332497
2.75713437772893	-0.0173747551975654	-2.3643580222175
1.60758869544474	0.00624862416423001	-1.3670863899541
0.692442361765193	0.0123492178065845	-0.603987427584842
0.224334054766341	0.0104899029963072	-0.0996489499054483
0.012299445365952	-0.000597984424674744	0.0296700292577996
0	0	0
0	0	0
0	0	0
5.1613694751414	-0.0718468899548445	-4.3722756144368
5.42643982991186	-0.0808242437480046	-4.61842131323157
5.03780913115904	-0.0669394085335028	-4.28144924116014
5.09841605650524	-0.0656572145280237	-4.38686976807039
0.0111207209777694	0.000660525299005946	-0.0732871806052835
2.47868408544072	-0.00779970527217318	-2.18058160623337
2.57693613641279	-0.0119314500086195	-2.28087330074587
3.95944084317922	-0.0445865003764472	-3.39356966189291
3.73990595442445	-0.0343121429000482	-3.20021150041174
1.30734140944329	0.00934924599715008	-1.29106537745094
0.438684678704823	0.0103006352085241	-0.61214978810224
0.107193448865984	0.00362416300188178	-0.2270146006915
3.77703966710133	-0.0375627849955854	-3.22701881852363
