0.0677668337880746	0.0229387878133779	-0.712282824412644
1.2561079629534	0.0572926222365472	-0.385805457230707
3.81747930065201	0.0904060389145361	-3.0489014680939
8.78897403253958	0.065422030711211	-11.2975781281518
18.6074324411922	-0.0565737753504736	-19.2734784623496
30.0264931785478	-0.160750822181571	-33.3128408439181
43.9618207240907	-0.223374605506459	-48.8660503436099
57.3969584867484	-0.206103919446658	-64.5577292200648
0	0	0
69.6978264827541	-0.166816609711418	-78.9329148223571
67.2641299538465	-0.300829363808404	-76.2772448409397
60.5524535783001	-0.360084198665597	-68.4127024518441
55.4806965448262	-0.363675227582626	-62.3017595123995
53.9556811848409	-0.365602338462924	-60.1459385706957
57.5020474572524	-0.40378978384859	-63.7402203319883
63.9165493879906	-0.473959306674547	-70.3542269688207
72.6537965619428	-0.588715685992614	-79.9101871519432
76.3409368161889	-0.6719087668342	-83.6021268157031
62.1047530097953	-0.51426501032104	-67.779049403191
47.1932209054783	-0.370459437810218	-51.4751792565696
32.7593588653504	-0.23756030632103	-35.582452520023
18.9318788566919	-0.109988846368269	-20.8645768946455
10.263122202193	0.051742756994039	-10.0689372658783
3.70060272717321	0.0427942272576632	-4.60918652060723
1.4878367564387	0.0680808358422003	-0.113903553706805
0.0454623259021581	-0.0157885365751576	0.0425259420203459
0	0	0
0	0	0
0	0	0
43.405943091733	-0.300208901100817	-47.4482170086389
45.7004355370372	-0.334446813684274	-49.8493777079174
42.5373627923018	-0.279944852786702	-46.7495944022663
43.6295207106112	-0.266432415530543	-48.3065876348826
0.0571420872306215	0.00181118240275657	-0.239679729413407
17.9365543182929	-0.060988386021593	-18.9335873371491
18.1999757821378	-0.084162131681773	-19.2619321389268
31.0330427465856	-0.210334633572985	-33.4067467962859
29.5890280117118	-0.169151180031417	-32.1337401949332
8.0567171061578	0.07248097157755	-8.83147095700098
2.69849762468604	0.0649969531323812	-1.99159913536004
0.634981443219057	0.0367179581072709	-0.315058205906525
29.6835346368321	-0.186396736189956	-31.9210232042889
