-0.0111972362101697	-6.18566265324096e-05	-1.09529273285092
0.194892792908392	-0.0150018027784087	-3.46064964912636
0.290134812830109	-0.0423226988770427	-8.12308186440324
0.0240350707881518	-0.0543819754722898	-15.4784695547983
1.05218674879391	-0.0861359827991098	-21.8672617088167
2.17353914658742	-0.117816865524367	-29.1007059193046
3.69646963409859	-0.148413091798611	-35.968972005027
5.17182739686448	-0.162117969373889	-42.2566047627259
0	0	0
6.547443272733	-0.170430090662501	-47.9349415370616
6.08197861197087	-0.199205356717596	-47.5775016621254
5.24288617787368	-0.201639175822699	-44.7943278163349
4.65734063651099	-0.19291057499498	-42.4662609967534
4.46740858419397	-0.18741999763825	-41.6837786505251
4.84426784581754	-0.197733136950296	-43.3090494322071
5.54091487008025	-0.220991737063823	-46.1781761553373
6.47977867777107	-0.255956369571165	-50.0488918783761
6.87525286543914	-0.278289926425545	-51.7484934361043
5.3398636965847	-0.225953900311012	-45.3387316460115
3.75552146674777	-0.174395774382253	-38.3813030993154
2.23187174966942	-0.127789980271913	-30.8622047916045
1.02284454483207	-0.0987583671202416	-22.9073678895867
0.39235028830035	-0.0633078773289691	-15.5108499511274
0.0360195059109847	-0.0550002305818641	-8.73184472402392
0.194076467779904	-0.0178731360387811	-3.32869432465093
0.00775005248673231	-0.00325611019702777	-0.572155666108414
0	0	0
0	0	0
0	0	0
3.39659720778675	-0.159264373749903	-36.2781956239948
3.6203235836866	-0.167058800527538	-37.4949533038203
3.34247556047447	-0.156640801383006	-35.7690827623921
3.52572855044694	-0.157217991839895	-36.1762239354502
-0.00389709622752784	-0.00273289070454139	-0.664257605654308
1.00837333485312	-0.0871805872431152	-21.5361924635695
1.03793978797471	-0.0925258450781636	-21.8768606883689
2.14260266930998	-0.12532709050375	-29.7151021824414
2.08897197216076	-0.119538345605863	-28.8245067301215
0.248404582501658	-0.0562680954121912	-13.7160019419403
0.230928441280771	-0.0351971358644464	-6.0699128471821
0.0899522724880017	-0.00883147905056337	-2.16996563848788
2.05656510677948	-0.121674983755483	-28.8868668008544
