0.0256702669750643	0.00353695431998879	0.718347282771674
-0.140397317473983	0.0621390323845482	5.11044895814799
0.283625327169469	0.105188145535709	10.0727153091651
1.98601763378452	0.0611932782151039	15.8625166890778
3.19972257379581	0.0473044836288847	25.0653007376867
5.99251721317499	-0.000950213692537245	33.7889329980742
9.01921840391859	-0.0329516899997014	43.0146267427065
12.0064220179061	-0.0407036023887229	51.4621770120339
0	0	0
14.7672901659021	-0.0390228321032836	59.1107222342532
14.1450274389002	-0.100007405343878	58.193884335156
12.6132307840889	-0.1178258893899	54.248110638018
11.4832090914731	-0.112426555503655	51.0695313610322
11.1657165627623	-0.111037204334054	49.9710297136111
12.0031537487781	-0.13296758557454	52.0831017331843
13.4513490085765	-0.172813103233626	55.9103636745859
15.5655675385803	-0.244211954198446	60.887720021854
16.6052426614415	-0.299542546072145	62.8340152814847
13.3550546004367	-0.205465268848993	54.3391991688419
10.0324283111667	-0.119054151923668	45.1234647289405
6.85720015905424	-0.0473704484343263	35.2730616063783
3.88578737219496	0.0116845819458847	25.4872850939753
1.908932153482	0.0632778987470354	16.9794163054846
0.681349722801445	0.0812609550355139	9.47760142081104
-0.187336410455832	0.0556810799069144	5.56596497501352
-0.00901952266447445	0.00420925361596643	0.967587679542251
0	0	0
0	0	0
0	0	0
8.88971845620535	-0.0717159132926105	42.8780254036916
9.50608104454894	-0.0924642638071985	44.2938877060404
8.65483317167193	-0.0611712966544166	42.3406835252891
8.91531981076744	-0.0560868506294376	42.9993002834947
0.019007926158333	0.00341956707682626	0.451904598350267
3.41439866097892	0.0397342363877785	24.1979453598787
3.6070027616724	0.0267498908299506	24.5370882842806
6.31210087012305	-0.0274380780423018	34.1911714104272
5.91387462062423	-0.00786967756300983	33.321887053567
1.60165377935199	0.0721328891669891	14.8083782121984
0.211365853007499	0.0758443931416891	7.71637342372264
-0.0324784509166649	0.0300996794796772	3.04158750029818
5.88434831009452	-0.0111291757416445	33.4033225144525
