-0.0238809683026553	0.00291316456381954	-1.7057488798898
0.800414451446029	-0.0505565713856913	-4.8990806670491
1.42482427002527	-0.200531492892786	-12.852166155736
0.207376312508946	-0.270225347450351	-28.6084117781062
2.03995916046831	-0.54328455972486	-47.789211256577
0.779647213454335	-0.674061851817995	-73.4808836229002
0.696081164224559	-0.732206361837307	-101.711769492178
0.0635422320954557	-0.645235030037406	-129.327777704526
0	0	0
-0.519494727130386	-0.532903435024978	-154.575117354912
-1.14352498159058	-0.680106476841229	-150.159397343675
-1.08898488729817	-0.781045860864729	-136.483048081166
-0.869053010681045	-0.810042169589365	-125.829118022722
-0.739997537118849	-0.814648543738084	-122.154592989085
-0.763275067484014	-0.836024362330323	-128.678445005814
-0.741038268451335	-0.881432903846231	-140.687701649044
-1.06798383836396	-0.934090024794877	-157.417624776184
-1.2610776459763	-0.978070090493948	-163.914782108134
-0.785920888862008	-0.897740768881479	-135.977444350325
-0.398103612230118	-0.814782338055945	-106.722143053304
0.280973976132444	-0.712733849282436	-77.5861153477704
0.614333656250169	-0.564914630506982	-49.5786855263147
1.8449104934727	-0.309855071560354	-28.4336597570556
0.325978894487929	-0.223615007292446	-14.2548542975097
0.960180836332572	-0.0545274729985045	-4.4019221951315
0.0360715108885662	-0.0140005013632813	-0.552449548199192
0	0	0
0	0	0
0	0	0
0.216805862387769	-0.793416200960548	-99.7405107298047
-0.0333355482746978	-0.808212181538755	-104.023280589927
0.357208346860458	-0.783385280077792	-98.3654053706616
0.433537976393449	-0.771989448124859	-100.925695342685
0.00728803495780666	-0.00836451821521966	-0.822262365963692
1.70353539409275	-0.530379573955431	-46.4741820946584
1.46458048989753	-0.549259892338233	-47.034339735974
0.763456660414815	-0.707262734398087	-73.9941295858351
1.02162203859179	-0.685951632788646	-71.7536300524364
1.03009372167079	-0.265610897578699	-24.7329354419329
1.04697676234525	-0.141818980322301	-9.25110344051419
0.387846996142696	-0.0227252288950571	-2.8852980360065
1.03570761077415	-0.698392535771667	-71.4539418946203
