0.0297921563930285	0.0165401198815562	-1.22079535790865
1.21246203771149	0.0372504023139429	-1.91288019776016
3.5354486746838	0.0372431286566751	-5.73262791307366
8.25743785743596	-0.0950902313388049	-14.5676625406655
18.4519420674201	-0.248399072937925	-21.5356147332129
31.5681892199591	-0.433528119049628	-32.5467487008522
47.8210637085111	-0.599067274513857	-43.9364921521782
63.9386363655986	-0.67592284405652	-55.0665725251431
0	0	0
78.7159587330372	-0.719506789324413	-65.2623480874947
75.6056291779649	-0.83758247851561	-63.7140796499269
67.4293360967265	-0.852435933095658	-58.2870665991276
61.2610695531362	-0.819942290527085	-54.0034867711895
59.3290916693857	-0.809659974976212	-52.4914257667899
63.3835694730216	-0.872410072625452	-55.1495224592515
70.8006179094154	-0.988499463921195	-59.9383847470744
81.1415581373283	-1.17211135947807	-66.7706847241429
85.3525642483953	-1.2780445189442	-69.5851694937725
68.4531505823303	-1.0050974397621	-58.3479219300645
50.9638948255288	-0.74735910857859	-46.597129103639
34.3098378187143	-0.50936387689575	-34.7261135357908
18.8462360472316	-0.296652636580746	-23.1118568779386
9.63098181119845	-0.108052083829395	-13.3281262461949
3.27642203901595	-0.0215490093039794	-7.14896963408941
1.44138154440797	0.0494069500861502	-1.52898053712276
0.0418499778685156	-0.017009971213562	-0.26777625822017
0	0	0
0	0	0
0	0	0
46.7795914135471	-0.665673755038456	-43.1887726956642
49.3379169113126	-0.710536142658688	-45.1328815778886
45.8871199565332	-0.642314061601944	-42.5721930697077
47.2898366130144	-0.638473770634621	-43.6557701541985
0.0439500043350112	-0.000756265516351002	-0.494139778064662
17.7410882913238	-0.249126252097349	-21.3400123144908
18.0489058048268	-0.274583620471689	-21.5497831786955
32.396926786094	-0.480033261451724	-32.7965022839875
30.9183886636714	-0.43692874921233	-31.6126523490324
7.54109641037789	-0.0580676000986653	-11.9094425766414
2.49713724978194	0.0242501019011934	-4.10831899851755
0.601629152085084	0.0252707776941248	-1.24186456416962
30.9261206165777	-0.451923391292562	-31.5037269098114
