0.10774077025857	0.026587480133166	-0.6051618664022
1.53071890090167	0.114614985386274	1.0604045225922
5.19136151971535	0.212089023103021	1.17905145846221
14.7104106387314	-0.00546297496791863	-0.927535910115642
31.3390739424501	-0.0589025118740753	4.19240119381874
57.3642240739857	-0.0630161703746677	7.43777078259274
89.7155917796418	0.02410762583695	12.6804621119152
123.279606364475	0.283248830426205	18.2093382635912
0	0	0
154.451837850888	0.618903794466441	23.2632937399871
148.18030276605	0.385245822451458	21.8451462746278
130.840798358756	0.12169151343969	18.8947306935369
117.759965286914	0.0041535307876151	16.7241927390388
113.522693450141	-0.0304790029679378	16.0959415814927
121.591356516949	-0.0402498320409588	17.3413094939179
136.473138815179	-0.053274778259554	19.8597503086499
157.8841870364	-0.132174729148415	23.2256372702837
166.626118900984	-0.212540644591897	24.1402690250454
131.71419118701	-0.133386882929219	18.2781639685807
96.0510539643326	-0.118139964272257	12.436910221073
62.6066243868123	-0.123600999873688	7.14763564690943
32.8226937297639	-0.123214743274387	2.54032756889106
15.6226626092921	0.00173778915083448	1.2604968746158
5.56553440840146	0.107608985174112	0.0255918649244745
1.86603437631252	0.14367153829421	1.71597625636561
0.0563416136003449	-0.0160490169108092	0.218878362542334
0	0	0
0	0	0
0	0	0
87.3172803753559	-0.0902358955871669	12.313466714182
92.5507461665818	-0.102595002836611	12.7215000501902
85.5990447560338	-0.071883658104382	12.1484322974057
88.6222803855585	-0.0368039588505396	12.3660771702663
0.0769797763015687	0.00442503684919074	-0.0865778205846391
30.31524996927	-0.0681997153410933	3.22966163157726
30.7357601185578	-0.108408146374179	3.12200836104658
58.4878736045582	-0.11766693203628	7.39951969634912
55.6132823208341	-0.0848379923562087	7.59794518045452
12.4966788994118	0.070620098709313	0.583253444813526
3.61770917496969	0.15188592699859	0.96473768557767
0.800880853390053	0.0640467849210752	0.328427343343117
55.4596133101446	-0.105224400055778	7.48592013809343
