-0.0132024633900003	-0.00744535371698921	0.995619192040119
-0.340952743052027	0.0113305816950523	4.85490427395352
-1.07667811937835	0.0173082936097505	10.5422452569742
-2.02355775058698	0.00452487897316553	17.7223704620366
-4.09111134680108	0.0234441723580173	27.0224199598877
-6.04869055866248	0.0287304494867561	36.5132156307341
-8.22461708707939	0.0557719242246852	46.0286722565545
-10.191814858781	0.0875168987369462	54.6929077193021
0	0	0
-11.9660201176834	0.118637855668419	62.5388269492437
-11.8269217863073	0.0970228376403234	61.6109313919506
-10.9460371624891	0.0761886627140187	57.5581996582722
-10.2302079170785	0.0657520931810164	54.2730932603311
-9.99328126871499	0.0631227844824109	53.0968743959622
-10.5211551522917	0.0687038287503568	55.2087306824223
-11.4594908245085	0.0784065995758065	59.0417641170772
-12.6615022466833	0.0866108960760956	64.0748523134765
-13.151793215613	0.0859649401851593	66.0354778542736
-11.1158564960165	0.0690491084400772	57.4289898794183
-8.89312214689576	0.0486995647645667	48.0780839186913
-6.5121560531673	0.0274655532916202	38.0072982150657
-4.15665264605325	0.0107013246393584	27.7499060991747
-2.38665263384079	0.00977398523865162	18.6074090617576
-0.869712888783108	0.0262495451305519	10.2952804427328
-0.475984822075558	-0.00867129971613441	5.25049718701218
-0.0136530163943389	0.00704636667718279	0.936880071646483
0	0	0
0	0	0
0	0	0
-8.2960684285314	0.0467149197784034	45.7530381071119
-8.66458567495425	0.0495246750715869	47.1990684889159
-8.14361036825546	0.0459016052208743	45.2420336116412
-8.26909202830466	0.0491999700902418	45.9828704565212
-0.0269921640270202	-0.0010433243924277	0.708443675033587
-3.94701165776294	0.0195147020489156	26.4296283374962
-3.98431459396156	0.0146511658574406	26.7294066884986
-6.21401050652225	0.0269416454296206	36.8065061903687
-6.00009792720827	0.0278984050676979	36.0330909008257
-1.87494029316743	0.0116661972502232	16.3000420700748
-0.777241512853415	0.0085511947232051	8.10946376389012
-0.186531215611637	0.000442783407652989	3.08519167572251
-6.0209328398785	0.0275179195050682	35.9656976099841
