0.00292687586463232	-0.0014580616720545	0.737804400784128
-0.037996892950201	0.0112720589910079	3.64586726654962
-0.042507723047728	0.0152906077234585	7.57756947978617
0.374198815904334	-0.0132820573316886	12.1190724125499
0.354433724405997	-0.0144485290011572	18.8021604455598
0.859516804356319	-0.0379305380361476	25.2698356575215
1.28789741869421	-0.0448370517077305	31.9984368535658
1.72484942389296	-0.0412556709840222	38.1565897509371
0	0	0
2.13013101076325	-0.0339640314301215	43.7495197920698
2.01692144098368	-0.0615954634503064	43.0553331568447
1.78416710750419	-0.0731271690277696	40.1532115409313
1.61171236782772	-0.0734773153828563	37.8276536810347
1.57268251348165	-0.0737568403911788	37.0066872012863
1.70390916120897	-0.0804755438215716	38.5313940587804
1.91713190940281	-0.0922299405915523	41.3063653422883
2.24452409869326	-0.114216125637973	44.9607670919408
2.40919692031291	-0.13183914546224	46.4544141695664
1.9267244805328	-0.103272860263826	40.27018265801
1.44547536268524	-0.0774072511780678	33.5728498600917
1.00609736572139	-0.055437365750095	26.3938040413515
0.55569549603201	-0.0342461505991605	19.2606867362923
0.268799603481431	-0.00967614957903846	12.9436359667692
0.111690141686861	0.00556070551135387	7.25714818919959
-0.108215230113013	-0.00115636351967643	3.94864666031012
-0.00056974101999914	0.00202333528057596	0.691487372188632
0	0	0
0	0	0
0	0	0
1.26040994443738	-0.0620930646045572	31.8405379972275
1.35644671741119	-0.0685199385938381	32.8983328054003
1.22165945129973	-0.0585129865917938	31.4565889437765
1.26498693809802	-0.055569040552379	31.9635471294959
-0.00792527559348167	-0.000295894013009696	0.541218766657923
0.462786325989984	-0.0205566306276006	18.3014451708392
0.505914693209621	-0.0263388084503322	18.54490369312
0.919261761529481	-0.0484577107568921	25.5501207932432
0.832347444357845	-0.0401909307115084	24.9640701088264
0.245758663280425	-0.00428683772089695	11.3426767007294
-0.0379892408447884	0.00557835729194612	5.871642176756
-0.0284045447534823	0.00235067911028281	2.32285561423492
0.834936667545376	-0.0424773924759773	24.9478619146536
