0.0129255940974742	0.005615519832817	-0.722407784838437
0.370640546395854	0.00839739004507712	-1.59718979914105
0.959204595761532	0.0131608598384909	-4.25787097405564
1.89045810710625	0.00243803175482909	-8.64454394505348
3.87115760708242	-0.0178405743296101	-11.6827840507365
6.2057178087103	-0.0468238961126037	-15.334758242501
8.89022687313257	-0.0766524382273707	-18.5161036739491
11.4426272374479	-0.0924488532499782	-21.3792807902975
0	0	0
13.790172628859	-0.103114573763692	-23.926495798759
13.3384150877337	-0.134303845351178	-24.0096701665904
12.0620251941352	-0.137312063752431	-22.8745994259736
11.1025941484261	-0.129457148604982	-21.8483640407207
10.8166169597139	-0.126207373027148	-21.5130204247463
11.5240053699187	-0.139987120471587	-22.2796564987909
12.7739481440292	-0.167365808372942	-23.5893346555184
14.4808064982257	-0.211019795475266	-25.3482345968249
15.2834939111267	-0.243931529145061	-26.1009026099041
12.5588404941691	-0.183746894338788	-23.176704364477
9.69505922366631	-0.124959972770014	-19.958602427933
6.80846021017894	-0.0726381248341356	-16.3720592764805
4.16209821711547	-0.0365561909178539	-12.3409677505485
2.28063555805714	-0.00355940640588087	-8.47891998953474
0.889501186229012	-0.00626458785750411	-4.75146026803337
0.397209515823106	0.00799780035362489	-1.52934453119956
0.0132132213268489	-0.00601699201250611	-0.378227355243167
0	0	0
0	0	0
0	0	0
8.81832519213259	-0.0976132091641881	-18.9178496548047
9.31776799824849	-0.110154558071572	-19.5167876371372
8.62187029658681	-0.091549682107126	-18.6340463723274
8.82475308430557	-0.0892660548886281	-18.7588232031571
0.0186283645337168	0.000254459055319903	-0.359214088073412
3.81489501233669	-0.0210887977939506	-11.6030165639703
3.95539844254025	-0.0282567026540132	-11.7326068906574
6.44577028716717	-0.0639825377536146	-15.7513176006111
6.12303412746351	-0.0512480780885924	-15.2272361389013
1.83208164276399	0.0014027788276648	-7.48174378754279
0.71895830869134	0.00474968731733933	-3.06005462419394
0.188876027865623	0.00436885158567529	-1.0354977523987
6.15186428644074	-0.0559188137289036	-15.2997308850029
