-0.0308389729648001	0.00813923345660465	-2.02132254127038
1.44233777467476	0.0265083129011719	-3.79934882391283
4.02973905194377	-0.0341036171500966	-10.1226795236807
8.62517983696198	-0.285572038541132	-24.9374139446764
22.1653669460741	-0.566100191032847	-41.1774225300702
39.5077942770897	-0.818076327242475	-68.4381167836817
62.26609033527	-0.954452580177143	-99.9394016082585
85.9479020229045	-0.892803817734401	-132.112117052095
0	0	0
107.713653305213	-0.718538329466117	-162.234865606551
102.820105896112	-0.927768459024919	-156.749261477617
90.5742197544172	-1.11024650067853	-140.100031886516
81.4170316478912	-1.15423619280724	-127.355359957787
78.5440862720579	-1.15961162481416	-122.932572312528
84.2693365909357	-1.2149902848922	-130.323747920489
94.9484387087408	-1.31792521562323	-144.048615284
110.057810607635	-1.50496776598626	-163.847815852782
116.012258268832	-1.62742585844558	-171.723667274675
91.2619095054137	-1.35843154007354	-138.957940287058
66.0144180278979	-1.12782738487541	-105.270180743379
42.7104238627037	-0.911926940394125	-72.6980407142935
21.840484328627	-0.65513915363426	-43.2628653832091
10.8284348574065	-0.288306873942222	-23.434558483752
3.37363657662377	-0.116480200888934	-11.7518300598247
1.79885087539542	0.0476598873096434	-3.14720426075234
0.0478929133118061	-0.0165878987728581	-0.57991070725439
0	0	0
0	0	0
0	0	0
60.6706742045135	-1.05327673531148	-96.9759468634312
64.105257308419	-1.09736657285409	-101.890957072107
59.4808515957367	-1.02546955637928	-95.5634846708703
61.3595782422881	-1.00987200987036	-98.8729212252534
0.0286851682282887	-0.00511724012172983	-0.890704891170247
21.0502559333161	-0.571577164160585	-40.0307503681991
21.1710891943558	-0.616088648945211	-40.4401043312226
40.4301449939215	-0.877383848997275	-68.4962067056142
38.6883740056399	-0.826749507137777	-66.1202854287096
8.23186934910605	-0.208120515441288	-20.5920521588204
2.79680907871788	-0.019142430725534	-7.28479492324735
0.686173372927203	0.0239356102665156	-2.35453366717318
38.62602508147	-0.84444531569175	-65.6188257785751
