3.3973935950684e-22	0.00260684524748078	0.000786387232649886
0.00232992492400632	0.00042222917223371	-0.00337381391133039
0.000779890649349566	-9.49506938054747e-05	0.000334562195790051
0.000230444680880394	-0.000375633229611046	5.46278502896251e-05
0.000274359716255924	-0.000828546676934771	0.000777279086723127
-0.000711393172763134	-0.000379448228227697	0.000824092149307592
-3.92346480039607e-05	-0.000229539611261259	-0.000717102012663373
-0.000205548136303752	-0.000280033849295663	0.000385455336417461
-5.02812551249156e-05	-0.000467449840625376	0.000191349498128163
-0.000221901251608635	1.01222615304798e-05	0.000380215203101655
-0.000168700189936232	-8.48089523736776e-05	-0.000503023063182426
-5.71138695350431e-05	-8.73371812444215e-05	0.000264113730135415
-2.63317555480738e-05	4.24567512629876e-05	-5.78478182086742e-05
-0.000475652844437537	-4.12699717692198e-05	0.000131345079789821
-0.000159576763179957	7.57555118841625e-05	-0.000241220386611207
9.81395675447726e-05	4.41698136320967e-06	8.69549634891467e-06
1.06245516846564e-05	-1.81439850230438e-05	-0.000379593722829043
-0.00016780430677342	-6.48948317614029e-05	0.000523861965435975
-5.71185930143874e-05	-2.72424466974925e-05	0.000337339973620072
-0.000481366313178344	0.000135765274471154	-0.000112771344319697
-0.000458811601548971	2.25892024109633e-05	0.000143239402615635
-0.000914829915412048	-7.73133642223757e-05	-0.00085572919918089
-0.000258928659862886	0.000294546439225416	0.000122109651259935
0.000257732773548417	0.000221582689144999	-0.000554594015974856
7.20682257817347e-05	0.00147904656754484	0.00195107637340959
6.91807862388981e-22	0.00300958737579499	-0.000239664346967039
0.00279696080588578	0.000777316112032651	0.00299343687377472
-3.91887021979322e-05	-0.000759290162229523	0.000669130904625245
-0.000566174295728938	-0.000158456039218518	-0.000863028554360595
0.000112239884899879	-0.000390221513393705	-7.64140283865749e-05
-0.000220796177333238	-0.000300869314907452	0.00056294880491281
4.97433661833782e-05	-0.000444928711357319	0.000416273969373893
-7.46445069700712e-05	-0.000196638302379939	-0.000259667148967666
-0.000181080969796262	-1.32992189490773e-05	-0.000552705664311951
0.000150599353658408	-0.000316338401403704	9.18163839445988e-05
0.000147599913346427	0.00161257903002984	-0.00175945607423465
-0.000328282034552925	0.00324593959443571	-0.000344143626487324
-0.000226365436038458	-0.000598586729743336	0.00139912343400876
-0.000939003049002498	0.00026359423871891	-0.00014903184467257
1.73854290063737e-05	-0.00118099449978608	0.000761787294590692
-0.000911029326338666	0.000162057243439794	0.000940842599362899
-0.000224715289910939	-0.000362754408728028	-0.00036121857884495
-0.000406075660837865	-0.000367060984265364	-0.00110061194821844
-0.000324760837228484	-0.00036129794477356	0.000882126920276068
-0.000120250949395409	-0.000383173223317866	-0.000457031481920494
-0.000254656640584702	-0.000504918860665026	0.00113912072412278
0.000156705547709243	-0.000722020243850419	-0.00103608867395516
0.000164073798714332	0.00165531879217367	-0.00183378300794002
-3.22138848872514e-05	0.000344740662131358	7.29361694024017e-05
0.00196420442633893	-0.000442645018435694	0.000383844670882229
0.000104241082993744	0.000539320773595897	0.000834934221309895
-0.000509470403466388	-0.000300186875738381	-0.000136811370709154
-2.75138366213299e-05	-0.000884392037710625	0.00050338578922268
