-1.22630911942149e-20	0.00364605927331585	0.00172872263773235
0.00436184407514576	0.00241366965233837	-0.00707522677152542
0.138522810881538	0.00102849684793979	-0.0164737484764521
0.0329383319049514	0.281328324287586	0.195181952157377
0.0291848556721215	0.381927377613959	-0.231791979267063
0.707758485966678	0.0723352824605529	-0.525962034087277
0.00565441136473994	1.01682715698692	0.17604499092884
0.914214203863552	0.0788778914917298	0.643571087526012
0.850186662033616	0.1240423077305	0.788290703738138
0.0430792267763968	0.999433772650495	-0.509587049830328
1.09257084676808	0.0137441791981575	-0.299515180297511
0.0179133419786444	1.15542326163565	0.347094330329014
0.786238088556642	0.22670346610261	-1.04499505262561
0.895669305882981	0.0666339135464473	0.578869606667886
0.217039060243445	0.7270137797644	0.952727454158108
0.891198936729939	0.1183489769057	-0.762036272326917
0.0498575751814326	1.01342226504224	-0.51374769684301
1.0180854498212	0.0318491258844856	0.392547177045224
0.0188214631115485	1.10645864287281	0.336931381744787
0.936115013465167	0.0462087516664759	-0.502906176705798
0.894843132649117	0.0595798822553321	-0.556987463519892
0.499904845662352	0.0619751042406478	0.397987670760485
0.321276596829859	-0.00202153125108092	-0.0383008790116109
0.0339430958848708	0.147056731037574	-0.151820344196507
0.0138699787642595	0.0337048334485045	0.0421388403049641
-5.26105720519461e-21	0.00632770128695567	-0.000873293817117718
0.00458939631362925	0.00160315237015532	0.00544162475520633
0.029409017294596	0.878983854525	-0.380235434146709
0.681474364986184	0.092654150020902	0.58801485391715
0.828528049701221	0.157961192767234	0.883987257125627
0.0156306434422682	1.01158515124886	-0.282308947923884
0.876441858652824	0.0951973936423555	-0.689293008353455
0.852321885145522	0.112285648358948	-0.754630149920775
0.00322398229619368	1.07266889346703	0.0728158749547189
0.827734141755053	0.125691207757346	-0.782650760553722
0.0123526074075333	0.0659710611382337	-0.0599422993963346
-8.10545223251674e-05	0.00551073142988392	-0.00140518437958083
0.469695491084404	0.105007744914929	-0.505819355655057
0.724540600110637	0.0644406099048054	0.505190146920763
0.0142845950975747	0.60984537993194	-0.206462988236182
0.534790298676742	0.0495442663149668	-0.363047531127637
0.806080707655927	0.117877029354841	0.743667428025766
0.723715734910769	0.096773376612568	0.622471215777501
0.710897453653277	0.0791632577123854	-0.556355585647847
0.000517185806048978	1.00443268780281	0.0217611539286137
0.166749746039152	0.195915265013756	-0.396966798885066
0.0174758634141776	0.577587742441682	0.221359742660646
0.0160598473046225	0.0726729341111141	-0.0678163205412765
0.0440174742684052	0.127412722006351	-0.158511267375447
0.0441312901813962	0.00129278610813057	0.00732889207831844
0.0163146434381415	0.122544537261246	0.0957988924357914
0.849488336446233	0.0873444437705548	0.652354705030627
0.0152540582295199	0.828169563881646	-0.261986091610352
