-2.55516663772875e-20	-0.014135236571711	-0.00469372381640276
-0.0135437490127126	-0.000218697055051059	0.0163501926692502
0.120553033976701	0.00272608163561948	-0.00999727418229038
0.0380527508979376	0.304716904936219	0.209206325885402
0.0401815987972072	0.424366201064895	-0.261586586789536
0.883097506105308	0.0745625857911	-0.630074623689956
0.00234056090732482	1.30359377924402	0.252878574687199
1.19540041694473	0.0843920653428982	0.801364317089622
1.11867009161602	0.133013827791473	0.986611002552856
0.0584496453132009	1.27662816552797	-0.701959208975217
1.41938604928781	0.0169081082302951	-0.382208568954868
0.0269253368413137	1.49480154988238	0.515210129014875
1.04290471937846	0.251840994054424	-1.33375239448797
1.15652632038476	0.0728812774028913	0.713489162817644
0.304740315429728	0.861917244331113	1.2888538200662
1.16189329909948	0.1325338378614	-0.967283770290268
0.0648126990511478	1.2991450565089	-0.706275163572914
1.32619274295666	0.0329861442099826	0.481882126731537
0.0271726054844661	1.4255243113457	0.49592377853208
1.19659149258452	0.0563760262685822	-0.618350968527238
1.14564069378094	0.0657064059533633	-0.687051426958764
0.597367667535518	0.0617616033420345	0.446687409625478
0.348031418238249	0.00767992564951837	-0.0512519883806826
0.0414061908072389	0.140168313638426	-0.166067796120884
0.0129329852934504	0.0184539544812185	0.0250054125028819
3.09228479858271e-21	-0.0140992619153735	0.00104222294484496
-0.0157543873142191	-0.00395968277537375	-0.0161913053556895
0.0424354715740652	1.10128587068886	-0.510888529899373
0.865859991362734	0.0940967651315311	0.693996663696592
1.09432290620575	0.169796576847472	1.11195214063575
0.0186492607457446	1.28495942756258	-0.385661523699277
1.13292703820774	0.104159759047328	-0.861709413803698
1.11297639861177	0.124997697467455	-0.949958666631063
0.00448451570945455	1.39026129865794	0.115211296418031
1.08223333009114	0.138639873810773	-0.983427719854439
0.0109202336751692	0.0491038822540911	-0.0396764000506155
0.00221690280741679	-0.0179206492048199	0.00102867976042873
0.580857499681431	0.109219213711753	-0.591238552046658
0.905002464065198	0.0700222323147845	0.610802127942797
0.0168130592377185	0.715550565096571	-0.258409030624309
0.630839755696287	0.0548954791776642	-0.412158096912972
1.03932129109758	0.127363450550935	0.921087236735069
0.927608091415315	0.104981582922147	0.734670823653167
0.89421629906044	0.0801433376813692	-0.673595207689746
-0.00022999877394586	1.28607041058041	0.0323496707839253
0.188812211967706	0.211434210727299	-0.449190061533088
0.022767092990797	0.695488016275728	0.252106702349943
0.0167356242007744	0.0578199821675845	-0.050740275039735
0.0488801559984432	0.126597969105123	-0.151946630883625
0.0233283828864015	0.00464024529869519	0.00461572041492179
0.0163451275914622	0.112350745122356	0.0722632364226421
1.09334684344388	0.0945599719046474	0.804936587678343
0.0198041859576839	1.03320117923337	-0.352385205713174
