9.00545041744523e-21	0.0142805386372412	0.00525048148704752
0.0130598760031738	0.0037922455927872	-0.0199916505822349
0.141002285534395	0.00119090829711979	-0.016335373653912
0.0319226384833685	0.276691519450859	0.191419018220424
0.0282740505454072	0.375565425860262	-0.229564726590983
0.677639295222786	0.0707403519666326	-0.506610185729642
0.00526635660854346	0.968567124532321	0.164242013265662
0.867746168740777	0.0774950632928828	0.617383146988977
0.806045216999782	0.12181811042813	0.755007868992216
0.0407376186612454	0.951504513682205	-0.480763708941687
1.03703769274658	0.0132051713479222	-0.284904543195101
0.0165278620048841	1.09378932809767	0.320672906377585
0.741330321256275	0.220986338617275	-0.992709955132338
0.851691691037556	0.0655145502261905	0.556416235609711
0.201415903934977	0.702979843693548	0.895970568352948
0.846985783360209	0.114060039027823	-0.725283576839944
0.0477152231782841	0.962263864708046	-0.487562861149098
0.966191523889829	0.0312509819672353	0.378729478669882
0.0173522564766497	1.05136212409714	0.312566866281481
0.892257197369055	0.0451906703203613	-0.482218899548365
0.852412312046354	0.0581036332965761	-0.533637874761875
0.483856803553314	0.0612642850333391	0.387724538587499
0.315504147937018	-0.00369832963041229	-0.0368641178282468
0.032538984346121	0.149310046926679	-0.150771390313074
0.0138399564850121	0.0399288554256106	0.0501004408898938
-1.85012548834651e-20	0.0183702667852728	-0.0021891995030854
0.014757293920423	0.00433213898673825	0.0161685923827282
0.027840364552933	0.842441512053993	-0.35983619234042
0.651353043574739	0.0911543852736381	0.567208222241401
0.784447296955173	0.154759995062078	0.844409592098563
0.0148068934975972	0.965495157468658	-0.267344035364198
0.833569340784824	0.0923919538116167	-0.658497520134784
0.809387973146316	0.109309205790251	-0.720984777960371
0.00282798771966927	1.01919615250539	0.0634420566644879
0.786073856700894	0.122399221135787	-0.747792747369017
0.0131861192188874	0.0725404690314056	-0.0681142303011757
-0.00156903790835587	0.0175087272287124	-0.00361074326704378
0.452516173606378	0.103002782043315	-0.489789614031386
0.693532764626576	0.0633497012222708	0.486699310671934
0.0137879768751013	0.589209677734092	-0.199101338575615
0.518132743246707	0.0475831238304476	-0.350930739264885
0.766521915703777	0.115848391212553	0.714144955773368
0.69102682519527	0.0954245567980091	0.600224709096483
0.68032380381355	0.0772213821419934	-0.535071505317596
0.000432064813656257	0.956925267277305	0.0194576792449357
0.162955374442533	0.194139947913809	-0.389480134674726
0.0170098550239956	0.558620562136871	0.215341040821808
0.0165372021178446	0.0798883882133704	-0.0762610993764974
0.0432139144301965	0.129179651752512	-0.161455645786564
0.0525704147524932	-0.000753129209074213	0.00896531803782017
0.0160624295200032	0.12400926715687	0.0988210597952015
0.808018310177227	0.0858389582153874	0.626764317375256
0.0144364380930453	0.793649353463855	-0.248351710580132
