-1.25242530734743e-20	-0.00245916010826545	-0.00103680439062539
-0.00136297395201466	0.000884384012374646	0.00211204581740596
0.0812263187484051	0.000879206789560691	-0.0106759018483172
0.0209132709333653	0.167806554314866	0.113041037290383
0.0162563004418272	0.229371091003081	-0.122993176915778
0.379485083512652	0.0510438880226889	-0.303752614532179
0.00231816918717125	0.533633936418525	0.072245520289891
0.464964875493165	0.0584349000896432	0.364850309367208
0.426848827970802	0.0908077353121204	0.439399804801751
0.0199647923242654	0.528041661670948	-0.232152702893365
0.560575853878954	0.00948863912860419	-0.164298656915185
0.00733752450937988	0.591012231362715	0.139394139033371
0.383422947894282	0.158744570150161	-0.555635375598724
0.459996800155469	0.050242717629785	0.334199912801247
0.0931569526299285	0.436517858053835	0.443265032990904
0.458759313349165	0.0801604773849508	-0.415328171242558
0.0259322372824501	0.53333716497978	-0.244063941412947
0.522414099346341	0.0238265393612643	0.231957296668969
0.00780892090040245	0.575373560006803	0.137705517648563
0.489749113103566	0.0342669415317944	-0.288182048411326
0.465718713272853	0.0432679492081739	-0.315755791811762
0.272848386172615	0.0449037122737519	0.237684420956476
0.190549159713794	0.00107088861301966	-0.0221403041071825
0.021161667778556	0.0902176378988994	-0.0908731291391397
0.00823355304947031	0.0168179696504249	0.0202869266366849
2.34491107744107e-20	-0.00176504083879511	0.000438890931998183
-0.00195600952130218	-0.000259159276653725	-0.00163632738949834
0.0136673536698721	0.477322575544947	-0.174553183921896
0.358082712391679	0.0687971708459526	0.343207254648566
0.411840057609034	0.114608966296608	0.486143781464018
0.00786034175395603	0.539924379586396	-0.131795606374322
0.452280036540993	0.0667206117777179	-0.38252791967003
0.432862588358581	0.0794945038370743	-0.416863176730079
0.00135081691619089	0.556322409185885	0.0184730523323889
0.421744559417936	0.0884023366380038	-0.432054898822743
0.00716402025406281	0.037023207650213	-0.0312917193419918
0.000962253475083901	-0.00228530093104466	-5.52439136205128e-05
0.257725447774432	0.0677189086924993	-0.28583549819839
0.387428974257253	0.0487143966290325	0.301102760750653
0.0082661597010783	0.342671705985331	-0.108846559967514
0.297751101940865	0.0333366581528743	-0.210203830391197
0.413025858180962	0.0867624314320781	0.421904361473792
0.376428429974078	0.0721176989171719	0.361752457353269
0.385012882886603	0.0555067885983596	-0.321424202265709
0.00010307846520475	0.52647161434018	0.00622788753663422
0.0952359966415205	0.12004592631331	-0.227661862778979
0.00901582946834649	0.324207674255634	0.10896199784423
0.00919936215889338	0.0387920638480507	-0.033491190435338
0.0269964361912568	0.0769084265718103	-0.0905742610716632
0.0214429442847544	0.00193927466571617	0.00384631277878877
0.0105502951806511	0.0727814332485916	0.0530565934348401
0.43649357833912	0.0649840960940724	0.373241362699202
0.00740950199550302	0.448792417552263	-0.123024533864718
