1.87684218693357e-20	0.0206200051371661	0.00717263580609467
0.0179389867143076	0.00574328043451355	-0.028116881158577
0.197944107538435	0.00330523356732734	-0.0195938539550647
0.0467548883575324	0.416795344133919	0.289350347489697
0.0491066484598923	0.556000577481517	-0.381147130852366
1.22594372307022	0.0893163430360426	-0.841666097047677
0.00901078356715107	1.77947424973694	0.426972007424341
1.67908814589715	0.09214801404416	1.0523109166806
1.57808845801701	0.143156781964087	1.31320875348271
0.0945452572190735	1.7168729906718	-1.07808262454365
1.97720508026629	0.0187590694691165	-0.506587823228482
0.0442714209508616	2.05856164933127	0.840121552237145
1.49220651737697	0.279335947024888	-1.80354937995349
1.60874065928673	0.0792269765584075	0.927824388386713
0.475024537240194	1.03689981233194	1.8849709995062
1.63561481207761	0.149088890686936	-1.30508202670227
0.0942886057565536	1.76424917870499	-1.07544644856077
1.8589379132178	0.0358808972231048	0.618413727188856
0.0442986763718865	1.94427707910811	0.803347630034846
1.65387385074989	0.0656546896017404	-0.825071372580207
1.5907469861228	0.072498127400164	-0.907837863724813
0.812746565734366	0.0747352656936519	0.584762428873768
0.475507905261091	-0.00532023617810278	-0.0595680953461966
0.0501907111720331	0.206327747535666	-0.220033999501458
0.02052454610422	0.0566949424120497	0.0721835766416541
-4.26114516888761e-21	0.0266698836281688	-0.00296954176428539
0.0202723787386204	0.00587183810280658	0.0220870230353666
0.0614482276642562	1.47015518873632	-0.770487602734817
1.20336038337883	0.108748020262934	0.921630718067807
1.54905841759704	0.184892323419532	1.47795029652216
0.0286845712300405	1.7551420486919	-0.604061381471327
1.56406200187209	0.118378223464845	-1.14052773475043
1.56333799898923	0.139938829729944	-1.26767694921791
0.00776233781178746	1.93621696765159	0.216238264898564
1.52157151282389	0.155710568792088	-1.31440484412327
0.0187691362479796	0.102212032385856	-0.0957739482472099
-0.00185821481090078	0.0240822345082097	-0.00578572045606372
0.766796957720995	0.136183898331639	-0.781828869956807
1.25941667922975	0.0782159384138215	0.799128409223503
0.0231015775244322	0.966410272885529	-0.370486590574179
0.852210849275084	0.0659584646377188	-0.55497479513459
1.45324934211189	0.138095060932194	1.22354094320882
1.28132517738996	0.118894126843183	0.976882900182947
1.23553018583517	0.0970035666054422	-0.900226608156194
0.000841220154290877	1.77421766713126	0.069088776852687
0.261019889477654	0.278654865721635	-0.609210477057318
0.0315479893927695	0.914134500174379	0.396778101692229
0.0258218643757336	0.116094996609781	-0.115229117560337
0.0627708228234072	0.180342646431379	-0.232916362721096
0.0758648308509726	-0.00120336533220642	0.0117131737380337
0.0232505094316889	0.173421890561711	0.139734898078736
1.52699431436159	0.104058305020215	1.05510705076654
0.0300682804592838	1.40545310965757	-0.538084101515524
