-9.45782834626627e-21	-0.0113846984493509	-0.00436169802763327
-0.0113362357775462	-0.00135418688108617	0.0158651048489638
0.0207194088743865	0.00141611043568663	-0.00314496137967377
0.010075696444093	0.0638370381055929	0.0398194179820705
0.00784684578882182	0.0931974664900084	-0.0406181168389621
0.144480705206139	0.024458027350034	-0.12328746526983
0.000708945066703694	0.20472129382002	0.0208063014144452
0.173961507520092	0.0302187747706405	0.151521710828202
0.157860624236498	0.04534250960785	0.177588296289916
0.00662434333498228	0.202939132756007	-0.0785448042462345
0.210676803930213	0.00455257871367938	-0.0668438514478565
0.00218074069741034	0.220207611270554	0.043023548902533
0.136924270253467	0.0764208219331353	-0.214245966384752
0.172198429847808	0.026663829196038	0.140525419247696
0.0295708523801168	0.183803729629578	0.151501242738143
0.175243932803361	0.0382058571457406	-0.167120090480656
0.00999690499571279	0.205819573719327	-0.08870087835971
0.197689410512562	0.0127631184208401	0.100984545010388
0.0023537912154974	0.217860368298446	0.0433765471146758
0.185627323963821	0.0179445483944647	-0.119757039510623
0.175798992284206	0.0222697987263697	-0.129724275767764
0.104898268898953	0.0216900638663208	0.0967571217427072
0.0717790005981373	0.00467543487915001	-0.0118034959991001
0.0101413799546285	0.0311256528728245	-0.0337328625046177
0.00306726296649152	-0.00211479218207309	-0.0023064276969044
1.70453994942374e-20	-0.0132483682778148	0.0013812023347683
-0.0138580797016745	-0.00373071316079479	-0.0146391049305562
0.00483859050385441	0.186668324275491	-0.05874382693363
0.135491173502563	0.0345627805219235	0.139880967979139
0.15040276931126	0.0568311150358907	0.193323314338108
0.00267081937196403	0.20847954024476	-0.0452338052895383
0.171193170627544	0.0322936638098865	-0.154350454533323
0.161672664678484	0.0397546395154953	-0.16913088097804
0.000115183793225281	0.213170111930298	0.000629951925216854
0.158724864981477	0.0435841427606737	-0.17460214257684
0.00229329635680755	0.00570055241011791	-0.00144813002141511
0.00204993212528172	-0.0157037184343326	0.000421734220600499
0.105322223550964	0.0298514087266933	-0.11539042646514
0.146200779620901	0.0266859009821776	0.128649848201126
0.0034578143470535	0.134459219746599	-0.0382902953639886
0.11556482606968	0.0170048391174229	-0.083827113288735
0.153505404347223	0.0439823676049919	0.171970023815342
0.14201222771272	0.0365843963904435	0.14872380853897
0.149401343884975	0.0271543998325549	-0.132394187793726
-0.000154773961432928	0.201207188302258	-0.00113034864453998
0.036433162514887	0.0466535060815359	-0.0839705847132364
0.00360945040295995	0.131728726900721	0.0321438079100101
0.00313608995877438	0.00637428561942162	-0.00159091154334079
0.0123177046785612	0.0274724823254818	-0.027540186537263
-0.00267468783842052	0.00276423453404592	-0.000238338790890718
0.0038598402023371	0.0212887919430061	0.00716474884005809
0.162520832505556	0.0334809589321742	0.154059192776235
0.00277193758416531	0.174447596638342	-0.041584086454745
