-4.10042425575641e-21	-0.00904377089897367	-0.00332876363787497
-0.00883056474354676	-0.000880141468039165	0.0123068357230419
0.0313773336567442	0.00106734021789386	-0.00485273676215037
0.00993272182092469	0.0734777924504498	0.046582221643064
0.00713890784145958	0.104212758075354	-0.0497256643065825
0.156561314445286	0.0272008397821029	-0.134620867949303
0.000944820306011004	0.219474051918161	0.025622375877606
0.18696892527895	0.0320959070937353	0.16028974698382
0.169663169437282	0.0488044626109504	0.189509150791238
0.00739757341280545	0.21797136075901	-0.0847177602376229
0.226946155201436	0.00509137551393154	-0.0715104149602143
0.00255325650786445	0.23817136212683	0.0472343852016187
0.148013661672711	0.0818185288487863	-0.231179031622466
0.185969116876575	0.0278159810636078	0.148656215673457
0.0332639456437155	0.194457975772025	0.164696416140658
0.186197997848445	0.041751842943143	-0.179438008375339
0.0104732988830856	0.220886994152662	-0.0917734951871029
0.212167606642872	0.0133004994298841	0.104985040005914
0.00276554237185416	0.2344584685255	0.0472352870750219
0.199777370026034	0.0188486401500243	-0.128400208684478
0.189299396754751	0.02356648032525	-0.139472345399746
0.116672581718969	0.0233602252198221	0.1072077846205
0.0825724059734221	0.00226127428934446	-0.0111421330797627
0.00976950405357559	0.0380350269974142	-0.0370957964601206
0.0037310760647428	0.00226795583222212	0.00268232203317665
-5.23112414320326e-21	-0.0103280366104824	0.0010443298530767
-0.0108511068320589	-0.0028899589391758	-0.0114126409435372
0.0050394767372437	0.201636194783363	-0.064210514980272
0.146828744866082	0.0367468726500209	0.151918611710891
0.16190368982816	0.0609929807491685	0.207488134199955
0.00321979967382578	0.224139903472016	-0.0490440178403808
0.182770178787312	0.0359185404167669	-0.166898847271664
0.1730130304341	0.0426806716563754	-0.180743234389288
0.000688422545178753	0.227857081534616	0.00430805295304159
0.168887485211244	0.0472029274052803	-0.187164074432434
0.00314090125964234	0.0114365132031272	-0.00776301144246855
0.00161322744736091	-0.0122578538684739	0.000230518165568109
0.111890853691453	0.0337800618708364	-0.127412101903598
0.15952583929239	0.0270897362937179	0.136725049382739
0.00346299927728828	0.147440443918771	-0.0428271555252318
0.127721623342009	0.01711483264539	-0.0934298939079323
0.165411585439518	0.0469695300236946	0.184180338444831
0.153521450381637	0.0393855671985823	0.161721547156214
0.160294546577871	0.0299041235054465	-0.143863317135823
7.46013652237333e-05	0.216310537520748	0.00145838003076505
0.0406308176547816	0.0538916231259645	-0.0963076015637682
0.00361849135978641	0.142884081922979	0.0414916776618478
0.00377825962918516	0.0121773621248849	-0.00785109189409425
0.0130059765661026	0.0326477382104376	-0.0363602986826279
0.00292556803426365	0.00238636143143163	0.000688320323937122
0.00476356073944488	0.0295129949535129	0.017002535997924
0.175867805789567	0.0356024479668221	0.164420926266221
0.00288350824813861	0.18913353993148	-0.0459617555388905
