-3.18451571456141e-21	-0.0082322770407278	-0.00317732071253981
-0.00753807397344602	7.17204637772037e-05	0.00998185558651386
0.0804585027741497	0.0018946243523116	-0.00979588932530887
0.0238778999664009	0.183431638541938	0.122905773387269
0.0210375408340301	0.257780736382707	-0.140850869944727
0.447276839376239	0.055921948230454	-0.352528569239596
0.00281819940000324	0.640873456097764	0.0929885948974289
0.563908497379951	0.0635542409198915	0.431293391401819
0.520549511667579	0.0991611985588648	0.52204753661435
0.0237614232612821	0.63670790790074	-0.287120854860458
0.679011249539178	0.0106591406820611	-0.198681455758731
0.00956121025996508	0.716585895499071	0.183892220366752
0.469614828125118	0.179394961596149	-0.668846876981047
0.55540739048266	0.0544801214178639	0.390790416567785
0.11790394855965	0.508440872971728	0.550023816374684
0.552948708577865	0.0909509364115003	-0.495069581271308
0.0308094080517008	0.641551347382131	-0.29919996920332
0.6312572729508	0.0259340573195227	0.271187065148507
0.0101162645189441	0.695068460364287	0.18074327000573
0.587617530416095	0.0382235401444793	-0.338905782862548
0.558797190431607	0.0483224009661866	-0.372461941186094
0.318561080295206	0.047856053046658	0.267022615244014
0.208361872046277	0.00427808683175161	-0.0290429038106359
0.0241240910281764	0.0931006586624255	-0.0984725962635689
0.00843435393057118	0.0128204852425674	0.0159511520150614
-5.23102121499893e-21	-0.00845436719143263	0.00102502731564696
-0.00907106377612189	-0.00220811982639486	-0.00920688110536477
0.0167954691034171	0.568646826658391	-0.214672132948067
0.427909596576455	0.0736863291761134	0.393113350769552
0.504739895632495	0.125691867189875	0.578492763562155
0.00868470491824032	0.645169455640586	-0.15954332663111
0.545812917019326	0.0735937670806971	-0.453267712585294
0.524985239479581	0.0885341666443096	-0.496766547943075
0.00108325000332985	0.670422848440134	0.0284203397460344
0.510708796884859	0.098350370583134	-0.513621361523594
0.00716289648750035	0.0333656320910661	-0.0261912324876369
0.00179615414735883	-0.0103978704728418	0.000398874482785654
0.305292305973146	0.0744908211430891	-0.330464959362565
0.458133533597892	0.0538843043685168	0.347976720236091
0.00942043847354274	0.391528154609805	-0.123301212046718
0.343792029056054	0.0371686745547131	-0.236227873677461
0.499515185178311	0.0944240552858172	0.495670098147554
0.453963509604375	0.076899878121848	0.415940537618921
0.455516654396325	0.0609661952741094	-0.373868582165386
-0.000105804223436502	0.631433242210738	0.0105208953632904
0.106634782955668	0.132592948821264	-0.255160054449899
0.0111797347574755	0.378887318803589	0.125678449505007
0.0100484146826693	0.036750017749688	-0.0306435927425861
0.0309108623871054	0.0820174662604625	-0.0952996879455735
0.0161290402196698	0.00306558067205815	0.00307388593839788
0.0108595444529591	0.0747007146904501	0.0485367716502084
0.526402647459922	0.0704022037316025	0.43710839619598
0.00875098545164916	0.530974943903196	-0.147629575736094
