1.19675840608356e-20	0.0101353563246407	0.00370720330578223
0.009865169757379	0.00232979849647763	-0.0143021561340362
0.0843963588007985	2.17590553835869e-06	-0.0107206380751828
0.0183998935444987	0.159312110209737	0.10715932161698
0.0144568489931698	0.215945675432898	-0.117733093662471
0.349039355195918	0.048186784880709	-0.281751429624271
0.00190630894979629	0.490037065680905	0.063385048234628
0.425361170615547	0.0553345555833608	0.338799616849484
0.389582390954668	0.0860580791150678	0.406773616720459
0.0179384663258928	0.48463003372859	-0.210873193238568
0.513658889285865	0.00873513821812128	-0.151300848359804
0.00624155764904677	0.541184455570336	0.122901171534193
0.350163455312315	0.14919336301296	-0.510443024532354
0.420929972777572	0.0477710955184476	0.310582391949366
0.0833923023567789	0.405762009364935	0.402289424904672
0.420979820067448	0.0751264710468841	-0.384252206990525
0.0233550844714135	0.490393222871531	-0.222871236567688
0.478798360929807	0.0224364637582676	0.216635720725978
0.0066690818600448	0.528396936884978	0.121825129451807
0.449213011677605	0.0324682908569194	-0.266510454471321
0.427125607038741	0.0407069830077958	-0.291788002534593
0.252690431461753	0.0428094492829664	0.222792441163159
0.180400771349552	-0.00172951944748378	-0.0195871773521422
0.0184749731702233	0.090640953275791	-0.0877656615172831
0.00795204242683589	0.0244192366630024	0.0304053587497372
-1.29599813979042e-20	0.012732791005464	-0.00146680571251562
0.0112437103778946	0.00330103279331821	0.0123178787785737
0.012481695556087	0.439446874536375	-0.159020785157037
0.328337179129296	0.0653827432859378	0.319199678765915
0.37549421314383	0.108806436988168	0.449248919449933
0.00707788650096688	0.496026188154125	-0.12042538482779
0.414852396463582	0.0624914501098183	-0.353351777845801
0.396234470996237	0.0746439352617143	-0.384855313086059
0.000768815615837849	0.510749400072569	0.0145508397615283
0.386372720446439	0.0830649166995556	-0.399041713472361
0.00783776581107041	0.044515539529182	-0.041689752257708
-0.00125890986467717	0.0131874959701369	-0.00188702625715816
0.237223943820996	0.063571138757886	-0.264201042904917
0.356163556521569	0.046791337728759	0.281028232815088
0.00761281963369001	0.318351683389496	-0.100837302435051
0.276297332271946	0.0311227952991286	-0.19662311887108
0.377533616526906	0.0825136702931841	0.39080983987468
0.344920239247556	0.0688760699235878	0.33600687545262
0.355060373545989	0.0521652414526281	-0.297815407163386
-0.000138749146787886	0.483072537499261	0.00443569956717305
0.0889925676883696	0.114831624791271	-0.214632876300966
0.00819746155269075	0.300230094109589	0.101368973599914
0.00904041987250165	0.0469526122251143	-0.0432218419082723
0.0247428861238611	0.0764601021901905	-0.092032861884526
0.0317123364009376	-0.000712172698220972	0.00612081936408636
0.00973451103772993	0.0741183241327121	0.058671096049425
0.39925403101099	0.0618076976514994	0.346530808900617
0.00668803903588294	0.413118389037299	-0.112609529339557
