9.08906894212459e-22	-0.00516584826311229	-0.00208118861865632
-0.00480790564021988	0.0029024619197159	0.00350699864805786
0.200576176020588	0.00333875552189814	-0.0156939365611517
0.0568689842386795	0.474361697329638	0.343747385616382
0.064661529673668	0.635140748477506	-0.449647052980573
1.62402096809723	0.0931355191192358	-1.06366914833504
0.0169498055963212	2.38228409288454	0.666331623471502
2.31918544629586	0.0969842143916264	1.37432713348923
2.18728241031983	0.150511017796045	1.71730266213485
0.141087537416991	2.24382422631794	-1.65127751286565
2.71266323239627	0.0204683825167951	-0.670874121595767
0.0705974980359462	2.76890751034616	1.35641500416171
2.10357859705526	0.29671416779027	-2.40221378647364
2.18580124770527	0.0822999098422258	1.19141766593553
0.72288187459965	1.19188868961495	2.68690151635565
2.28093948275682	0.160683403357309	-1.73885594206155
0.140595064622465	2.32699735599478	-1.66130209114082
2.56920550960537	0.0387552666822116	0.798395734360184
0.0709453019329507	2.5937499660601	1.28696116713127
2.24633475662499	0.0715929001278156	-1.07660542061015
2.15761116982864	0.0779919843889453	-1.17815066669643
1.01054137376001	0.0765389439248075	0.688403091230849
0.549081880687515	0.00460149860854936	-0.0748786479083128
0.063975608826441	0.211180271114743	-0.255008565813637
0.0208201239447852	0.0393888187112547	0.0521458602534163
-2.70916032357945e-20	-0.00194875940897118	0.000361682475819165
-0.00617001649335728	-0.00124986933737507	-0.00585343478244206
0.0900672781613376	1.88723711426019	-1.13304148113723
1.60687957003238	0.111877282519888	1.15164313350155
2.15373513090332	0.194791856736891	1.94220632078922
0.0425982804247692	2.34465114880806	-0.921566610551983
2.12982177302531	0.124048058016141	-1.47917653925348
2.16374963664448	0.148267015025583	-1.66643754078788
0.00901541209868502	2.66308199552102	0.360850772798508
2.1157043585214	0.163737878070104	-1.72506472401944
0.0170472317498884	0.0892414527926866	-0.0770627641098674
0.00165670947895997	-0.00645632144474728	-0.00112526966499731
0.976251778183997	0.144630236265256	-0.95143961664103
1.66973940124696	0.0823424931070985	1.00742315373755
0.0336368596667604	1.18225225847972	-0.51278966444427
1.05317632563188	0.0724082798693118	-0.667095448971767
1.98945385106722	0.144175284944263	1.57629514870156
1.71751385143601	0.123391115663777	1.22226410358362
1.6407380685748	0.101865684886877	-1.14546057573696
0.000778844603591138	2.39418410226447	0.119387618948352
0.309288979842773	0.303014479260174	-0.714503071429135
0.0410036066694883	1.13343510720923	0.493263465151531
0.0282942513006285	0.102546888894919	-0.102232001716695
0.071843954829615	0.188672598708814	-0.24024111744506
0.0524931768952928	0.00428562972421208	0.00794068510566939
0.0264157210741176	0.1788662829745	0.136377008950517
2.0787931371155	0.108278881427578	1.35564852082812
0.0446761374221342	1.82544529621725	-0.791936579283098
