2.9968934494379e-22	-0.00602016573999893	-0.00244765466558535
-0.00572671615021777	0.00280811803539796	0.00459150605925157
0.197689372532102	0.00348823150952814	-0.0146339721910195
0.05715441711235	0.475807201896804	0.344192495085634
0.0666361008016246	0.639115860149069	-0.455660366804307
1.67222727119876	0.0930694433402427	-1.09125072809308
0.0185088863515007	2.46918086981122	0.712738798164711
2.41902532038393	0.096943843963178	1.4210138998836
2.28164577370467	0.150744005134543	1.77757518471174
0.148236200817456	2.31939270947132	-1.7445099209719
2.82609631707425	0.0205388602001847	-0.696347736280503
0.0742260451731052	2.87631667517394	1.43888651502362
2.20052089948121	0.29808151541586	-2.49172953856989
2.27235202512381	0.0820449403360062	1.22608292993565
0.769817968446124	1.20511521511423	2.81911016068321
2.38409001041653	0.163321717411553	-1.81287687839082
0.146243815108517	2.41613590140376	-1.74990810221275
2.68032491840946	0.0392264922926025	0.821608464112715
0.0747004046736326	2.69276480768725	1.36497772175002
2.33141442343499	0.0722747031638397	-1.11090490422625
2.23946230429745	0.0781958166320371	-1.21546115630161
1.02837970423436	0.0757924714957498	0.695049541265587
0.550607693029666	0.00582186582901339	-0.0766307305274718
0.0644895719388378	0.209429405260078	-0.255989841209386
0.0206141517600937	0.0381117425866455	0.0506964163955246
2.98657693083439e-20	-0.00288901823925823	0.00046943264478014
-0.00721029154509829	-0.00151601667363038	-0.00693084074518284
0.0949509916392696	1.9397447324401	-1.19062667203026
1.65851648619041	0.111146451375253	1.17657112922171
2.24724316692081	0.195317707750952	2.01256314369121
0.0447724844187567	2.42578489408447	-0.974178176940509
2.21365350437023	0.124293735103848	-1.53069554986809
2.25526975190544	0.148867574514376	-1.72808195179441
0.00910053578502641	2.77472064054183	0.396973653168556
2.20567759606126	0.164661029268389	-1.78977274475948
0.0168229650713164	0.0875114175013006	-0.075179226411857
0.00175776415442706	-0.00760903644686331	-0.00101247574137839
0.997143909646116	0.144383572021281	-0.965948625728953
1.72092318650443	0.0826260784191851	1.0338410283787
0.0347412801478927	1.19853180609874	-0.527750826633573
1.07011459307461	0.0724903490097732	-0.67445906707171
2.0663345449454	0.144445377618515	1.6259263058864
1.77685193555866	0.123410098490645	1.25094255092207
1.69256304476963	0.102010894273524	-1.17818270882444
0.000514900019202928	2.48397099169331	0.133191875394632
0.311170061492547	0.304589411240733	-0.720754752126843
0.0421518540738551	1.1546546401947	0.499433102111811
0.028277563051068	0.101100656056365	-0.100722940557353
0.0719296941325171	0.187947724141333	-0.238606575780244
0.0506624487685159	0.00448375116432248	0.00769420634084444
0.0263243240193348	0.176967224883391	0.133280834837452
2.15958040143867	0.108120637640992	1.39720974564245
0.0470246840557345	1.8769943214377	-0.831286919174493
