-5.45681066908705e-21	-0.012597213461541	-0.00404287389894159
-0.0120934812424537	8.6367353598172e-05	0.0144786977193206
0.131838570047967	0.00270394986629538	-0.0127594008621914
0.0380652116651527	0.307233456350112	0.213489941894645
0.0365232381550766	0.421552717388627	-0.256920601745865
0.824216923020622	0.0746205440700489	-0.594389506041558
0.00666653878753089	1.19439863925162	0.218845467426485
1.08304907131838	0.0830421525344684	0.742846524390439
1.01108445777796	0.130022319964374	0.910176819164321
0.0519725356843429	1.16765521956106	-0.626862866632729
1.29019385461637	0.0146283156014585	-0.34869734096123
0.0225369705283451	1.3594786235186	0.442300686259578
0.939550980283024	0.24196384549323	-1.21753395232009
1.05714750292123	0.0700425669005914	0.665011141912872
0.266654359795411	0.815997981232118	1.15284636036365
1.05736078122149	0.125710004093812	-0.882879056198216
0.060154382671732	1.18421241675442	-0.637232800763498
1.20406329269771	0.033630838038797	0.45180904822579
0.0235005628116458	1.29943910035635	0.428510184649703
1.09955403308211	0.0495257216463968	-0.577168263654815
1.05213491229911	0.063350486636923	-0.639167589853924
0.574658712687581	0.0631622245441622	0.437307053486182
0.351792874306891	0.00461240711893529	-0.0478172501027555
0.0406092348738345	0.146419276224931	-0.165131430484276
0.013661498805719	0.021991402033087	0.0290654002306087
7.07825358058801e-21	-0.0123042915201828	0.000906587252725906
-0.0143031031705987	-0.00354169711808767	-0.0146138817967719
0.0360289935778666	1.02256571294479	-0.465220696312826
0.802224221014552	0.0954869741164982	0.661547184184479
0.98776476688114	0.166030875179502	1.02226459666563
0.017933485637908	1.18214399645608	-0.344118691287281
1.03619587932263	0.0990385084835926	-0.79262984079157
1.01183548789919	0.118702938790714	-0.872903734796826
0.0026961008424109	1.26667987325686	0.0900576069511313
0.984297253164397	0.132088614258445	-0.903448155750015
0.0116526021321869	0.0555181387428633	-0.0461792821130399
0.0020274892898571	-0.0161360652899916	0.000533290835820466
0.549848092009367	0.109856386412836	-0.571326487594412
0.841835342196777	0.068592968544476	0.57402103751689
0.0167688141392928	0.691066438125283	-0.240953344971977
0.608749061593427	0.0542030129542208	-0.404179886374658
0.952678575984603	0.1232273635981	0.852367885480072
0.855673973321228	0.0999429845572586	0.704788541296082
0.828185531318879	0.0830133439691769	-0.633531829521521
0.000220926594975563	1.18023270273587	0.0222007422967276
0.188232213486578	0.211079063663598	-0.444988205480957
0.0215789306904917	0.664572811178539	0.250641227767225
0.0175276897951557	0.0634925005763322	-0.0576263985804334
0.049237049139721	0.130392111745459	-0.158876262411191
0.0285249240187336	0.00429788604397548	0.00525884128325678
0.0174395871443705	0.120275335127615	0.0835797120785334
1.00139553522337	0.0913077463704708	0.746853109900904
0.0185693406231173	0.963586112651414	-0.318686580583373
