-5.03947382673889e-20	0.0135644345388733	0.00483090352188128
0.012947797240083	0.00468681429630713	-0.0200868517658071
0.186480744017949	0.00157812584839787	-0.0166237033102674
0.0458022720872771	0.397070127645767	0.279891562628097
0.0487285213075725	0.533231852953207	-0.360487282184825
1.1654744072587	0.0863776676380251	-0.804989239855589
0.00787067659396763	1.70198836644264	0.397721066698408
1.5985271924752	0.0908334172312827	1.01129341041611
1.502140576947	0.141059431399501	1.26157022286362
0.0882841120892639	1.64696429172262	-1.01014287417645
1.88501958703921	0.0185205838365785	-0.488127861437321
0.0415335627469797	1.96384663530432	0.786537714132416
1.41482947541739	0.276387765966706	-1.72714669116728
1.53460903234203	0.07770623929082	0.891756816422366
0.445196153207477	1.01020329831175	1.7835430868754
1.55411801272669	0.146892203351702	-1.2492976862938
0.0886217017257096	1.68848944162383	-1.00899982356318
1.7689004181163	0.0353781405899216	0.596161668293579
0.0415192275119511	1.85905012302963	0.753674479320165
1.57591692261996	0.0652211818706128	-0.792328745458045
1.51538441732753	0.0715396872337825	-0.871811757951916
0.778701827590437	0.0716837872904804	0.559896056979483
0.455577133779985	-0.00207452829878463	-0.0579112883907904
0.0493811054730861	0.191694715186324	-0.210952644010222
0.0194849453678117	0.0495871981646407	0.0634529298577661
5.69523439637088e-21	0.0186993836503293	-0.00211283185400094
0.0146990789112707	0.00424881457716757	0.01600374416692
0.0580719367872442	1.41043866846984	-0.725331679335189
1.14652337016714	0.104997436407459	0.879701640761754
1.47463680497863	0.182048537548762	1.41800969959886
0.0264449914925044	1.67697236610536	-0.564589559508584
1.49377646669341	0.115684912300209	-1.09629483912303
1.4877470763071	0.137706616435664	-1.21693665597326
0.00685118059127153	1.84400986124534	0.199445627241992
1.44707823802753	0.153144919005792	-1.26110824041701
0.0169934330724616	0.0923872429197105	-0.0857337667218441
-0.00100782904118407	0.0171951099731742	-0.00376980867604403
0.737132870072204	0.130540781558713	-0.747932397035361
1.19719523352207	0.0764250185487974	0.765505073177637
0.0219540977105799	0.919190496044398	-0.350054397655472
0.815208320878189	0.0625215902666061	-0.526743761681083
1.38391834035764	0.135233748213681	1.17409111258596
1.22323557912855	0.115892702313658	0.933868778049204
1.17540344560765	0.0936394370278498	-0.861845707745491
0.000494032430019932	1.69285249034304	0.0641836702975592
0.247957267227179	0.26700904745337	-0.58227645643522
0.0308078564297954	0.878679089432526	0.373586818741546
0.0241406132721707	0.105899304972197	-0.104459307796957
0.0601565662071697	0.168799168473118	-0.215453302087078
0.0661768670062912	0.0001469742224877	0.0103512011820173
0.0220836051294656	0.164195566503856	0.131261254322071
1.45463479133127	0.101907776896257	1.01252468154068
0.0280434461630097	1.34301644986584	-0.504694852230787
