2.87248589741086e-21	0.0196388914774562	0.00699726706193477
0.0170076144531651	0.00560986958826759	-0.0269894539343536
0.199457962734532	0.00386054128858423	-0.0203351764959047
0.0468177472842996	0.420587204887431	0.289742643826589
0.0490337700810502	0.560647641829852	-0.385422643871136
1.23875481305313	0.0904286521543358	-0.850099806730177
0.00925368749518332	1.796073468381	0.433549306744077
1.69653709508593	0.0924436052225831	1.06049697163499
1.59450427342254	0.143651635627507	1.32388358752913
0.0958828681371377	1.7322288068527	-1.09191716383943
1.99699399177896	0.0188836026670308	-0.510965493967208
0.0450452612415435	2.0788302928833	0.853305514744319
1.50869821897965	0.280250147891128	-1.82055537786212
1.6247927733182	0.079652718307359	0.935244704571457
0.481652200543411	1.04208571666126	1.9067976117519
1.65282566925471	0.149594766731478	-1.31725435526528
0.0953420035091257	1.78080327355229	-1.08886970163946
1.87841648062798	0.0359479953427637	0.622476255183672
0.0450786353049813	1.96208495316703	0.815418058724202
1.67081745123951	0.0658513306897328	-0.83315120525388
1.60706410234207	0.0729037637078233	-0.916190861784201
0.818920494739236	0.0756535568303596	0.589547155806508
0.478688747327799	-0.00607028265565886	-0.0598198107540119
0.050266395725714	0.20893051174205	-0.221024302019161
0.0205994294560758	0.0568281413070358	0.0722157858944046
3.51987496017961e-21	0.0255933971864674	-0.00297689120347355
0.0192163581554634	0.00558086623799037	0.0209608967419773
0.0618413085229911	1.48301816772395	-0.777943852779395
1.21510442675704	0.110046137187693	0.931077272083443
1.56518625732927	0.185508692360937	1.49057296799913
0.0291089899512602	1.77288727874354	-0.611296545051371
1.57892283211591	0.119315313533202	-1.15035781990947
1.57934078701415	0.140742231570852	-1.27879193496053
0.00808127388106007	1.95594340248363	0.220972130259357
1.53726039440105	0.15664660083466	-1.32623413714743
0.0188712479120369	0.102974140840037	-0.0961965079380153
-0.0018097259042269	0.0229047368158462	-0.00562432880508234
0.771932905248328	0.138034694776482	-0.789698593636226
1.27288213220352	0.0788033900715009	0.806915257782269
0.0230198137446933	0.976775264548108	-0.372268237916255
0.858992448907831	0.0674545676713022	-0.561631470082202
1.46849351591559	0.138901824525231	1.23427950921811
1.2933198739663	0.119673629784241	0.986054746981656
1.24861456605095	0.0981726399956679	-0.908908749683398
0.00101796279229456	1.79179105750946	0.0711893055230067
0.263551498535215	0.281506869075947	-0.614246419572125
0.0316453898351394	0.920701403369348	0.401708077247293
0.0261184347116155	0.116614099700878	-0.115850193629893
0.0632369055273849	0.182547648690837	-0.236181443536854
0.0759498682452162	-0.00105144106856708	0.0117025216735359
0.0234200900280256	0.174660149554579	0.140595332727961
1.54287580101543	0.104691104917347	1.06423489162287
0.0304501662612831	1.4186241725458	-0.543674420891399
