6.24007843847179e-21	-0.0106614045133418	-0.00416690401474966
-0.0106271691607775	-0.00118150369906616	0.0149023917268726
0.0215475114110009	0.0013831331289637	-0.00310300493556389
0.0101465244823583	0.0640849309680422	0.0401201023380025
0.00792825812095277	0.0933680041137061	-0.0407519040962784
0.144328563344052	0.0242848315618878	-0.123043759601664
0.000649713215554237	0.204684550953929	0.0203922394728727
0.173898382532343	0.0300563173239874	0.151850428002141
0.157872774040973	0.0450734388082181	0.177784235411376
0.0064748464393639	0.203007072355035	-0.0783829161730801
0.210620085934292	0.00450038741502663	-0.0671645734727059
0.00213706170327442	0.220167317650982	0.0432147393549279
0.136906577449699	0.0764548368752491	-0.214297457551991
0.171996798574491	0.0266429298853059	0.140717995641812
0.0294304890851157	0.18392966927925	0.151306135481808
0.17537248925783	0.0381864369340811	-0.167101847021173
0.0100200366872398	0.205816066521622	-0.0890766835444836
0.197627809612094	0.0127321262644902	0.101406582231174
0.002307920598689	0.21787127996044	0.0436355618284652
0.185432196706287	0.018006928107973	-0.119839363393561
0.175655779931602	0.0222487116377841	-0.129721257716481
0.104832558072185	0.0216743593463472	0.0967040202344298
0.0721107353062474	0.00467039779974882	-0.0117449008756983
0.0102009050467038	0.0315187010525403	-0.0340531456424528
0.00316199521156408	-0.00145874689563693	-0.00161779077591242
9.31811814854451e-21	-0.0124093833340786	0.0013531739192143
-0.0130172021715589	-0.00349605469307339	-0.0137375943900006
0.00481479061938898	0.186476073950335	-0.0584775995015875
0.135374325946934	0.0345077675911673	0.139703535550161
0.150507580449534	0.0565776993223363	0.193331331684192
0.0025336227710955	0.20835071368255	-0.0449026995588946
0.17129035522893	0.0319955658477448	-0.154099270560054
0.161707045237028	0.0396128993937193	-0.169323858550885
-1.37735159706976e-05	0.213226209786291	0.000198927926213207
0.158892008330532	0.043374288288488	-0.174603992134547
0.00239185540299205	0.00644477628817871	-0.00217698491704959
0.00200288636045654	-0.0147341585683594	0.000322543051365538
0.105380454509988	0.0297157802135211	-0.115159138737679
0.145928043197262	0.026768814447935	0.128672310746812
0.00347366556291895	0.134344425145126	-0.0382013547010162
0.115523731392803	0.0170226028125192	-0.0836801458651537
0.153447318652097	0.0437782523663227	0.17185760416186
0.141937031060333	0.0364920773807229	0.148393141592371
0.14934965920533	0.0269396060907952	-0.132004060938472
-0.000231730900431779	0.2011143985212	-0.0013708230678843
0.0365178834705965	0.046776949598653	-0.0841183942694628
0.00364343072489512	0.131713957875748	0.0320014712785868
0.00325853455923886	0.00709530197684259	-0.00238369153187508
0.0123603913509702	0.0278153547595067	-0.0279152689795286
-0.00186747241319592	0.00270230962316745	-0.000145846404045816
0.00397718679971563	0.0219099379201926	0.0079885199792907
0.162341643434968	0.0333273191300082	0.154113303092454
0.00271790415206413	0.174241785819578	-0.041416697386721
