1.41890629237754e-20	0.0186510907334022	0.00676653333815408
0.016254250104479	0.00545683845315809	-0.0259072396984223
0.199669869130654	0.00388188671498428	-0.0204863114901339
0.0468107151131137	0.421340255444442	0.28982081980868
0.0489958480285518	0.561587438843681	-0.386218415817682
1.24036383532988	0.0909258952707889	-0.851354972036203
0.00944480848388683	1.79780592805038	0.435242477624466
1.69857470485322	0.0926580611201884	1.06067428389966
1.59627183339445	0.143935619066103	1.32459258796493
0.0962004952971184	1.73386911967416	-1.09317062921763
1.9990217156762	0.0189336132052458	-0.511024861394255
0.0451870323258075	2.0813730480021	0.854384415665876
1.51070579814073	0.280329802708059	-1.82250294562255
1.62685757355697	0.0798740937256658	0.935740610515968
0.483050775271423	1.04267844980869	1.90986003828302
1.65494171329076	0.149910380396002	-1.31921330132944
0.0954106805008539	1.7834464888843	-1.08875957609038
1.88087829110002	0.0361115581921629	0.621882941486083
0.0452276234002487	1.96384125787808	0.816237320072208
1.6729046240581	0.0658605314032923	-0.834179847603627
1.60907761513695	0.0731161052009639	-0.917305996725203
0.819828740348848	0.0758804827558185	0.590244548004963
0.479314192334412	-0.00618795955700501	-0.0598348524800129
0.0503092450828552	0.209253387574439	-0.221276401563915
0.0205825608056684	0.0563899000610289	0.0716688548046764
-2.9487162419416e-21	0.0245220806859789	-0.00293911474482498
0.0183613973924171	0.00534342727183963	0.020046297222485
0.0618547876884632	1.48462834123053	-0.778395697811737
1.21648536622443	0.110443872015539	0.932516852297477
1.56673684143849	0.185884696438084	1.49171368217597
0.0292969370748331	1.775144778765	-0.612005150938101
1.58024672622403	0.120004053255887	-1.15181447071398
1.58088780061218	0.141207029522092	-1.27997356939287
0.00841862678129001	1.95816022523293	0.222954596138265
1.5386580228199	0.1572514126772	-1.32783381494557
0.018796413999833	0.10276990812958	-0.0959161622815195
-0.00173757161067678	0.0218899123436829	-0.00533593888295204
0.77252375987153	0.138611583371488	-0.791302245121282
1.27467222383866	0.0789408772169153	0.807950420861371
0.0229980767563642	0.978706040311794	-0.372254796337484
0.859972601174543	0.0678708874913489	-0.56293035880171
1.4703304644381	0.139283441346405	1.23563892035173
1.29452927290752	0.119979549921305	0.987562156252544
1.25021545035449	0.0987914772521352	-0.910411576502299
0.00121891410217496	1.79392654929902	0.072022776233512
0.264062055286654	0.282127436180361	-0.615302697716926
0.0316550789302607	0.921591196949912	0.402736356578131
0.0261149419640169	0.116259132846569	-0.115504771137127
0.0633080147721362	0.182833309071909	-0.236661634968621
0.0753105202370573	-0.000887220458415163	0.011635552120662
0.0234171223085824	0.174829431593788	0.140772247621069
1.54496723582074	0.105022711079372	1.06516902679095
0.0305927059597067	1.42034400406555	-0.543948144676068
