-1.2282288745177e-21	0.00635079575508138	0.00227827942126085
0.00550358944838988	0.000848121597292385	-0.00829776746326013
0.0057205051141237	-0.000323280441869373	-0.000425825111267597
0.000164263650141461	0.00394873619259346	0.00362769267204594
0.000195537366895325	0.00442086276070839	-0.00319119021554407
0.0038626452410794	0.00065038114922208	-0.00342460269137343
-7.47465038157894e-06	0.00521619543832542	-6.28945570730652e-05
0.00428618693155433	0.000730242813457492	0.00454141971927785
0.00391415323471154	0.00104592619990007	0.00495845708758048
-1.14887569565585e-05	0.00522123574357579	-0.00161730824272092
0.00516070021707173	8.94684550169442e-05	-0.00212763979508734
-4.83265146200383e-06	0.00531681946842208	0.00118734514371956
0.0032146645542233	0.00227620338626445	-0.00543935223767952
0.00411092926962886	0.000847319701148444	0.00412057698613246
0.000456777775494133	0.00518508629674279	0.00322609620270714
0.00471933919060177	0.00108158185833866	-0.00437973912601062
0.000308497671107619	0.00532023203816521	-0.00266769671861952
0.00494973702878705	0.00035740489263854	0.0034063965148588
-2.0797639261648e-06	0.00546020941646464	0.00120670291971075
0.00452792345506169	0.000634615693860711	-0.00330616379507582
0.0043364835671833	0.000672031995786034	-0.00350588516063326
0.00356112475759929	0.000813081622818084	0.00355718703176899
0.00473433055509068	-0.000899556643094011	0.000463128619503257
0.00015655482988673	0.00501702179517633	-0.00392304438667715
0.000253347183234686	0.00461642695889718	0.00635472797499089
-6.41188774141441e-21	0.00741141705545694	-0.000873335642155931
0.00659506829328876	0.00182927213881997	0.00705261852267472
0.000114598753443995	0.00471178138100447	-0.00131423165296771
0.00351384887030015	0.00111328188206208	0.00405638381665184
0.00378109390715442	0.00140289958875276	0.00501595910362777
-8.48837123666261e-05	0.00522548550152237	-0.000785036237241326
0.00447115867924494	0.0006878638516646	-0.00385133605456091
0.00405920176185676	0.00107274567484831	-0.00475307457032748
-0.000110016231213986	0.00555150763945225	-0.000650739628372992
0.00421839591616113	0.00109668955961165	-0.00466501065829765
0.000715636597630632	0.00581467682520058	-0.0068171068835168
-0.0011120988293397	0.0077273042422473	-0.000873861796373656
0.00303428691213861	0.00110335488891777	-0.00356052916162971
0.0037627522342979	0.000936741284765159	0.00357844129686088
0.000153593433030446	0.00442211930201973	-0.00147251065120541
0.00397029367797603	0.000427681010206928	-0.00286512513496081
0.00376446166727873	0.00117492289935852	0.0045354473140146
0.00349750817809023	0.00129004488287425	0.00415327362217319
0.00391617948959231	0.000680785923264426	-0.00331729044906412
-8.64015025416591e-05	0.00507277271529841	-0.000347189543322141
0.00152825161951119	0.00289578268883869	-0.00459171222988187
9.84333323609623e-05	0.0041601323254693	0.00155098361551317
0.00046924846441172	0.0062136472596298	-0.00665818189882307
0.000416137508102903	0.0040331709069945	-0.00523702516574244
0.0062237487549293	-0.00127963900194741	0.00145903371239432
0.000190366166093395	0.00452671120639897	0.00517571611043053
0.00389749382749222	0.000882762383957424	0.00430096916572658
1.95552024762107e-05	0.00464096803456151	-0.000994350981182109
