2.35656785431424e-21	-0.00019842840629222	-0.000202056214773215
3.80346738065329e-05	0.000636807238881883	1.91971457665953e-06
0.0444603158794914	0.000373245332965894	-0.0052340005824698
0.0108466443960343	0.0878164706769558	0.0572186510962411
0.00804193180087153	0.123044381165631	-0.0622334845542053
0.186583109753502	0.0320761847621472	-0.16056852576913
0.00140350038111233	0.266304139039932	0.0352825840526285
0.228810711801495	0.0368211448994673	0.19151860060376
0.20844221942292	0.0569945133588697	0.229395715096658
0.00895268466642443	0.266913584746984	-0.103921826786968
0.279153424760367	0.00621061216114159	-0.0882916607812295
0.00337806156178543	0.295510400820293	0.0616797207393664
0.1844540679433	0.0977564735481722	-0.285603438241649
0.227417272518999	0.0314732683095067	0.175776693928026
0.0437920490964369	0.230711380694327	0.207415591614005
0.224291557706338	0.0514322380202383	-0.21978957879035
0.0119008001981103	0.270402779070382	-0.106919839532169
0.259138247581301	0.014953029964277	0.122241221845944
0.00368140737233591	0.288650438240675	0.060984332960142
0.242656361459561	0.0222759001293305	-0.155295236751364
0.229269030272478	0.0278585628309818	-0.168475699142323
0.139292194939407	0.0261845521495322	0.125057786888731
0.0989465450019523	0.000639010003661347	-0.0121163763243952
0.0104604869924505	0.0475958943833024	-0.0452951382338026
0.00478689414013429	0.0106435792617238	0.0126731510572126
-5.45132700584518e-21	8.51440862387805e-05	5.93459888904025e-05
-0.000255488341197542	4.05698086492846e-05	-9.4407927448322e-05
0.00597549351457668	0.242923131718592	-0.0775531085994006
0.17733262853153	0.0412853284585453	0.178668482837525
0.200284505937803	0.0716409935206817	0.252921367394094
0.00390624017677527	0.272497622842778	-0.0593508787763171
0.221708772034724	0.0435446401216211	-0.203785543335496
0.21066969230393	0.0505360066089579	-0.219193325445645
0.00109890682089878	0.276816854251187	0.0114143210876258
0.204386724128632	0.0562845856627142	-0.226973893993057
0.00444973932083734	0.0214086404629196	-0.0185912550690001
0.000381797678110985	-0.000168104816873215	-0.000717805022526044
0.131519145650694	0.0399229709414018	-0.151202754427771
0.191647498129594	0.0304733916191406	0.159858580398802
0.0039381085836841	0.172719327699808	-0.0498152692799738
0.150740027833605	0.0191757230953622	-0.109584447993843
0.202190252616841	0.0543340035014202	0.220939124559659
0.186341719994188	0.0447403470776553	0.19106125287254
0.190938732025401	0.035329364522404	-0.171778014763088
0.000172250095348486	0.262072399279187	0.00477773604998651
0.0478965934322106	0.0650246714344542	-0.115777855987836
0.00438044957866633	0.16853664583056	0.0524980764306091
0.00505934969904012	0.0228366088662293	-0.0192465703912153
0.0145522490149472	0.0413258114891045	-0.0480136999227202
0.0136342763158995	0.00101202743827135	0.00248808754558631
0.00582994067117267	0.0399803259295963	0.0289093255328211
0.214608091574391	0.0407996713759761	0.195857653180963
0.0033319383623729	0.226954623676568	-0.0546832028650391
