8.23521267936171e-21	-0.00899330144898585	-0.00352606563929566
-0.00835234576395912	-8.03207705298418e-05	0.011084875588346
0.0760380821277599	0.0019459801654474	-0.00896887021741159
0.0236044117447717	0.177316347406558	0.118846422295496
0.0207293862066724	0.249739142275359	-0.134175840546663
0.431920342153527	0.053993366385905	-0.340224290453672
0.00252908565726642	0.618754575469301	0.08674233529972
0.543207844971909	0.0623601551997196	0.418833549158704
0.501041266473823	0.09701398651439	0.505681722049008
0.0226667724478463	0.614306869246492	-0.275443563828887
0.654259348056594	0.0103421013572746	-0.192236145509792
0.00900327256654238	0.690300721579257	0.17438719133285
0.451572725556952	0.175302511258317	-0.645306470885497
0.534992540414375	0.0537184866073674	0.380020997186895
0.112109239528794	0.4949947394	0.526923151045846
0.534272282295012	0.0885615413378593	-0.478225637029509
0.0301091824011516	0.619018309336484	-0.289675870374591
0.608604441484202	0.0256405011686573	0.264745593274987
0.00952530337798307	0.670444967503407	0.171861134730356
0.566571169427262	0.0376401432810122	-0.328407622024722
0.538648892960555	0.0472771543297717	-0.360318948949527
0.306478278270085	0.0467121981633133	0.258357288029561
0.201464567151883	0.00511332750186496	-0.028651100777532
0.0239466646506087	0.0899222160377326	-0.0966248232327624
0.00812884700106185	0.0112939659980715	0.0141636858380267
-3.23827695522799e-21	-0.00940204634155587	0.00113954910022715
-0.00998363457103789	-0.00246868251159282	-0.0101949806041227
0.0161755494975366	0.549058538406256	-0.205276774233933
0.41250625027156	0.0722493472172845	0.381010468243816
0.485561648265176	0.123032479564884	0.559548808029536
0.00822945527198557	0.622824609407207	-0.153000622546255
0.526954962603164	0.071271471989688	-0.437604363147601
0.50621722505788	0.086283577222863	-0.480479970053544
0.000785534931288559	0.647175704748993	0.0240131850572839
0.493064497004525	0.0956795092104342	-0.496505800579431
0.00685496093278083	0.031321132183344	-0.023936950045058
0.00192270323129523	-0.0114555561282567	0.000511951084206888
0.295700464789867	0.0719930238690113	-0.318937888802086
0.441392635860686	0.0531081244585332	0.337712082192962
0.00930045304100706	0.37874861272526	-0.119468507835406
0.331669582989638	0.0366478850543242	-0.228197466329115
0.481021366790219	0.0924720010375162	0.480056514781851
0.437535198855369	0.0753217513356792	0.402408469666248
0.439789075394957	0.0590163872787554	-0.360816371644186
-0.000267369344418646	0.60915371433848	0.00730102105334414
0.103301669589529	0.128053119617407	-0.246628799592584
0.0107987991105735	0.366282503766399	0.118060021490309
0.00972806204711374	0.0344117965953467	-0.0280434052781019
0.0302169991296641	0.0793923077505063	-0.0910365210301637
0.0140560343210259	0.00320370262874443	0.00280231657128828
0.0105662581042734	0.0711060341154156	0.0447532558952378
0.506555295908152	0.0690708816086286	0.423895373005928
0.00840984223218715	0.512457217011475	-0.141412304297437
