1.35433016139534e-20	-0.014155490631582	-0.00468126706655843
-0.0135742739692398	-0.00022072840061595	0.016372146056082
0.121311375310669	0.0027443500584825	-0.0101738752537195
0.0380581421431864	0.304780838877913	0.209437607389831
0.0399048243324947	0.423967676834678	-0.261102825653108
0.87616271303422	0.075370058031267	-0.627567084430934
0.000506999281317303	1.29224367234739	0.251698148024832
1.18218174491847	0.087221633558238	0.794104345706222
1.10616335698002	0.134831103893849	0.977968615214358
0.0576504010668475	1.26591106706036	-0.692372481645578
1.40567259296112	0.0168524468568563	-0.380045524627537
0.0263718633364501	1.48293563663085	0.508057648827059
1.03285270986525	0.249648351396835	-1.3219166631688
1.1446055445551	0.0750354024254846	0.709508786755071
0.301298162527996	0.856642822434004	1.2751501638138
1.15176094788139	0.131803710856156	-0.958133411256008
0.0644525387013851	1.28646557183969	-0.70284473501811
1.31188694943657	0.0370439469640155	0.478666951106734
0.0276857259252202	1.41159282839219	0.487294987408264
1.18694256119745	0.0570299808486567	-0.610335293648112
1.1362000814838	0.0642824141244316	-0.681482589737604
0.594950117410949	0.0618007732187836	0.44531868892632
0.348153713718833	0.00749141905757663	-0.0509662477554162
0.0413654446721162	0.140591336442572	-0.16601893421741
0.0129738489966852	0.0186227540778416	0.0252141816811937
-5.83670759171959e-21	-0.0141071688376871	0.001034122261043
-0.015800602457962	-0.00397064252319516	-0.0162377472016597
0.0434379721708627	1.09340792539659	-0.513012142053452
0.858831340528611	0.0946860768455971	0.691130933423655
1.08230967876441	0.17097400828917	1.10270349846222
0.0195762768256815	1.27359453042184	-0.380316705062324
1.12359936236301	0.103484311385794	-0.851386123643782
1.10164531234682	0.126024247518112	-0.944150964182687
0.00364715386242559	1.3789779360069	0.117982039890717
1.07041311420442	0.139834655734452	-0.978899243187248
0.0109631523922696	0.0495050972602491	-0.0400599689840737
0.00220779094349669	-0.0179648637782027	0.00101184220062806
0.577843255609551	0.109203108133542	-0.589071852063165
0.89783447426886	0.0704391318982503	0.607729614167531
0.0176377733999469	0.710617474593399	-0.253394631124136
0.628320676618535	0.0548059357921813	-0.410932021843069
1.02887552801896	0.128727144895079	0.914872480340866
0.92175214988682	0.0999897834812098	0.737546255388003
0.886555274358694	0.0792309649605176	-0.67134538946906
-0.000108523423382233	1.27485230652227	0.0308569297367022
0.188713727115339	0.211304740547038	-0.448725738969385
0.0226744666102435	0.692359619807027	0.251604667594452
0.0168016961610672	0.0581743609075215	-0.0511886337381415
0.0489214354533519	0.126838166141088	-0.152383975388681
0.0235867697993153	0.00462855531364553	0.00464938254700495
0.0164283214170883	0.112897340310127	0.0730157211433469
1.08248913583875	0.0961427554526354	0.799449841620698
0.0200407485213412	1.02593608461219	-0.346519990929257
