-2.65924793803046e-20	0.00926432865685261	0.00360129978371243
0.00918040422016653	0.00311433318912845	-0.0140589471100051
0.13881564018	0.000901236568282452	-0.0160437200881936
0.0323301386285435	0.277649201868263	0.192183313536297
0.0287185413594718	0.376708515928366	-0.228891131496925
0.69580217030808	0.0714057029291196	-0.517933455278821
0.00549509301598534	1.00123359970192	0.172151635365807
0.899787387641046	0.0784318746590035	0.635649684870657
0.836581982602049	0.123194169198338	0.778058218192586
0.0420723821060473	0.984877800329642	-0.500017579383148
1.07567920022279	0.0135520094915465	-0.295620048100494
0.0174553094688944	1.1379424100243	0.339339519969733
0.773384103306506	0.22503091197132	-1.03007435848107
0.881325549177834	0.066177271853669	0.57154380068104
0.212641029551063	0.719150903396258	0.936215817902725
0.877521119163003	0.117143757889853	-0.751793938072329
0.0488843558508712	0.998512022775852	-0.505195242403454
1.00218401798695	0.0317018779936847	0.388353818227959
0.0183382997432324	1.08998379816012	0.32994459471753
0.921127609951375	0.045953063239405	-0.49590911613846
0.880438439541729	0.0590585546735749	-0.549170241402823
0.491836931594092	0.0615188143252572	0.392350918557475
0.316816626071425	-0.00266887485212073	-0.0374994872994371
0.0331108176169393	0.14679343142814	-0.150356910480204
0.0138023389020044	0.0366634056908467	0.0460063856343486
-1.08049451398784e-20	0.012711449980085	-0.00158329354259602
0.0102947966975715	0.0030912305607446	0.0113917992307589
0.0288970708409439	0.865458306524445	-0.372749736653829
0.669966583726032	0.0918297995462348	0.579257239980797
0.815197659456572	0.156859862322271	0.87205241622935
0.0152029821068221	0.995892134598987	-0.276621706351136
0.86276162427583	0.0938851173097459	-0.679346980229063
0.838957272456913	0.111183849746155	-0.744449850387863
0.00287287649468824	1.05636656276333	0.0700803171946554
0.814863689998849	0.12440354399904	-0.771926162758843
0.0126577407308584	0.0689979475816155	-0.0639042835877227
-0.000889679089950431	0.0121575397295779	-0.00245937934993491
0.462057948618273	0.103613203336568	-0.497475936343114
0.712053141258619	0.0641379836503949	0.4980065489004
0.0140431380613529	0.599639470484197	-0.202506653616252
0.526199247125138	0.0487821694024181	-0.357128359738011
0.792859222686489	0.116906639117118	0.733408503438122
0.711782568726145	0.0959251479405689	0.613163453251573
0.698981719246052	0.0781952094210049	-0.547939070479667
0.000369499953561218	0.988673714363809	0.02051555535579
0.164059546841419	0.19399069936901	-0.391157638806857
0.0172460698381628	0.568754849907912	0.217012520281161
0.0161530525439223	0.0759756075495667	-0.0718109617070987
0.0432134131403064	0.127204513770181	-0.158307415876514
0.0481887594433306	0.000218582167197915	0.00824619282779251
0.0160571911312956	0.122419877812789	0.0967725950382832
0.835520151746926	0.0866548201766407	0.643653457686174
0.0149466985115159	0.814819705828655	-0.256786608737058
