2.77016303022912e-21	-0.00982744505012781	-0.00352124454286865
-0.00899345203375749	-0.000380529918264706	0.0120860413767107
0.074877847381634	0.00176390786154315	-0.00961959817873906
0.0220744305715709	0.169036197195889	0.113085588564787
0.0178049072298304	0.234668256633827	-0.123848119844167
0.396790339973434	0.0518626307963881	-0.31525635854492
0.0024253997725836	0.563139318522159	0.0780981514658433
0.491905847511278	0.0597801671869789	0.38324781634822
0.452386632439227	0.0931208619913309	0.462743602947
0.0207915287727796	0.558359159837783	-0.246690159609403
0.59381378060813	0.00978356520896283	-0.174435495947538
0.00780575235726351	0.627507137476401	0.150868758747438
0.408690231681089	0.164742482836894	-0.588293726379989
0.486158472938548	0.0514334194180652	0.349786787601115
0.100830404467654	0.456298157367352	0.473765134706722
0.484498349369413	0.0843580978326448	-0.439012279009374
0.0271607639693861	0.564515296735499	-0.257164780797948
0.552632446383575	0.0244576874746234	0.242265347084045
0.00832303086913138	0.609790004452006	0.148850538614488
0.515880202639595	0.0356524162100106	-0.302717316858558
0.49009647104848	0.0448840034008047	-0.331321404566391
0.282249628892745	0.0454842761762852	0.243229440442022
0.191920341508068	0.00354980293537698	-0.0252382604188197
0.0222891153258896	0.0871922735650156	-0.0908854403127469
0.00786456376567612	0.0110019787781318	0.0138182690805677
2.36227602421429e-21	-0.010352093785808	0.00110657905374194
-0.0107683915465873	-0.00269081178503832	-0.0110415136500211
0.014389669650622	0.500779007987779	-0.183606044008172
0.376008079095076	0.0700955976149303	0.355463671060618
0.437618230695858	0.117873494370555	0.512543426118428
0.00798404411926682	0.568800276831706	-0.139035734436235
0.47800770889922	0.0688831518573881	-0.402765974865005
0.457833691205061	0.0820986488193045	-0.439187418681623
0.00123985673961527	0.587938662039588	0.022212503650925
0.445861196073905	0.0912963794574608	-0.454735397216998
0.00670367394768678	0.031005653329326	-0.0241833977810497
0.00183294758919704	-0.0123891854338103	0.000689663563965278
0.269529608410636	0.0691693883699719	-0.296300416038297
0.404839718313192	0.049960533073769	0.312086354647718
0.00860757113662651	0.353421749471641	-0.111525304398972
0.307346735800072	0.0347596176074369	-0.215426119172978
0.436159466668064	0.0887153552932361	0.441785957501353
0.396474813935155	0.0730367132223655	0.374826607058305
0.402090081190648	0.0568356257907407	-0.33433548640798
-3.00013762346406e-05	0.554645475524208	0.00589513248562501
0.0973616778672356	0.121396665360454	-0.232053881161694
0.00965484062060739	0.336659327530114	0.110337529432284
0.00913290517116662	0.0333886303085752	-0.0271581600410592
0.0282950523748122	0.0758276738611962	-0.0876533860950589
0.0138869472724691	0.00311224902554548	0.00288592823706041
0.0103487330435807	0.0690484230503891	0.0452520496333709
0.460066699749937	0.0663386156397283	0.390171821025797
0.00773888176362156	0.469645555147767	-0.128336356604517
