-1.56280985544701e-20	0.0138839447262161	0.00507865503163606
0.0128171392604087	0.00374321509572486	-0.0195262500059147
0.140226082212898	0.00102476163424919	-0.0160235567824043
0.0321147252758427	0.276274709988533	0.191477161337429
0.0285567323387386	0.37491819618621	-0.228564729537493
0.682489960028708	0.0706223877700879	-0.509282613105325
0.00521512322782658	0.978399659497059	0.165141449175581
0.87709973948948	0.0776932907716385	0.623257033534095
0.814994284567106	0.122070459880166	0.762175833801139
0.041016163934142	0.961358360877337	-0.486592436205551
1.04846731239032	0.0132723758605707	-0.288312619328833
0.0167468821569596	1.10654597715038	0.32608372369914
0.750702103943779	0.222079312633652	-1.00354414888791
0.860110332947708	0.0656476196589501	0.561059715022519
0.204400725066334	0.70810615728251	0.907655812677593
0.856258089435484	0.114719220962436	-0.732954276792998
0.0480971237019676	0.972796336019098	-0.493782680436358
0.976708842645478	0.0313692149398198	0.382214228200806
0.0175774480299882	1.06299436359667	0.317783215164676
0.900511528891871	0.0454922357165868	-0.48624599189799
0.860335420274587	0.0583267036677786	-0.53801110974012
0.485320053391913	0.0612406014078526	0.388398131425037
0.3152975642423	-0.00319956233524102	-0.0370087432543699
0.0327446570552411	0.148191490233465	-0.150562370066325
0.0138083946486425	0.0394442097934141	0.0494923814929157
-2.16461571264666e-20	0.0179026961876456	-0.00210808721098376
0.0144901683083117	0.00425281016301248	0.0158746603564381
0.0281600247804225	0.848748964247283	-0.363329428513306
0.656281569996985	0.0911918647572596	0.570166479556538
0.793603098443135	0.155211953916569	0.852714152373898
0.0148076911319085	0.97432129163881	-0.269911758020704
0.842643163754234	0.0923779626863257	-0.664362130491568
0.81823054688543	0.109590092255402	-0.727869896609868
0.00264431901111735	1.03027812661482	0.0642866710108691
0.794827121781076	0.122629863317271	-0.754707519297244
0.0130642620163222	0.0718176610633353	-0.0673071175007168
-0.00148064136895368	0.017155562646223	-0.00347695238340378
0.455068756076748	0.102660156328558	-0.490657389694494
0.698331270202888	0.0636136257697239	0.489727446770388
0.0138795476677742	0.590691529853879	-0.199368326637019
0.519652119158998	0.0477321879054421	-0.35161021589017
0.774084024957661	0.115964404326771	0.719655375337336
0.696908927478586	0.0952700642668488	0.60291274554453
0.685391483600338	0.0770521740279381	-0.53770930655737
0.00032796188346702	0.96598077028254	0.0192391945935161
0.16281635874332	0.193414742084048	-0.388723328778714
0.0171234860283326	0.560961113800308	0.214631512847022
0.0164322311309794	0.0791549868867447	-0.0754530588290174
0.0431342588160447	0.128304916491814	-0.159939661537369
0.0519158031941507	-0.000654865137900299	0.00885105467544151
0.0160475155922411	0.123420483232799	0.0981933725282853
0.815678777292587	0.0859350511747135	0.631673069351838
0.0145735396600983	0.79906242219733	-0.250601368024672
