7.72720740418253e-21	0.00930454188146891	0.003690558385986
0.00915100735632272	0.00309138465070279	-0.0141167088027092
0.13955227754145	0.000929564863529584	-0.016180311832588
0.032381889745076	0.278127538461734	0.192603520706212
0.0287504109969169	0.377261949511849	-0.229490262315161
0.695783874344134	0.0712960231538603	-0.517941084121016
0.00541807383731025	1.00142759336839	0.171989795175865
0.900000813300691	0.07825980320817	0.636053576714334
0.836842503711619	0.122978306069494	0.778440002945554
0.0419310272719696	0.985296798763239	-0.499962732480121
1.07607701413929	0.0135436225570619	-0.29611151088915
0.0174362033582862	1.13847675578748	0.339907080998207
0.77376248068531	0.225151497469574	-1.03064714025607
0.88139426838854	0.0660925771935317	0.571742136899721
0.212687827459195	0.719194675761651	0.936440986201899
0.877709530560599	0.117230400667762	-0.752097788767145
0.0488763162033868	0.998957162879394	-0.505369246208327
1.00244813750802	0.0316286196897086	0.388714537567691
0.0183172401693841	1.09050085736919	0.330453174703256
0.921121919982851	0.0460096775237897	-0.496094407470664
0.880471250626057	0.0590169012462641	-0.549293747845821
0.491982309768315	0.0615197533102638	0.392494431745211
0.317382126312042	-0.00281960157997904	-0.0374828582373768
0.0331294146323257	0.147553492283498	-0.150825568441615
0.0138670037309162	0.0370161611860437	0.0464756477692776
-1.91285675908127e-20	0.01274892942014	-0.00165699559419056
0.0102799399651766	0.00308041990114194	0.0113652780883562
0.0288600543590513	0.865419928180198	-0.372664396726959
0.669946062128084	0.0917841949585773	0.579242137678227
0.815615580920816	0.15664726890467	0.87240583052736
0.0150891689055235	0.995986018528516	-0.276414869461019
0.863018296422496	0.0937035236882902	-0.679453118665896
0.839187839436702	0.111057027519454	-0.744804986523565
0.00275544501390953	1.05670663640801	0.0699445591324872
0.815172057539775	0.124230571368295	-0.772128972420116
0.0127498422018237	0.0695923466041684	-0.064532546490737
-0.000943151578398967	0.0121599189701525	-0.0024855042806232
0.462096884860533	0.103590188150369	-0.497495041099862
0.712011199869366	0.06413815496532	0.498016147887313
0.0140363609746723	0.599740569702669	-0.202549474291049
0.526365641183482	0.0487823852975087	-0.357175604562421
0.792957783973126	0.116729075312196	0.733405922580479
0.711815052880045	0.0958600982052153	0.613029000760362
0.698969736432553	0.0780415350732844	-0.547801486340219
0.000277555800881775	0.988778110757954	0.0204249097043843
0.16429442927628	0.194322398616652	-0.391732042312305
0.0172750561260897	0.568852453113396	0.217168054952218
0.0162343900002452	0.0765777260309579	-0.0724494393188651
0.0433158365628555	0.127831162545975	-0.159151991039481
0.0486679580491933	0.000173128294483395	0.00833267786617706
0.0161280227766053	0.122973002267682	0.0974084306095146
0.835559820254754	0.086497492962295	0.643779985040617
0.0148757902729961	0.814768787503587	-0.256768382920801
