-4.99658011747057e-21	0.0125434929278676	0.00452478731518464
0.0116774953991743	0.00263107686891651	-0.0171842029008964
0.0838775267978014	3.70640806673958e-05	-0.0106591625608245
0.0177882514340109	0.156316386201387	0.104959609935932
0.0139777961598671	0.211897667094109	-0.11589211156283
0.342234894237494	0.0477775338661534	-0.277117042707043
0.0019842383791505	0.48137525838049	0.0626019842731814
0.417816181081381	0.0548857823079623	0.33323958307891
0.382715858902317	0.0852845958426445	0.400180205486181
0.0175959308435351	0.476682542454262	-0.206211238030752
0.504872073127066	0.0087560546641215	-0.149366431441288
0.00622944257229052	0.532367519946878	0.121279916547183
0.343669862344826	0.147924279236756	-0.502833259098901
0.41352024250054	0.0472667002243745	0.305339220846942
0.0819156731361467	0.399049555324489	0.394394846251763
0.41300888631403	0.0744763540433368	-0.378145022507494
0.0228501880075936	0.482125468016348	-0.217632329155776
0.470310424755711	0.022265000722526	0.212885030301392
0.00664904241322801	0.519345680838867	0.120058009781903
0.441076514288822	0.0321840849497486	-0.262462428804051
0.419354070602712	0.0403760730309128	-0.287269423597713
0.247685545646814	0.0422092045163839	0.218709095428734
0.176856690847819	-0.00224077168700636	-0.0190258289798138
0.0177852055985106	0.0900545358002069	-0.086267319120627
0.00775454809679804	0.0255731312438504	0.0319435928705658
-3.17409073073888e-22	0.0154576660039397	-0.00178553228102376
0.0133734089282242	0.00388116682480995	0.0145780310952849
0.0121832499103867	0.43155126513198	-0.15539282487569
0.322027986208717	0.0645307755833834	0.313596961690767
0.36896416488291	0.107698969049501	0.442026198128138
0.00695241961720054	0.487340557740242	-0.117436854956765
0.407238001118976	0.0620883304678195	-0.347968969901265
0.3890239855776	0.074057524394027	-0.37881760988558
0.000893738398374883	0.501647574803435	0.014879814514949
0.379110779138587	0.0824046587552406	-0.392738824787769
0.00791922809695659	0.0453201222424364	-0.0430231579581249
-0.00164675919274803	0.0157586161989808	-0.00242287446949895
0.232273213218107	0.0627366292046644	-0.259263361596767
0.349468133528642	0.0462751033622861	0.276285463267238
0.0074032955221567	0.312081344131244	-0.0983903895383075
0.270717795955837	0.0306393957749817	-0.193162570447257
0.370703535885345	0.0816498857011805	0.384290804343412
0.338406929501458	0.0680223897459613	0.330130470035116
0.348367393240006	0.0517681957457356	-0.293153786892742
-6.12205387815609e-05	0.474504883023745	0.00479166480372343
0.0870497034004368	0.113093550330249	-0.210507584236046
0.00799037993220824	0.294351893630642	0.0994127624131147
0.00899983646717392	0.047982412860023	-0.0445818978002795
0.0242252771551093	0.0759524585322163	-0.0917945061600239
0.0332751838265438	-0.00122167275227746	0.00641751609031106
0.0094573015521419	0.0735370283314112	0.0586001899252581
0.392130670065646	0.0612090739626845	0.340746968418126
0.0065635411016124	0.405450959859943	-0.109984310894812
