-9.13407511179763e-21	0.00703148127815076	0.00215689835850495
0.00757091266184494	0.00492815762084876	-0.0128164037868298
0.229592744884996	0.00279850876913439	-0.0180039960976998
0.062118499824344	0.529541451266767	0.38765005884382
0.0745224137182737	0.704665591337096	-0.526731258696548
1.98415276200685	0.100977198655452	-1.27384785474473
0.0251468285607411	2.95441429147474	0.982116774228282
2.97205483129095	0.0977002957708502	1.68179348206574
2.80843599034949	0.156891365177184	2.10402905026297
0.199205379896849	2.71439940054887	-2.29377662276775
3.45429966888565	0.017720196629045	-0.830958811460392
0.100562896883093	3.4298017084427	1.97296236097245
2.72940226297121	0.308451354054831	-2.99152496224549
2.76502278781246	0.0799724978876585	1.42580214692442
1.01727045226672	1.27343888755163	3.51208440291255
2.95687066309977	0.17024008784373	-2.18679131145487
0.189494986178123	2.84852171015659	-2.29224703950998
3.29025441297568	0.0404899149004157	0.9563548306699
0.0999714140571634	3.19612447996193	1.85764181692367
2.82974705939948	0.0746082971247284	-1.31747290186497
2.71700791500578	0.079754438601319	-1.43710146102191
1.1818740116519	0.0804381995190634	0.77321540225565
0.614660341151426	0.000540849433219685	-0.0850618423707901
0.0686367828983184	0.233547289409344	-0.277578638145817
0.0243321941834582	0.0531260627984461	0.0699411944730141
8.59491538049869e-21	0.0125966255187708	-0.00102473145683774
0.00823149378981384	0.00254083907514663	0.00922896080929878
0.12046553884369	2.24409926038673	-1.51105202686135
1.97999019257939	0.11586111937851	1.35373269108247
2.77302728400177	0.193724372228024	2.3967929869002
0.0537070711205109	2.90170998002669	-1.28454488568845
2.67232775935113	0.135533628137758	-1.82089838506512
2.76794553903018	0.152492575963399	-2.06221946607129
0.0122693948132245	3.38510060467061	0.576428768399667
2.70852176806642	0.169098211369998	-2.13672181478569
0.0196715902378496	0.10746174629173	-0.0966874422759975
0.000266536442007942	0.00968594854376045	-0.00282375265228834
1.13389373295946	0.156287481797416	-1.09146868114584
2.04859252978706	0.0867512440042292	1.19653108428977
0.0412268195588323	1.3613266792169	-0.620285331238111
1.22013307326615	0.0782952932488571	-0.765514962144194
2.52126971784995	0.148456113631718	1.91529700495457
2.12217521457884	0.12756647595419	1.44763588135348
2.01300381687432	0.118646453090392	-1.36561876603317
0.00166799068623298	3.00018717966937	0.212589820321652
0.349262345546598	0.336756926001629	-0.805465845142864
0.0497797173846401	1.30100243958979	0.617361070952521
0.0319560937966394	0.124761026473167	-0.127171757115064
0.077874597250003	0.209844806021047	-0.272019148143437
0.0719702459924378	0.00210319001119496	0.010260822728257
0.0286084821501123	0.201985187814249	0.162481516873423
2.63008014658353	0.107478587252769	1.63491738675207
0.0597604490945493	2.19814213292097	-1.05969802043072
