-8.93195907607464e-21	-0.00268208128032118	-0.0010559593688029
-0.00155781747849875	0.000830408027301962	0.00235393457277745
0.0816286150646965	0.000863040013199952	-0.0107923609652191
0.0209008491306332	0.168105914337975	0.113281757699608
0.0162250871966848	0.229706657434041	-0.123328516736882
0.379906053638984	0.0512186206751189	-0.304132553939889
0.00242474433939231	0.53434305875583	0.0728045711224262
0.465698372051313	0.058637062161976	0.364977555786632
0.427521546444277	0.0911096324747741	0.439819832104074
0.0201248209652378	0.528825860197135	-0.232560250659655
0.561543606011802	0.00955828783946035	-0.164386601027584
0.00740414767484421	0.592293003510638	0.13961024651912
0.384271093887	0.158940535883316	-0.556693246305641
0.460793164980203	0.0503231900038557	0.334309442695574
0.093655380663417	0.436843103629107	0.444331112599082
0.459270116291111	0.0804741348851569	-0.416081857459612
0.0259707336403854	0.53425918357818	-0.243776146449691
0.523245603141866	0.0239276002589702	0.231713230237989
0.00788216133698276	0.576341734107346	0.137858242091786
0.490480361983806	0.0342750140927425	-0.288453351938977
0.466357525022515	0.0433664935876944	-0.316118487127616
0.273162035500047	0.0449604143074194	0.237932071884067
0.19088638214266	0.000951000023106884	-0.0221009756585972
0.0211400745736827	0.0905666846191377	-0.0910313293235887
0.00826162729298015	0.0168948708067956	0.0204018542856526
-9.41937980138235e-21	-0.00199691202762308	0.00042377588197238
-0.00217909255331037	-0.000322022926235088	-0.0018764822755924
0.0137207841793527	0.477847555399171	-0.17486651573571
0.358502934948196	0.0688623767361214	0.343565356778634
0.412480523893118	0.114938632034472	0.486841327182646
0.00798380388915643	0.540666482689768	-0.132114048818041
0.452795370270885	0.0670720875615568	-0.383238602786462
0.433440583874299	0.0797461519606206	-0.417312682050735
0.00150907157621995	0.557065595091879	0.0191417589071865
0.422152186262925	0.0887257232433962	-0.432656416818724
0.0072033070256353	0.0372104638865167	-0.0315126133485122
0.000952016011878805	-0.0025457487698079	-1.60126130567155e-05
0.257845254302399	0.0679042541777504	-0.286190864655319
0.387947563788622	0.0487028742163292	0.301223337785356
0.00828464732269356	0.343056681801447	-0.109039709384424
0.298064891057357	0.0333400232164865	-0.210464142362884
0.41361408149245	0.0869808969119844	0.422393179592707
0.376811786105552	0.0722270195871388	0.362196996307888
0.385357231598798	0.0557490310291274	-0.321956237625763
0.000188977573023446	0.527180979985047	0.00647279788243854
0.0953631935526366	0.120298729458614	-0.228043035368518
0.00902717489089578	0.324456239652012	0.109281748929749
0.00921165358107106	0.0389827971856758	-0.0336660815890929
0.027027229172867	0.077186678037334	-0.0910103292443447
0.0215578909176485	0.0019441088429249	0.0038846619597087
0.0105601521145352	0.0730909321239472	0.0534264889947244
0.437179761376023	0.0651600714658596	0.373507509669671
0.00748353491291398	0.449311047256163	-0.123166897594964
