-3.11418554394188e-21	0.000979103305023036	8.2897403332037e-05
0.00171125158514695	0.00408660896443603	-0.00494664260336622
0.224041355152771	0.00305210383017099	-0.0179166943205403
0.0615121527388181	0.522553333263405	0.3825759931804
0.0736399320970125	0.697657231627522	-0.51886064710819
1.92366007263934	0.0998714743183472	-1.2379751227571
0.0219077671005004	2.84801743090575	0.907510085974473
2.84087237255911	0.0973969265490274	1.62323326249855
2.68255705090869	0.156564582945227	2.02754847267971
0.189816106381004	2.61799661602971	-2.16986990878208
3.30384556918705	0.0171879536012951	-0.795185890995749
0.0921683577802609	3.29568289866935	1.82628579963012
2.59727496926354	0.305430573019029	-2.864027284012
2.65238793152236	0.0798178005155107	1.38273854785496
0.951504492001994	1.26062205173262	3.34070789974755
2.81816195106897	0.167038129165477	-2.0900064870862
0.180591658195269	2.73988715696978	-2.16867463718037
3.14328496716766	0.039257368484601	0.930055597694021
0.0914730620170916	3.08246825089356	1.7260461455356
2.71859962946448	0.0734883964852306	-1.26843717365478
2.61140585503645	0.0788757169624366	-1.3856569210615
1.15958140412451	0.0801056128213687	0.764193650080964
0.606708602266272	0.00150167337179031	-0.0848124727147024
0.0680567803927981	0.229392950540086	-0.273428067976484
0.0236200768044318	0.0484177339897356	0.0639383770497563
-1.85209524326127e-20	0.00557144833484716	-0.00025567336469801
0.00133961351148099	0.000732864455536491	0.00202153749248377
0.115624838389671	2.18307581936805	-1.44751851995699
1.91476621455195	0.115626628009141	1.32239113421233
2.64689266530691	0.193183284448277	2.30678913225955
0.0510884785303447	2.7934489311358	-1.21802073783589
2.56594921239799	0.134127910878734	-1.75512649290199
2.64839379999862	0.150826557649522	-1.98089588817112
0.0109440020059559	3.24032896314319	0.517917740882629
2.59149642675125	0.167255572542453	-2.05287680138509
0.0189783695343848	0.10178636408601	-0.0903221923726074
0.00100779352212528	0.00193028800861315	-0.00191768562212916
1.11273606118916	0.154483609479089	-1.07163234508809
1.98400890849557	0.0863312050130454	1.166406610405
0.0400614160234099	1.33829149638909	-0.602977451323644
1.19969684918631	0.0773237890604838	-0.752396371200458
2.41874661587796	0.148112934978128	1.85286678871824
2.05183682162358	0.127011114634709	1.41044834143902
1.95055744015848	0.116768168173045	-1.32372264172926
0.00144601355463578	2.88427181422326	0.188067714453419
0.344326916765807	0.332722362860815	-0.794294003784995
0.0487175883669037	1.27884721983471	0.601722507973341
0.0313529418121293	0.11853699107851	-0.120140193380565
0.0773211504658724	0.206492680152664	-0.267147556043334
0.0654326085499756	0.00321519959785906	0.00932886631320039
0.0281480600256926	0.197837105032179	0.156474187138706
2.5242264756133	0.107386363708208	1.5835890771236
0.0574607589556238	2.13365432207891	-1.01514691337852
