6.00242139169111e-22	0.00572468231469219	0.00245000074826549
0.00628724568552809	0.00336982499401813	-0.0104797407373748
0.181598525593514	0.00183433553332078	-0.017142641331966
0.0443148326314419	0.39509535116375	0.275546888185096
0.047343358733353	0.531210896144535	-0.358647133177401
1.15540309686591	0.0880816426657676	-0.801190957920021
0.00814673872373178	1.67933274747564	0.394718800307181
1.57424909988684	0.0908021441086415	0.996287204421561
1.47846677131075	0.141317812163087	1.24407000564793
0.087659023566108	1.62383412520746	-0.990830907565297
1.85560000673557	0.0184548924675018	-0.479161118828451
0.0405962046141176	1.93280146798213	0.765618837712432
1.38966908930484	0.275228907865129	-1.70091521186059
1.51512243894545	0.0780457457030975	0.881599813210829
0.436048246856669	1.0025507561266	1.75297872259081
1.52953389522683	0.145874133115517	-1.23185090279842
0.0868280513971212	1.66458864025504	-0.98623945560031
1.74180249833484	0.0349209176293446	0.586189207965957
0.0405525099352893	1.83146308777265	0.733570756448254
1.55679597960294	0.0646784257003536	-0.783852509885106
1.49719790348554	0.0717550547268991	-0.863188123912121
0.775236716757375	0.0720523660985012	0.559089068308441
0.45175476904424	-0.002627259687558	-0.0577624239970264
0.0482282542791065	0.188096573483982	-0.206175423567071
0.018828478709707	0.044371466068992	0.0568803499615007
6.55103560752849e-22	0.00958547548435757	-0.0012474324027744
0.00679711741608185	0.00217586242485987	0.00774245929726233
0.0569498936043158	1.39846557032941	-0.714659636888723
1.13573789201735	0.106027699701147	0.875774035909798
1.44991911654252	0.182396518783095	1.39867826018974
0.0265405633897865	1.65710234941592	-0.556173441407881
1.47173712007462	0.117518783518947	-1.08484536906743
1.4641602598201	0.138584937212273	-1.20085590508802
0.00771742833528136	1.81534639992461	0.197898816933747
1.42311691207352	0.154544964892441	-1.24587410983726
0.0162869845483943	0.0861049448836993	-0.079447701138827
-0.000218350482053472	0.00810512240929248	-0.00218397841089166
0.730977006790334	0.132552188774709	-0.748137504193287
1.18753693983485	0.076434549780445	0.760513576386721
0.0212703415345751	0.917740946847994	-0.344813546679183
0.811587688173863	0.0631928266516354	-0.527835791823739
1.36601295372364	0.13619535735166	1.16340963537654
1.21008449631586	0.116675005963105	0.930774092260487
1.16466141504988	0.0957367061474248	-0.857804297414561
0.00104710842466831	1.67213223896677	0.0650380867242222
0.246542278385297	0.26705768628767	-0.579729136875864
0.0301300875327731	0.873307576836593	0.375701264084842
0.0233060470980609	0.0994134620450349	-0.0972549649901102
0.0593428069390704	0.165521184640784	-0.21242643526162
0.0591738769081088	0.00139757578789989	0.00949201014957499
0.0211817962421969	0.160548909793493	0.126874413829526
1.43704531653642	0.102622312330671	1.00264365886044
0.027805332963763	1.33252276218639	-0.497823197478668
