-2.63501273095174e-21	-0.0115712892255323	-0.00440895532511548
-0.0115200371869788	-0.00140448204370988	0.0161114630332625
0.0205281524308756	0.00142360192265373	-0.00316376552995322
0.0100612408127226	0.0637481624468959	0.039747068598209
0.00785568445077531	0.0930892734463353	-0.0405338137982703
0.144317606424814	0.0243118802452155	-0.123141736421487
0.000620914015611313	0.204598843055116	0.0204847633740106
0.173808453442554	0.0299629348510062	0.151795858622255
0.157783434933318	0.0449995995849331	0.177755257290523
0.00643245482283949	0.202935734375626	-0.0783134226224903
0.210532388206892	0.0044856691864977	-0.0671917012175282
0.0021122232643589	0.220054803348789	0.0432788906288999
0.136813242543237	0.0764473389061614	-0.21424275094134
0.171951598146753	0.0265716798171457	0.140657601634341
0.0293580857038878	0.183754442511327	0.151288170223084
0.175206452292822	0.0381374028056418	-0.167126287825637
0.00992724348036894	0.205732742576642	-0.0889650240075767
0.197527392516473	0.0126398328901254	0.101346594438661
0.00228458476175173	0.217785930275768	0.0436631611135567
0.185364674245823	0.0179955339391749	-0.119871812741991
0.175605463473984	0.0222240711326448	-0.129747883953218
0.104763875293629	0.021638855573278	0.0966490970101988
0.0716747559300325	0.00468252453349846	-0.0118197754650388
0.0101306414859295	0.0310517453116819	-0.0336747437305677
0.00303785222183597	-0.0022818465564816	-0.002477140612416
-9.57225601503705e-21	-0.0134668282885821	0.00138218505138144
-0.0140747376861341	-0.00379096591663688	-0.0148710494072612
0.00477746955352432	0.186448697297888	-0.0584541097047031
0.135352627622087	0.0344971706141156	0.139734098024039
0.15044945928443	0.0565008996312379	0.193288796669179
0.0025094976912254	0.208309282143953	-0.0448785792202604
0.171183362002393	0.031998873907914	-0.154157435091767
0.161587720558939	0.039580191609724	-0.169302805620453
-5.90050211200976e-05	0.213104272997369	0.00029237992581339
0.158763363785188	0.0433462336645902	-0.174585992591603
0.00226598127050029	0.00551784204267206	-0.00127267658400102
0.00205811485921388	-0.0159535574696774	0.000449864100845989
0.105266628222715	0.0297485191983802	-0.115210452527738
0.145975391778697	0.0266999692723965	0.128623779008431
0.003444238075988	0.134275626070927	-0.0381539087286961
0.115416275952133	0.0170127561722423	-0.0837238511747115
0.153403068647925	0.0437337757501928	0.171821163798745
0.141912461546712	0.0364795650399139	0.148446305034321
0.149294859975062	0.0269496323518644	-0.132072804024016
-0.000253033476502332	0.201058191076447	-0.00124730916712759
0.0363915126424125	0.0465944502113923	-0.0838647057308438
0.0036100365651598	0.131611402946093	0.0320244551854319
0.0031025886651868	0.00619282476947794	-0.00140276235980446
0.0123057835549799	0.0274193248704299	-0.0274660187705142
-0.00287788836231243	0.00277401123963075	-0.000259478341255081
0.00382931382852043	0.0211450327753682	0.00697969213791027
0.162329490068456	0.0332688984205882	0.154090045627409
0.00268261931920559	0.174240335805485	-0.0414411842755451
