-2.22870404154847e-21	-0.00472481251214006	-0.00246595178296476
-0.00479161072697789	0.000136530659032934	0.00690624519259243
0.0290368922166558	0.0010904639466875	-0.00293750840291373
0.010872655532513	0.0686485693755706	0.0440042204386742
0.00851285580990372	0.0986999626356486	-0.0441663908068254
0.153785240616962	0.0256978117379001	-0.13131735802347
0.000768955506427506	0.222246005423696	0.0234626331775569
0.189709930911504	0.0315371640326587	0.164320588699264
0.172887210617024	0.0478075446470432	0.193894317535228
0.00659145812550365	0.222612724894561	-0.0845910073350688
0.231341354036929	0.00502472029409533	-0.0757025085535489
0.0025255271418402	0.24417077908351	0.0502180508075259
0.151663528857713	0.0839828725977908	-0.237397291357834
0.187226058999496	0.0279164413288179	0.150754978776035
0.0340970765688677	0.197295972528928	0.167739320813155
0.189210269442404	0.0433489882702299	-0.183312768928673
0.0106765366374257	0.225408982114767	-0.09342161876514
0.215457299178077	0.0134071526268624	0.108019978879592
0.00274990403451158	0.239814299487183	0.0504082891959802
0.200673158007742	0.0199093777421266	-0.131042111544526
0.189715368319881	0.0241402243685583	-0.140960756736275
0.110915822596308	0.0224706172572896	0.101368736003944
0.0775616658053778	0.00446005694497432	-0.0117179709054033
0.0107743758224742	0.0357501398402422	-0.0376240516554878
0.00398388049371758	0.00395582646873578	0.0043613256406534
4.42619950559706e-22	-0.00547851763864145	0.00101532666830105
-0.00607297093100846	-0.00156402856205174	-0.00630176051549673
0.00504465576571067	0.200577656348723	-0.0613997547012326
0.145317132133571	0.0359220194745067	0.147892281179752
0.166078728359428	0.0604934161041203	0.211634407818443
0.00244130342709045	0.226454146354497	-0.0470178484742282
0.186088340478925	0.0349695199016604	-0.168502718109873
0.175818806758964	0.0427085574366263	-0.185005780737145
3.99158937544203e-05	0.231825248310265	0.00339305248350334
0.172153946241277	0.0469066853087214	-0.190129159214233
0.00323042779741516	0.0130846383445976	-0.00851932460019539
0.00151701051480137	-0.00676179437950894	-0.000446610798624483
0.111461783365352	0.0309613902522604	-0.12107996049627
0.156065063468057	0.0284288865720545	0.13700116881198
0.00369696130023923	0.141012913502877	-0.0391026527331963
0.121767069082187	0.0178914904415804	-0.0878889188868157
0.16706778585771	0.046007559076686	0.185081886236763
0.153528254110257	0.0377444478846663	0.156533969832776
0.159915454617597	0.0285492857396068	-0.141110613952016
-0.000354240852700331	0.217730307473516	-0.000206754626300145
0.0386685889424547	0.050066702892437	-0.089521457282716
0.00400998689130836	0.139096689059093	0.0341624037861772
0.00426055602946567	0.0133374396197707	-0.00907692278843304
0.012982469263086	0.0315123643040505	-0.0321759090963132
0.00491031087482102	0.00208002798334086	0.000717720700520352
0.005118010620397	0.0276158974882756	0.0151643929083102
0.176249254794746	0.034848058829399	0.165549578461479
0.00274617657743979	0.186226092449907	-0.0432102602133057
