4.0034116515121e-21	-0.0116713615189769	-0.00378881956113357
-0.011180353895685	0.000385475283831709	0.0131633266057358
0.13840926511014	0.00282463694672256	-0.0136938158183456
0.039623355214417	0.329850204709841	0.227598507799722
0.0421530455628334	0.455365770032921	-0.291888114497545
0.973524570298304	0.0809220187816959	-0.691207291570527
0.00445652752451814	1.43481514642368	0.301852068604997
1.32835036071987	0.0870991927195317	0.868596028347609
1.24493638949853	0.135306014483765	1.08317603670258
0.0712034105595457	1.39982287331764	-0.796766014574763
1.57436057554009	0.0174447751871959	-0.416231771541782
0.0317412422648223	1.65106275009287	0.599172543886088
1.16453771665002	0.262400092506412	-1.46535073028889
1.28161728821483	0.0746487266743884	0.769616739432176
0.351586581634996	0.912638988011684	1.45220766230677
1.28813907893292	0.138772355877971	-1.06354569677947
0.0710826953143319	1.43203199441184	-0.793041725507111
1.47149272729892	0.0335853212873919	0.515648394049192
0.0316089755935089	1.5713231262056	0.576323861280421
1.31902680335494	0.0621574643822906	-0.680628443764385
1.26750307132031	0.0682324597067731	-0.748975577454042
0.654351648976074	0.0661639347715006	0.483253852616428
0.376979802351215	0.00428907682043701	-0.0529136691620933
0.042547745110222	0.152976448353724	-0.173137317543589
0.0142898864271505	0.0238698309316573	0.0314093882715797
7.0636879218831e-21	-0.0111031348589387	0.000850314362442871
-0.0132637460391471	-0.00324470639285892	-0.0134881124381247
0.0471034149406467	1.20292604871861	-0.578559521934547
0.955212282260449	0.0992853020105791	0.756296259533252
1.22016812179297	0.174795907128296	1.2149886011943
0.0214118474123388	1.41453739689209	-0.450074699028366
1.25016980666852	0.110551825798445	-0.943361400446022
1.23471661882873	0.131189936380737	-1.04002145907948
0.0060622394743534	1.53806600057955	0.149335152080769
1.19889821508525	0.146235328730869	-1.07850634935659
0.0121014291113163	0.057782911446459	-0.0486339042608384
0.00197319648552918	-0.0149113305435823	0.000377918392559326
0.625998922351823	0.117281071136893	-0.640253771339345
1.0006512304795	0.0729130778246785	0.664456433298575
0.0177284094870664	0.778214372569261	-0.28161406835649
0.687962864426448	0.0575202602499515	-0.449165522786246
1.15204940200208	0.129457350517794	1.01314250833244
1.02247600295217	0.109460124166519	0.802565283862459
0.98656977086495	0.0868392710327246	-0.739603943462026
0.000480670300402512	1.4195869381855	0.0508634155764347
0.204022130446554	0.228287445208335	-0.484874030248351
0.0248302075907359	0.750995348550917	0.29479274037935
0.0183355401698765	0.0671219930070505	-0.0616178173251857
0.051850195600714	0.136497245394258	-0.168206927550518
0.0310715794864721	0.00422725512538517	0.00547679224068512
0.0177767589228468	0.12660223605818	0.0880441127736885
1.21351417597661	0.0978653510310317	0.873615911959476
0.0227160854298785	1.13369556262663	-0.401791536506151
