5.05875407217529e-21	-0.00414125620457461	-0.00144520552299149
-0.00303169880255471	0.000773440758172047	0.0040470244863594
0.0959717517234653	0.00133778749890218	-0.0114485330794794
0.0246738843907852	0.206640186915829	0.138341617402897
0.0222299183214259	0.288899513813834	-0.166092756938498
0.510782062028459	0.0625265357776296	-0.40009025547657
0.00404157982414838	0.733879632591138	0.119420158178247
0.651818691639227	0.0683983203874867	0.483173145117268
0.603204224095899	0.107899143764638	0.590593560410884
0.0286001669850414	0.730830029788872	-0.338799255403703
0.784578457672751	0.0117419498799597	-0.224864493468526
0.0117725173718688	0.830503648510133	0.223359409094683
0.549351711436738	0.194652451502165	-0.768607024023609
0.641343983499623	0.0575780695188975	0.435363075784791
0.144290016644716	0.563562871107703	0.651973293901895
0.633579859496424	0.10081559080609	-0.567552182507112
0.0337131147641336	0.73807777420257	-0.3401258892593
0.728074231303842	0.0272679132840038	0.29717910748201
0.0124802470985748	0.800397851066122	0.217910418858448
0.674816340430324	0.0404722375695418	-0.382024085265231
0.642037661196752	0.052159727739124	-0.421422074242324
0.365612823144773	0.0514503970751088	0.30023886563918
0.234391258741898	0.00112042352259497	-0.0311283839060287
0.0247399772093042	0.104238854620552	-0.106223504208882
0.00972746188639447	0.0191324165316137	0.02358019110865
-1.7951312034959e-20	-0.00343917456956575	0.000443171612642269
-0.00393412903108104	-0.000775354610626867	-0.003699228714362
0.0193494406261047	0.648546097395358	-0.253144285343424
0.491830530058263	0.0788324286181616	0.442416080650626
0.58618885745705	0.136674463772208	0.658428357353575
0.0107300954905131	0.738009241453929	-0.18834386307709
0.625621999564485	0.0826252382581398	-0.518145897577141
0.604966672076518	0.0971904385200144	-0.564464510529368
0.0023377346116564	0.769642894370877	0.0481786740156584
0.585902903717346	0.10891918198041	-0.585274862946471
0.00844458743900302	0.0413826718776239	-0.0355268318539573
0.0011366464675827	-0.00453746684777863	-5.16193007750834e-07
0.344012964458864	0.0852360226944023	-0.37882194970153
0.52558878137572	0.0559745277682838	0.385779960656081
0.0100718255188595	0.443278728409673	-0.141032521015974
0.39108638678414	0.0394312961321541	-0.267627739322286
0.575839500187508	0.102169467256453	0.559617813208771
0.521485695980936	0.0831643252176568	0.471073668772885
0.517102334482613	0.0682077458000466	-0.42431264282613
0.00046537826262523	0.724035980702313	0.0200972849227881
0.119835649936589	0.150108244736177	-0.289290455672985
0.0125912992147822	0.428476077054421	0.15424035431218
0.0114523562045378	0.0467368272910844	-0.0415557983660967
0.0333469342236388	0.0917896294106333	-0.111270123450432
0.0246420850646089	0.00235244993721047	0.00440149321261686
0.0116551916014655	0.0872108171175101	0.0619620055376195
0.60801932426755	0.0756601175507421	0.490990395568435
0.0100808647352944	0.607326628346661	-0.173453505722297
