1.52587870636574e-20	0.00581440423768156	0.001441788929641
0.00638309171512556	0.00495432220067638	-0.0111151572906468
0.224730701025592	0.00280298830416395	-0.0167959515499835
0.0621472663687973	0.519477089183752	0.382083323599405
0.0744952380853859	0.694427654180239	-0.516568644442438
1.93344467906918	0.0986028542362504	-1.24239620499135
0.0227852372957971	2.88130527126842	0.928667772868607
2.88536592272846	0.0975967490814072	1.6428393006563
2.72526305182239	0.1566588159179	2.05363416291591
0.192218525371548	2.65239965320392	-2.20979306428682
3.35596069876852	0.0174387117405304	-0.808444912530032
0.0949152072446262	3.3461659114126	1.87734973654426
2.64611272725719	0.306219754322293	-2.91012791280435
2.6865650454459	0.0793926923602273	1.39409749014322
0.97880080502617	1.26350864693116	3.40554513052301
2.86886456293351	0.169251208640143	-2.12846574199452
0.182919686169624	2.78258317114722	-2.2078741207451
3.19503381589615	0.0404667286581632	0.937652486407271
0.0942645741758831	3.1237576172424	1.77112734000699
2.75086084711407	0.074331705477975	-1.28341858652594
2.64095648659577	0.0793027858532008	-1.4008215256449
1.15649102950329	0.0793712924409708	0.760539708413774
0.604112109371412	0.00246274600908483	-0.0844558940819828
0.0684226615119517	0.229046389311174	-0.274831050609606
0.0239967365562257	0.0513702949697156	0.0674429904957041
5.39292909005776e-21	0.0112337125112849	-0.000664222744207764
0.00678347871581675	0.00219186570589579	0.00776389003433265
0.117042904602626	2.19484736962617	-1.46456738380209
1.926922196039	0.114412061320753	1.32444562050408
2.69061343416658	0.193207018093662	2.33808711848074
0.0516065813278801	2.82563248867613	-1.23890707066111
2.59974275188374	0.134006759681518	-1.77644551790476
2.68841896588171	0.150948354836938	-2.00877119442996
0.0112822939681948	3.29086018541002	0.542125980137801
2.63130759581437	0.167306734979971	-2.08118155574535
0.0193031900180307	0.10485887725318	-0.0933743318611454
0.000615686471363261	0.00807310143542591	-0.00271879353633022
1.11428867739287	0.152756442854635	-1.06889903078861
1.99470237172452	0.0858229063154464	1.17025251929503
0.0404479983074021	1.33297435933346	-0.60915334931876
1.19641751825926	0.0766620755851727	-0.74795492061782
2.44882000502306	0.14743080328291	1.86968353413699
2.06726889750319	0.126704892340241	1.41348998552543
1.96143922956596	0.11539242747719	-1.33094332978348
0.00133558954935055	2.91773180092543	0.196009685417087
0.342436404015753	0.330568838771534	-0.791040505315108
0.0489248266814919	1.27957356234615	0.592899338987556
0.0316895261833975	0.121460723004214	-0.123507797282064
0.0772888878021822	0.206625942728551	-0.265937614550994
0.0693841672079335	0.00254215066713006	0.00973060124350796
0.0286456927515319	0.198212210877785	0.15771837563955
2.55459712001463	0.106885854916892	1.59674349206107
0.0579715882822258	2.14479812075073	-1.02430856319602
