-7.006030693632e-21	-0.0141576365201445	-0.00454607921455835
-0.0136424541566409	-0.000229861393796488	0.0163872357990964
0.126547775793374	0.00282449654208111	-0.0114468495718372
0.0381999819484645	0.307428172399181	0.212293909516951
0.0386587170920795	0.424860055276426	-0.261285632634469
0.857021137889993	0.0751549269930073	-0.615315321826655
0.0070374094276043	1.25358618724995	0.236247945808421
1.14363055945375	0.0837946722252436	0.776420354779128
1.06899461610488	0.131362180924901	0.952979538950439
0.0547333821359379	1.22733917424719	-0.669416629089871
1.36155307800694	0.0148017143995774	-0.366864039254716
0.0241623851230343	1.43565266559287	0.479372789283672
0.997564578978365	0.246633855009897	-1.28107017429749
1.11165020676537	0.070369636941884	0.690573044193539
0.28765820966378	0.841559738790452	1.2284012847019
1.1153283843367	0.129093992268451	-0.929166675623134
0.0626183104958005	1.24716189935166	-0.676751143611689
1.27041699006569	0.0340774812267814	0.470194944185923
0.0251811942365155	1.36876668850396	0.463887240340704
1.15279527511894	0.0506284860883097	-0.601369872217499
1.10333745128247	0.064224679210665	-0.665455964829479
0.589105907521562	0.0625209304781808	0.443146017892911
0.351482133985182	0.00619761257206752	-0.0497280346098927
0.0412279144286043	0.143811155956166	-0.166317300405717
0.0132740508156373	0.0198455546175118	0.0267245441307973
2.50188841265014e-21	-0.0140689585156357	0.000986632911127204
-0.0159482888225338	-0.00400781463946045	-0.0163894764908569
0.038166167439965	1.06692677491034	-0.492991249449953
0.837895770457814	0.0952014001753854	0.680458244654432
1.04554007519441	0.168173381043066	1.07150490322166
0.0185491111289672	1.23775457933091	-0.365721027574086
1.089846854171	0.100031698626798	-0.828730002025747
1.0677862403606	0.120630852171656	-0.915639285457228
0.00231239335078227	1.33512078831264	0.102593697625083
1.03849978289795	0.134265087342512	-0.947361062502037
0.011262616329561	0.0521314562212241	-0.0426649760353042
0.0021408169742818	-0.0180842134818035	0.000891292959168583
0.568072086648529	0.109893713045687	-0.584015031948731
0.876907491328375	0.0697242249163219	0.594761284121606
0.0172727765683033	0.704597264053945	-0.248319253587001
0.622415012265573	0.0546857751500235	-0.409408520624308
1.00062947332952	0.124297093657264	0.887067097251395
0.897260245007819	0.100034779362577	0.726095996497883
0.864204537743423	0.0837063949768576	-0.657073594077048
-3.98381576065015e-05	1.23774250847248	0.0268595774572641
0.189582198587484	0.212215443559347	-0.449609209134099
0.0223559237422631	0.683161555809036	0.253333687399353
0.0172112923056383	0.0606216599877853	-0.0542214132273347
0.049334611491327	0.128884756370296	-0.155974015715584
0.0254637951927803	0.00452658648895299	0.00489633892570842
0.0169272232212273	0.116763985792089	0.0780553198320204
1.05197342322403	0.0917900057417079	0.776279911166488
0.0194992071376146	1.00301766967148	-0.336621416199714
