7.75199085397093e-21	0.0179732749496247	0.00610663038690433
0.0129371732715634	0.00296541552332926	-0.021891940110956
0.0274231393301413	0.00191511225741558	-0.00488638544325826
0.000510032533830665	0.0338308774125371	0.0223429128245661
0.000368894863756213	0.0457938204311645	-0.0305398532427066
0.0451642221412607	0.00985581514149038	-0.040375417653697
0.000312911659837222	0.0546177291248023	0.00871179622834367
0.0454254477213868	0.0106853446764873	0.0398298033233416
0.0402999768588218	0.0158478921132322	0.0467161574053968
0.00274117853021735	0.0525207600320476	-0.021020208832399
0.0546407561966058	0.00175023829527791	-0.0155240324793633
0.00074064705440133	0.0564446767253416	0.00896772633443355
0.0339837543779912	0.0220802858627193	-0.0551218904959644
0.0468816849888345	0.00877397020008554	0.038722178736736
0.00745905226295373	0.04932375877394	0.0371274760384185
0.0449970759081492	0.0110918087595639	-0.0441237591314457
0.00271344056559579	0.0534152780673561	-0.020981410541454
0.0515871026959423	0.00432291272183275	0.026197317930442
0.000778703933475788	0.0558345234710162	0.00863512829150721
0.050760057849643	0.00458485380784189	-0.0319192427084512
0.0485912933175865	0.00661340976333559	-0.0359441992652124
0.0391959933568313	0.00859141969644421	0.0374464963975467
0.0369413477495456	-0.00662060339454048	-0.000373567858448468
0.00136032765637603	0.0342680240563236	-0.0236149108375406
0.00155381117868797	0.0169611205957977	0.0220223649868981
-1.51043492327876e-20	0.0208287861910964	-0.00224505692559376
0.015499602370588	0.00427975917396357	0.0165445337306187
0.0013842451285522	0.0558959027002038	-0.0193169080226067
0.0403861249086985	0.0130459932218091	0.0464433199772098
0.0373005772207311	0.0185889592770902	0.0513203843544078
0.00168630320157851	0.0559138161362962	-0.0140156891433804
0.0439288260348768	0.0117672580566906	-0.0432427413477671
0.0418665515392094	0.012862630631586	-0.0439194183468956
0.000939327447415096	0.0553562833823683	0.00169119762636017
0.0401716122713175	0.0144196435178407	-0.0471159743646898
0.00381855464783939	0.0242771884299329	-0.0246460620989347
-0.00288723688832945	0.0188378455663265	-0.00433680297715827
0.0313593150062446	0.0152620437435064	-0.0467519765762433
0.0461648267255869	0.00675185744485441	0.0381525031024712
0.00117016097720363	0.0531495027963606	-0.019656736228671
0.0431525842408905	0.00436566954147556	-0.0341975450496173
0.0407331859246187	0.0151617498800224	0.0484389016674149
0.0403223514494914	0.0147582602192643	0.0497178142442899
0.0432679329951681	0.0104829721111375	-0.042915834163292
0.000847016866278132	0.0551042470103334	0.00179824345383101
0.017832613631191	0.0294125922878755	-0.0501533222383648
0.000246289098556389	0.0442960105329507	0.0205520068567739
0.00421018020512024	0.024014881174608	-0.0254930043382284
0.00544335228354639	0.0261672047510444	-0.0351612781160099
0.022360795622137	-0.00324403718031931	0.00466722169748901
0.00219343837942371	0.0229722230907194	0.0206980361662412
0.0450037226566818	0.0120062080918601	0.0435166335342559
0.000660381186995421	0.0539490437352069	-0.0140482385672073
