-1.73985089550931e-21	0.0181279914801203	0.00639921879935427
0.0152308448683801	0.00355003513226825	-0.0236275761850384
0.0810648135235281	0.00139629283469289	-0.011040793124121
0.0141385782453815	0.138170663052031	0.091692768765388
0.0100963070416479	0.187146820144299	-0.103796111410643
0.270283175305868	0.0422768119735637	-0.225304390390037
0.0019666559145154	0.372908975083258	0.0506734052046557
0.32171139406681	0.0473314445848724	0.261508908576391
0.293369028551854	0.0732736397693663	0.313376650254728
0.0138060825923168	0.369413027927785	-0.153410935135175
0.388677708887051	0.0076427047470191	-0.116322092459104
0.00475135477672211	0.409054173044503	0.0878314297259958
0.26001173038936	0.123732762324659	-0.390608008566119
0.320362479668231	0.0405860933404205	0.241554449026268
0.0618039331255763	0.316860057292957	0.295956809306348
0.317414159386935	0.0634890466038081	-0.297160441194933
0.017858429611912	0.373966740882571	-0.160094641325646
0.362878627673049	0.0192013747149989	0.167194761061302
0.00510572429531309	0.400104172725095	0.0867424792120266
0.342297592846539	0.0269789092750062	-0.208831460234499
0.32513077329029	0.0345335393856106	-0.228862460047072
0.204883898960478	0.0366743399596307	0.183349284902925
0.155058535227413	-0.00529055413670692	-0.0151104375319169
0.0142625367957476	0.0887100492483966	-0.0780786831946738
0.00754287614633904	0.0293035077325448	0.036693151309252
1.08298054673175e-20	0.0219415304675715	-0.00247246815667974
0.0175150431990156	0.00500465720544186	0.0189653009372676
0.00904817162235934	0.342678729246287	-0.118798160240241
0.25340508853666	0.0556644310188901	0.254468605746107
0.281114679088144	0.0918016557054003	0.345888859046638
0.00599429806567566	0.379802619440109	-0.0892993436292431
0.312317863022336	0.0549223065292858	-0.276319834588538
0.297870088431482	0.0638822144844741	-0.298201139364808
0.00183979038324242	0.387198681428155	0.013067587089862
0.289649645276873	0.0712775392579265	-0.309944645524629
0.0085645500908578	0.0480536281847437	-0.0466526338698341
-0.00254101092635094	0.0209774730803626	-0.00421052221974067
0.186418610827261	0.0569828324735233	-0.219206891749742
0.276771292200449	0.0380860367490549	0.220630920470161
0.00570074282013608	0.259475555790199	-0.0810048493430609
0.22334960387887	0.0258613777069563	-0.163020149653078
0.285853702123588	0.0703832020563911	0.304607700838671
0.264974718742247	0.0596417362665646	0.268891205212651
0.272409103923368	0.0458395753920532	-0.237933694021031
0.000505207783305648	0.368875846553664	0.00590263962527434
0.0759755357527036	0.102906365770696	-0.186898007361988
0.00628148433347827	0.241333966101208	0.0868601179279987
0.00934617406962407	0.0514791397234505	-0.0484051638212491
0.0224143788493114	0.0739397692251955	-0.0921410065934028
0.0383164501286813	-0.00234268438480478	0.00707237588220626
0.00883615625290698	0.0705121682727417	0.0570672838373196
0.304065117074916	0.0529583842559835	0.270137584869643
0.0049406764529977	0.322345713423066	-0.0842084532129201
