-1.7097126066203e-20	0.00270132066929587	0.000838013456615311
0.00356403738445183	0.00157921567764654	-0.00473914374895005
0.0838950028101483	0.000403799500820232	-0.0106501527777429
0.0204417783514174	0.166770261123024	0.11287894105294
0.015957876728706	0.226685136086968	-0.122104988935278
0.368218740659613	0.049559201700858	-0.294548205349302
0.00203469783556014	0.514233896667665	0.06631802506858
0.446566235184594	0.0572139182210719	0.353672411963711
0.409178668640223	0.0886682569748803	0.424259561679566
0.019245634518293	0.506958105456798	-0.223340300102032
0.537792490198177	0.00899010545180749	-0.156902103594898
0.00667058283306045	0.564983029542727	0.129613565134088
0.366625795239755	0.15337066602387	-0.531790523641878
0.442046352999227	0.0495052449909154	0.324970049080791
0.0873249405194319	0.424625453668606	0.422496631198435
0.443038483637846	0.0766573656351247	-0.399015339488226
0.0254213688216111	0.512209402024851	-0.238097710505591
0.502171975955807	0.0233819786533802	0.226771491687757
0.00709011023143108	0.552452476052173	0.128625065305372
0.472070142195118	0.0332625002533687	-0.27781006058283
0.449069835461496	0.0419250960943522	-0.304482589772749
0.266764159392557	0.044420129441966	0.233622109825195
0.189432175797817	0.000250903395334773	-0.0212402381980389
0.0206966484165661	0.0915381018874104	-0.0915096240207056
0.00833979235736628	0.0202431530939125	0.0246045965233689
2.05656940984419e-20	0.00420272150791323	-0.000242197684772959
0.00378041731272546	0.00130390003893151	0.00445386797590837
0.0133421820780302	0.461995835212029	-0.169060372163923
0.346477599983324	0.0677312080241337	0.33449858537239
0.394004124977016	0.1119407551289	0.468387605909639
0.0075819580745392	0.520268887793417	-0.127902350239029
0.43593254876242	0.0641107675144763	-0.36778708308525
0.41652225649841	0.0768446092895036	-0.401283415542215
0.00101965565901766	0.535695838512455	0.0132764891800822
0.406631192353774	0.085371685665117	-0.416096345179951
0.0074725109669994	0.0405752895425249	-0.0356872102246062
0.000174415833935796	0.00436791400789592	-0.000672386091841168
0.251367694485216	0.0660653315630577	-0.27829066119833
0.375058317936135	0.0481474178820293	0.293722020247587
0.00820613888994469	0.335665032633312	-0.107380681623639
0.291705179140558	0.0325799569141593	-0.205956293225164
0.39706397860715	0.0851157028962133	0.40863630799323
0.363593194154693	0.0711823757908567	0.352370723401153
0.373574125530908	0.0537576938289617	-0.311194418604189
-9.44624624054085e-06	0.507357111973026	0.00357721484600853
0.0941279899728727	0.119214822616914	-0.225317237788226
0.00888285725929157	0.316804104567378	0.106730112297179
0.00928373899383821	0.0425429557495645	-0.0377865923260675
0.0265207833133291	0.0776684595054182	-0.0919538339833818
0.0259773082557152	0.000968802980890444	0.00465177315809355
0.0105439911953305	0.0744636386897995	0.0564487320746343
0.419625707367138	0.0638685472711767	0.362227524778396
0.00724620035119647	0.434965752677267	-0.119627971567175
