-8.46151907715646e-21	-0.0093495102264488	-0.00316080140431115
-0.00882917056395248	0.000949143371643682	0.0101205314742003
0.143984536293232	0.00270312129572841	-0.0141008779771599
0.0402264932527347	0.337083581111885	0.233084772362072
0.0430242136661566	0.46424494442206	-0.300184394109516
0.99436834610693	0.0817502021785286	-0.703497504866572
0.00483386699017398	1.46322585328551	0.311518038578398
1.3566203844625	0.0876746872003779	0.883450677381974
1.27157328288462	0.136291544439803	1.10209291291745
0.073280013888131	1.42546206023168	-0.819589862638334
1.60677250520364	0.0174871161643091	-0.422674141495429
0.0325318571290274	1.68403644359026	0.615408967607253
1.19070394350008	0.263705804366958	-1.49199878935558
1.30843776822658	0.0751301440156994	0.782618470147962
0.361080195531966	0.924114852425643	1.4870832864623
1.31624109855989	0.139539584261963	-1.08309183679964
0.0728675771433809	1.45901806782865	-0.814937850302807
1.50251143737623	0.0337582598512849	0.523897510195311
0.0324101723393363	1.60201039222878	0.591777742986705
1.34640443466121	0.0623652830429326	-0.692162149146524
1.29377823853271	0.0686004803396815	-0.761772892488023
0.668590365605121	0.0668761299980737	0.492018019038349
0.385425938990189	0.00363955923886081	-0.0535294994885384
0.0431996453104571	0.156856889937464	-0.176475035623408
0.0149569129093919	0.0265325584924177	0.0344658509696547
-1.46383259761476e-21	-0.00835499226730575	0.00075248294645091
-0.010623890830157	-0.00250913517887645	-0.0106587620248228
0.0483110783448817	1.22624184490592	-0.594769178767301
0.976101711140666	0.10012876329568	0.770143505075896
1.24610495197123	0.176090243870493	1.23672332522823
0.0221459723815855	1.44227706126949	-0.463401509160428
1.27576362690381	0.111436492250542	-0.959758543583789
1.26113036347604	0.132096313733867	-1.05844392674735
0.00625937984427148	1.56999400843465	0.154183151794342
1.22462288767315	0.147342870138779	-1.09797234800652
0.0126177604201046	0.0611436446887512	-0.0521286349363503
0.00185523948070317	-0.0118564313282079	-2.62149127203538e-06
0.638110833065051	0.119022704720574	-0.652602163423957
1.02168120623584	0.073371724360878	0.675578373718113
0.01807362115522	0.79335694768264	-0.288164328467547
0.702322025955694	0.0579223572567044	-0.457394091060708
1.17615511942523	0.130536174135072	1.03100772850143
1.04456026483514	0.110366089331709	0.817778054605487
1.00668420992155	0.0878982253391324	-0.753071633634839
0.000560023436156998	1.44846793726587	0.0515621176722557
0.208649133418186	0.23277519469715	-0.495417352504389
0.0254905227402984	0.765268231449179	0.304513441168105
0.0190512349471618	0.0710410110195538	-0.0659383113015316
0.0529096271324628	0.13968170785348	-0.173212088875942
0.0346696626271239	0.00400883832185626	0.00581012767614106
0.0182946660502124	0.131034263754899	0.0928746677028664
1.23887383285821	0.0985917792384191	0.888697473051875
0.0233763859522366	1.15691049655467	-0.41327988023039
