-1.44064673630983e-21	-0.00293422835010306	-0.00114150467092715
-0.00179261053601702	0.000788339482425024	0.00268173317070186
0.0815493908583793	0.000875576334495392	-0.0108762574185458
0.0208320867162843	0.168356351812911	0.113345224518021
0.0161230935328664	0.230116847597738	-0.123651267380764
0.380365369382706	0.051392939542619	-0.304610779289915
0.00245654322906649	0.534344770989613	0.073133249310129
0.465666236562368	0.0587165451480353	0.364710047611733
0.42742775694658	0.0912758559665981	0.439597006485247
0.0202313379918568	0.528643434469237	-0.232654153447677
0.561394053225847	0.00957415721443675	-0.164046397366962
0.00743177433910983	0.591988807877885	0.139390430772553
0.38404269361691	0.158886903344781	-0.556369008085096
0.46093774811802	0.0503547712986246	0.334253724481185
0.0936576222343057	0.436765358522351	0.444220720065339
0.459143630488186	0.0804285450342683	-0.415862458249686
0.025982226342412	0.53405831287123	-0.243582909599248
0.523182252815538	0.023926610462574	0.231436604029789
0.00791077822551388	0.576071148186795	0.137584626479968
0.490715627487996	0.0342055316241895	-0.28845073027792
0.46659502682434	0.0433667043829029	-0.316214559460012
0.273657332696653	0.0450166809286274	0.238435006755616
0.191104454779815	0.000861620963305227	-0.0221464676800595
0.0210885699070939	0.0905839796353521	-0.0909501046128001
0.00823901344261716	0.0166978408374006	0.0201676946661302
1.4771197328845e-21	-0.00228371233355081	0.000448849530720034
-0.00245360880516499	-0.00039613594666737	-0.00216684886062444
0.0137159187224377	0.478263891770538	-0.175176766800038
0.35884099017647	0.0689664316460405	0.344130867433493
0.412268397930253	0.11509900023482	0.486681472178758
0.00807686641225262	0.540835861870772	-0.132387771821974
0.452678242869168	0.0672999857623012	-0.383365590089135
0.433347039374518	0.0798428092968077	-0.417147472234609
0.00161558950783292	0.556916693192383	0.019373818707885
0.421989575567315	0.0888763667414101	-0.432620286457979
0.00718025066615447	0.0369813208435927	-0.0312941500805868
0.00098102851886082	-0.0028650017224158	2.03951434061148e-05
0.258018211919423	0.0681602004118534	-0.286906327421164
0.388483045155831	0.0486408519175422	0.301446206174728
0.00825980628955242	0.343778368612255	-0.109360450144516
0.298596433640716	0.0333479339061898	-0.211025164788843
0.413731796983758	0.08714689667399	0.422585238498727
0.377064392890511	0.0723834388361701	0.362842536401056
0.385687659248262	0.0559452982425915	-0.322492156612711
0.000235938802854581	0.527352056008715	0.00670881443976849
0.0955124417151317	0.120520478130654	-0.228520634773675
0.0089794279092373	0.324859187883393	0.109830913174981
0.00917870449415183	0.0387579968141044	-0.0334088065857698
0.0270380071887011	0.0771594508090341	-0.0911336731602734
0.0212981540762003	0.00198464250820118	0.00385216891972182
0.0105248618941494	0.0730475883874993	0.0533127689400044
0.437424003091107	0.0652728144061676	0.373611850041262
0.00748672652496454	0.449816970227088	-0.123440261532471
