5.92325654849068e-21	0.0186002621793979	0.00613984186102761
0.013848097172703	0.0029568118021213	-0.0227742240839481
0.0237580833172831	0.000847483896346894	-0.00373145706195219
0.000591381010547067	0.0275126166419749	0.0190354646380915
0.00038551063983137	0.0359821690666707	-0.0234149454774303
0.0347069053104421	0.00710274601078557	-0.0309185396210427
0.000135762503658181	0.0424919239360788	0.00479447056065816
0.0351815012650727	0.00793168996256739	0.0323516301769373
0.0313438197729978	0.0115459626399325	0.0369856961058047
0.00169696994032298	0.0408850537881465	-0.0159074718769615
0.0419700237169955	0.00116841569984275	-0.0125234040422161
0.000422691756295032	0.0428121122209667	0.00703684803771534
0.0259525498850283	0.0169534246465349	-0.0421882679060552
0.0357026387841975	0.00691420950874614	0.0311491321537114
0.0050093208674422	0.0396209793229098	0.0277927827191902
0.0361488136740544	0.00813456100993365	-0.0341068499243307
0.00228691466143723	0.0415721482689171	-0.0182971309036174
0.0400531995297428	0.00337706914482779	0.0224371030572894
0.000441979028885165	0.04304026217235	0.00693837039794509
0.0390252887653748	0.00369242283720202	-0.0246891283200107
0.0373869298495827	0.00503504351821309	-0.0279605833718791
0.0303666127561317	0.0066464701577824	0.0296335255617206
0.0304429758928863	-0.00503758705837011	-0.000163437275881965
0.0010881092877848	0.0276873602129722	-0.0196866274026709
0.00132997133313028	0.0156895586884968	0.0208142820142491
1.49203634239551e-21	0.0214971999008206	-0.00221097040040538
0.0166156516716168	0.00459441676364388	0.0177461925006683
0.00112397140698694	0.0426201485280591	-0.0147941644830951
0.0310360648677714	0.00989611313698392	0.0360104836263539
0.0290540341644665	0.0137400999509514	0.0396853792442391
0.000952642463132366	0.0429953311957023	-0.0103296864232199
0.0347334271574922	0.00815306004579181	-0.032772876064407
0.032773020445185	0.00959518188252212	-0.0349529250655469
0.000369022649084731	0.0435256955886839	-0.000779534760743617
0.0321776924676861	0.01052805135626	-0.0367842180941894
0.00338417446412007	0.0216884268927846	-0.0232451203162462
-0.00289633506394221	0.0200065789970071	-0.00410762909640035
0.0246681533439281	0.0111390883021243	-0.0346912694570869
0.0350529284931956	0.00571887840037217	0.0296222141448657
0.000953748492901293	0.0403707991955973	-0.014767025519205
0.0335973042041586	0.00333433023324984	-0.0262932342216375
0.031351362689689	0.0114494233887508	0.0376697115800688
0.0308076093967847	0.0115415325933224	0.0384715808232124
0.0333389741110232	0.00750824303561035	-0.0319223638420538
0.000274229861927577	0.0425747962533032	0.000144585164827167
0.0138686972507505	0.022822630080405	-0.0390865920709045
0.000143790743531871	0.0346861053927068	0.0152266096097226
0.00312794980557165	0.0221861038822938	-0.0232646230814689
0.00418291559645601	0.0209580274169639	-0.0282464129719477
0.0209383766024694	-0.00341462908580236	0.00454630879529286
0.00162176395532135	0.0197505662782804	0.0185505684867947
0.0342317282750054	0.00895635377519847	0.0342636332655646
0.000438683242777927	0.0415745229517855	-0.0108797117704777
