7.59574490184159e-21	0.0173884512582697	0.00621090067001484
0.0151546805456572	0.00427079999964938	-0.0235089489725639
0.142164296236707	0.0017894024911723	-0.0167004376654778
0.0314087261782795	0.275343419191707	0.189398894064156
0.0275492561177377	0.373529514532519	-0.228898883344861
0.665937859680937	0.0704763310654415	-0.499781053504691
0.00522971055848182	0.951000952935202	0.162196265404859
0.851687458499406	0.0768779563005213	0.607320053395225
0.79093046618559	0.120947704385895	0.742869194888897
0.0397355630150791	0.93546556248934	-0.469345110015531
1.01831667975608	0.0131142427276641	-0.280697837354599
0.016155735992679	1.07479458594996	0.313309342173658
0.72717679286282	0.219399847564921	-0.976770025249084
0.836344905120045	0.0649964181912411	0.547543548382384
0.197392454726795	0.692774689051938	0.877903162544614
0.830741725040994	0.113463769888993	-0.714325574716066
0.0464570639186437	0.946258205027585	-0.474961183362901
0.9485394287704	0.0309405415094384	0.372320840572893
0.0169794888144203	1.03289821412578	0.305353002610381
0.876100903195906	0.0448450255097361	-0.475105422213635
0.836904293276686	0.0577065927944652	-0.525693996685707
0.47736350997467	0.061067426839365	0.38356445277541
0.313282252996029	-0.00470282403026901	-0.0361356885341869
0.0319211106319769	0.151318446237446	-0.150174909897628
0.0139251938341341	0.0422032456454912	0.0529159902461408
-1.48005550714227e-21	0.0218718510945157	-0.00251120816418061
0.0171627794969489	0.00499446565084456	0.0187324873520185
0.0270825592153726	0.828725290129215	-0.351568062611323
0.639932222230653	0.0906985842960085	0.559209148982898
0.769672196036039	0.153631740495987	0.830866066893433
0.0144716586097953	0.948754102967899	-0.260902602465806
0.817661885725961	0.0919768827340159	-0.648595737078154
0.793901348783677	0.108643891128633	-0.70979186238593
0.00284459761533805	1.00054928973849	0.0633204103012534
0.77079080757028	0.121705318436734	-0.73624386545332
0.0136531379197658	0.0749541132455924	-0.0707806274223862
-0.00197482483684367	0.0204938164251896	-0.00459752673224077
0.445003282830148	0.102841414135023	-0.484506198064589
0.681894796504952	0.0628264331255776	0.479460264911211
0.0134375822005733	0.582060010781175	-0.195892267342349
0.511195411423624	0.0473100633983408	-0.347321545212988
0.75239669433363	0.11502877195658	0.702938695859622
0.678625581930376	0.0950042617357816	0.591907551881654
0.668486117051057	0.0769600597884266	-0.528087110631193
0.000442749754527909	0.939862790444158	0.0199147733357577
0.161868117448964	0.194190998366948	-0.38741041724093
0.0167699776230758	0.5506975439863	0.213705783477154
0.0169428973152018	0.0826062117296553	-0.0792507374876245
0.0432380090575152	0.130753542765064	-0.164054964741994
0.0556931792321928	-0.00135841240069809	0.00939181424989418
0.0161268485288849	0.124822751788588	0.0995973523256085
0.793443141000521	0.0852170890055211	0.616970839752483
0.0140211794526953	0.78067633677102	-0.242542250133285
