1.24512210613542e-20	0.00890813797528357	0.00325472331241309
0.00745408271790668	0.00133097722480615	-0.0115955659221318
0.0251096371360667	-0.000360733842325138	-0.00365417885441489
0.00383643437209682	0.0443329686863181	0.0284895138575451
0.00325206070651585	0.0581357640709549	-0.0316353682211948
0.0834998160500005	0.0159374812281168	-0.0742029142991577
0.000394617502753409	0.11544718054163	0.0131839302726817
0.0972396236239487	0.0185612389876862	0.0876440775847946
0.0875708165999083	0.028285937103441	0.102630863275837
0.00362903963631375	0.114704519997716	-0.0434614654260614
0.119046146625269	0.00280216589764951	-0.0383382892678664
0.00108944512623426	0.125095239195148	0.022474472248416
0.0769446122747039	0.0464413123961844	-0.12251383489721
0.0971800813133992	0.0162273077772799	0.0813097816752314
0.0161896406047623	0.104642496165901	0.0838167488193141
0.0972052342552277	0.0239144916294553	-0.0977092718010916
0.00482795340124972	0.117073136539019	-0.0468591642029019
0.111169285153443	0.00746089602284199	0.058039155814503
0.0012143636193016	0.123591360806749	0.0224216723160016
0.104885259425541	0.0108751495883862	-0.0691831504230519
0.0996356401249911	0.0132903934711007	-0.0749096634907172
0.0623413007780182	0.0136736295634442	0.0598493722843129
0.0492798425113601	-0.00215323250704169	-0.00266655489175358
0.00446898090940288	0.0287217617045278	-0.0264650105994539
0.0017773338142897	0.01028305738586	0.0135225256181764
-2.83012909578876e-21	0.0104684610497797	-0.00133473349523112
0.00885770488983087	0.00248117535566318	0.00951104856571629
0.0026426470306995	0.106608030567186	-0.0336043162643491
0.0770650567096665	0.02171253347937	0.0839676611893056
0.0833629230031043	0.0354169661114659	0.111489730979407
0.00164472486362533	0.118158303813859	-0.0256203580655344
0.095336567201402	0.0204978296354999	-0.0900862310204561
0.0901553474413211	0.0241823000559752	-0.0970293340323387
-7.26211158611407e-05	0.119958462872111	0.00165990388155182
0.0879118394299508	0.0269089658660141	-0.100651491439784
0.00245509223558199	0.0168152178010525	-0.0170391155193156
-0.00155222931974239	0.0105124346875128	-0.00158014208980915
0.0565628593142804	0.0193974746003293	-0.0675461384904696
0.0852357909094938	0.0158404366261726	0.0748860191872972
0.0019152421361996	0.0798059228379055	-0.0249636144758099
0.0689621344670389	0.00882282633384303	-0.0511947143282586
0.0856179578720505	0.0275726080601834	0.0996574518124215
0.0797159774586695	0.0239186249890437	0.0892998263133205
0.085326041340273	0.0176545807382498	-0.0794451739450362
-0.000129926255206078	0.113988994161751	0.000519699767643191
0.0231949518529141	0.03468761823149	-0.0593002788152477
0.00175864956878046	0.0746642125870193	0.0252055745072362
0.0023847812206415	0.016770873253584	-0.0165827031354077
0.00539121973489495	0.0219204286743209	-0.0262788557540601
0.013571442984222	-0.00160157795949855	0.00298779987442073
0.00229330469055331	0.0213733042279391	0.0190163631980876
0.0917774048469538	0.0209413219408621	0.0899140996822941
0.001450505837247	0.100877169051062	-0.0249322554586781
