7.07057081374496e-21	0.00986318885674911	0.00366073627204705
0.00809714778993057	0.0012876606583037	-0.0126825243034225
0.0118721181721096	-0.000276819273253564	-0.00186299777496456
-6.58641117839124e-05	0.0118655289311738	0.00886902427817336
-0.000142858267163587	0.0151655515211665	-0.0103119099363148
0.0151499724072128	0.00335954348182365	-0.0139609604481021
0.000101186365112229	0.0191007215880708	0.00260599455177991
0.0159127534117609	0.00358225935774558	0.0143308984104575
0.0140915083376013	0.0054420625153502	0.016782948331036
0.000772641844825336	0.0185563544736089	-0.00713416902232005
0.0192556590771891	0.000568012160201316	-0.00575779011352254
0.000181791013709201	0.0199702106339592	0.00306123021405821
0.0121100965536162	0.00796686915233223	-0.019682062666361
0.0161766322025152	0.00302570373889749	0.0136634859160727
0.00260667701737598	0.0176007132013665	0.0131658779137684
0.0158856343776846	0.00425410819444286	-0.0161451477675266
0.000877643756818072	0.0191426505766575	-0.00723683119929278
0.0182129175517765	0.00145073233918587	0.0095280072356417
0.00020042111335017	0.0198933452037725	0.00296345501801792
0.0175728750391365	0.0017469782327995	-0.0112987405323753
0.0166127454385312	0.00237760254991782	-0.012784892641204
0.0132025882932383	0.00273768783484051	0.0129575680040393
0.0133799419234486	-0.00279344240879772	0.000147570450238348
-8.4886407579433e-05	0.0124288163261101	-0.00870735668722279
0.000484813075170092	0.00792687637003889	0.0109369739383737
-3.4309039945368e-21	0.0115213065616353	-0.00147424452379964
0.00968735665140771	0.00268546548175016	0.0103570633951975
0.00049616959066847	0.0186579395125225	-0.00648587504004411
0.0136467558731525	0.00425857840848027	0.0159567848445493
0.0131240200804232	0.00657770578571832	0.0182963127578651
0.000490671892870058	0.0195047788798199	-0.00473732090886049
0.0154660318352099	0.00417026327463118	-0.0154035054962898
0.0145401335709756	0.00453863520533943	-0.0158676569880249
0.000223209666346423	0.0196185209816667	0.000495844361055603
0.0141181189020404	0.00510433817463045	-0.016834903694043
0.00147304867048885	0.0106461779637143	-0.0124513148195693
-0.00185027053041802	0.0114919988705287	-0.00160301069649856
0.0107128841835488	0.00507531702094544	-0.0154323768198558
0.0155849747750895	0.00246470979975595	0.0129135921270835
0.000396953479632404	0.0176325096288543	-0.00652322482436757
0.0144884461948483	0.00134839012057197	-0.0118421173871425
0.0140541697207548	0.00532383383167564	0.0170424419932267
0.0134137285744065	0.00520198301069163	0.0170616386416348
0.0145710948178574	0.0035760516024744	-0.0144520984438125
0.000118875800229561	0.0189946463157444	0.000477867916649713
0.00548616948921302	0.0094651043125575	-0.0163825877907772
-0.000150517501611262	0.0151393085780164	0.0066843204964189
0.000990023916875354	0.0113395646316677	-0.0120140098954431
0.00142036462566347	0.00946967405564932	-0.013416023968124
0.0106922507052598	-0.00203923109496794	0.00258416347351265
0.00030414506044184	0.00968748543189841	0.0100673636108817
0.0153658610765561	0.00406114823864761	0.0152309038002867
0.000164057750902602	0.0183215158471962	-0.00468189833045349
