1.09332482921593e-20	0.00301030180969152	0.00116375056557903
0.0038873152464688	0.00191247996441489	-0.00561367418793938
0.111375738080384	0.000791963359460431	-0.0118458530084398
0.0271727807932926	0.224666303485701	0.154872980766063
0.0239674219907048	0.311372671933294	-0.182606263958902
0.536556801287459	0.063527582277874	-0.41613593432442
0.00413990977902078	0.765238969806781	0.124140345196389
0.679617210246503	0.0697257235528366	0.502166802774111
0.629076961498119	0.109689293938781	0.612461538890406
0.0302148336867963	0.758667626142481	-0.357660862921863
0.815657192260749	0.0117893902065098	-0.231599791724166
0.0121889254755461	0.860335431874597	0.233429205920406
0.571301187983909	0.197839695893523	-0.794285074344214
0.669105653384717	0.0590122976059609	0.45350215286519
0.149464427938228	0.585382954836925	0.679953032732797
0.662633847785925	0.101518095100451	-0.585307448646352
0.0364321068886786	0.765003715957673	-0.363534946236178
0.75824874559623	0.0280226967490334	0.310610263049599
0.0128735159335562	0.831078556582852	0.228300953494857
0.704633200835379	0.041045762674968	-0.395231933076156
0.670942846201174	0.0528059676912672	-0.436451506252803
0.3896774001152	0.0533283398547878	0.31754680406559
0.256544406831346	-0.000320589356331464	-0.0320591758626643
0.0269867733654155	0.116960569859671	-0.119030760109084
0.0112513908892921	0.0269860332081235	0.0334112120589487
-3.87376080626309e-20	0.00497351816055475	-0.000516695173511199
0.00405110491812929	0.00140639010548993	0.00478918563369146
0.0206871163719941	0.677802974414827	-0.269150418482557
0.516685731348793	0.0807762236920702	0.461956233250208
0.610722217522834	0.138912230772812	0.681771960894705
0.0112178824953618	0.768877846025285	-0.19968378651697
0.653403203471635	0.0830884954183813	-0.534834810118411
0.631970504775244	0.0984039146103132	-0.584592557357907
0.00221128740934274	0.80202141213396	0.0453456391181355
0.613021698305765	0.110122436355762	-0.605926333567641
0.0101162614026679	0.0525555803759585	-0.0474709758215632
0.000113683186203162	0.00473649569067469	-0.0011023004187309
0.364494987456128	0.0886477822977735	-0.399508229402831
0.550899738666226	0.0572369447989503	0.401069861336507
0.0110188930372487	0.470582291261006	-0.153079391806628
0.416474926315721	0.0404259726253174	-0.282415977403811
0.601523443806033	0.104262467884481	0.581562329780644
0.546767926775429	0.0857272863641161	0.492296763080488
0.541491834727606	0.0693456252070897	-0.440555026351816
0.000377113068439964	0.75578863852084	0.0182680913256277
0.129912281636149	0.161753207739091	-0.313677059676104
0.0138852105031525	0.453840054074464	0.167986155160784
0.0133116123802188	0.0588765748888533	-0.0545330420338488
0.0360525228231523	0.103896877799865	-0.126551062770341
0.0351428818211066	0.00120591395905514	0.00620889965603393
0.013169124494708	0.0994433974022972	0.0753323110764187
0.634791540462336	0.0772470598935747	0.510632451875918
0.0107133209281274	0.636583463632437	-0.184907152981157
