-8.33547098553624e-21	-0.00245244318321767	-0.000981336499911477
-0.00135079750329017	0.000871367497489193	0.0020620404850534
0.0816201707590655	0.000858021614623552	-0.0106866541842694
0.0209868051261935	0.167733632065089	0.113145494838508
0.0163487174443008	0.229126576291685	-0.122846220254777
0.379371229982001	0.0509032778291748	-0.303608402420963
0.00229361974140186	0.534588655755957	0.0723111838459759
0.465938640208749	0.0583533811607958	0.365667023641006
0.427839594898794	0.0907205935769583	0.44051533118994
0.0198411849014378	0.529397821311005	-0.232506003882569
0.562096218339923	0.00947272372440837	-0.165122495598346
0.00731495236810527	0.593153646946518	0.139945479413092
0.384977923576233	0.159043789227186	-0.557497438483723
0.460749434353474	0.0502041510806592	0.334608405802641
0.0937535997280481	0.437035829170864	0.444813656460477
0.459617122745099	0.0807063622411538	-0.416772567045298
0.0259316501390821	0.534960240365676	-0.244019818693334
0.523604044967584	0.0238530029393768	0.23230083203857
0.00779304999850489	0.577187929692908	0.138322372299682
0.490314059295281	0.034400841207537	-0.288727316982708
0.466185710588632	0.0433265818222518	-0.316235168426191
0.272495736739053	0.0448502084732211	0.237283040564414
0.190542840179258	0.00108574166419709	-0.0220585551708872
0.0212057179023603	0.0904786106317091	-0.0910841292773188
0.0082816347832247	0.0170571919976295	0.0205945723145709
-2.10839937433769e-20	-0.00173893249202488	0.000405520359630083
-0.00193600469362239	-0.000257233622667287	-0.00162070125148594
0.0136734356531662	0.477403155799408	-0.174371869302987
0.3581323954346	0.0686993073072765	0.3429040264693
0.413052740661138	0.114617840403223	0.487428788423731
0.00775640398117128	0.540701254532036	-0.131691133991606
0.453202772468066	0.0666847701414474	-0.383315870735865
0.433737291115415	0.0795031808923603	-0.417913989152392
0.00126447204672627	0.557577930677947	0.0188776259034326
0.422595505422212	0.0884189749930521	-0.432993641594407
0.00721938437317893	0.0373975892189398	-0.0316698096639875
0.000929173142482041	-0.00226207613163097	-5.18611282548717e-05
0.257652955913189	0.0675136928852371	-0.285281467631752
0.387305234098747	0.0487882594375681	0.301084891740682
0.00828801835335318	0.342098019601756	-0.1085435594247
0.297351818684083	0.0333387670199775	-0.209752388722644
0.41364630894281	0.0866212080796317	0.422317432001172
0.376606901863625	0.0719683435198033	0.361350472529958
0.385046004822674	0.0553647150957366	-0.321242578650425
2.6942685726779e-05	0.527161825572921	0.00615752973108344
0.0951539916493703	0.11995948680191	-0.227380123598857
0.00907259050280413	0.323947424351911	0.108509762163275
0.0092428116546055	0.0391634042047113	-0.033874710134213
0.0270119495444082	0.0771610781890986	-0.0907711971254321
0.0217729300448099	0.00190957638789455	0.00390498135019313
0.0105983417055889	0.0730679771394061	0.0534594032663376
0.437003033155326	0.0648587364799932	0.373604462958419
0.00738379482192451	0.448728946050926	-0.122787735939833
