1.35433016139534e-20	0.0230464491359702	0.00712811339879704
0.0173365781558565	0.00577379386671612	-0.0317416107660123
0.177502453012591	0.0032814963367148	-0.0190113294624423
0.0376692180548518	0.346401798841608	0.237183078251895
0.0371799170991338	0.470128769779653	-0.302130793610985
0.903623786125993	0.0813383239195199	-0.651848670926324
0.0121815547386968	1.29747135659102	0.25857222917094
1.18294397574024	0.086595161393102	0.800262632162785
1.10581927076171	0.133971903039342	0.984265055032977
0.0577611704190298	1.26664892728178	-0.69734589167892
1.40720206931667	0.0154563220310539	-0.37707283843869
0.025245545518714	1.48423540354629	0.505347226292325
1.0345162137374	0.248498287240014	-1.32146306779538
1.15371205665831	0.0712047387742908	0.710373117797895
0.300826895667402	0.858929993215021	1.27645240797949
1.15389565545904	0.130478393362369	-0.9575974280612
0.0642865247882369	1.28605845759388	-0.706047817328438
1.31368549448619	0.0368610874080943	0.482883043097559
0.0265687655797081	1.41136833881382	0.485246446576437
1.19541331172294	0.0496870474429158	-0.62695353359891
1.1452080852573	0.0693570107247761	-0.694345801733255
0.629988067839634	0.0679427310071354	0.479674626261061
0.392431672799789	-0.00514766695265818	-0.0474596887856407
0.0392010091378799	0.184356506598941	-0.188172154642374
0.0173930689476499	0.0534485127356675	0.0681743485148379
-5.83670759171959e-21	0.0289017628115263	-0.00330835117747306
0.0217744290092005	0.00617117338569397	0.0234969972718807
0.032543792421593	1.11136840669108	-0.522322291096114
0.876654669636404	0.102207760846793	0.720188364440121
1.08107282975741	0.170840285569127	1.10673049400222
0.0191902920244898	1.28537170496728	-0.385116911780808
1.12724211900935	0.102054967748414	-0.854699307102208
1.10459965031221	0.123502744415677	-0.944576108470319
0.00217177023745966	1.3809840521218	0.117198142376232
1.07303355295623	0.137881661015285	-0.979582508981961
0.0172751264605548	0.0933636921629997	-0.0871388285664502
-0.00243971277151991	0.0262416601828287	-0.00515637063757953
0.592984277350349	0.122254963547237	-0.625047331227566
0.927992435725621	0.0699564807800213	0.619226111252202
0.0173255273347007	0.762013373417366	-0.273719110534909
0.669061536247535	0.0571183801029766	-0.447084790438522
1.04045024985847	0.12699611307787	0.917620354911509
0.934138681335116	0.106482800736114	0.764547999139532
0.906858133592248	0.0960559746988522	-0.68898224720307
0.000726922945415705	1.28498659953662	0.0441937951423939
0.210947397367467	0.24388396779018	-0.506407848788986
0.0255770105190464	0.720092592973176	0.2835884575691
0.0233418312428417	0.103542122141055	-0.100809655629916
0.0532588287071877	0.161276778897871	-0.203689447636788
0.0694805345145237	-0.00215877600324197	0.0132503887887227
0.0212260402105274	0.155974423299435	0.125283928466479
1.09563387691456	0.093196242551751	0.802833258437829
0.0204344993784325	1.04938495155097	-0.357332023244753
