2.05262875695521e-20	0.0196047374087969	0.00622635143433086
0.0154603782560297	0.0040308082279819	-0.0262103717184569
0.110949431390563	0.00167020566340456	-0.0140520590121704
0.0210179895280491	0.197150240234715	0.133147109873885
0.0171357057772557	0.270269906554456	-0.156176413709764
0.430687338426832	0.0565386653601118	-0.342748067456785
0.00323814661999085	0.599498790218092	0.0896723765623787
0.525134274167918	0.0627666902657758	0.403106159088259
0.483265193044308	0.0982557820054811	0.488509512855534
0.0232905137765305	0.59363657192649	-0.266023784701835
0.632651511054331	0.0104809112201855	-0.182944743042379
0.00889167703143459	0.668158120472018	0.164532136672149
0.436086800199442	0.171622067576073	-0.624629936780493
0.520456433214783	0.0533667512980414	0.368657152431067
0.109359171501922	0.479539298847327	0.508957004645379
0.514814451513716	0.0876684471439473	-0.464316871363523
0.028742567748628	0.599071529136054	-0.273313830685713
0.58874229260234	0.0252319936723909	0.252520851490567
0.00942680493214368	0.647754705520518	0.161447290230759
0.551796094762639	0.0362932643658873	-0.319941547032003
0.525210874725636	0.0463589737413209	-0.351653831094961
0.314500552870565	0.0492092786000209	0.27074720320155
0.222317701667693	-0.00523665384656972	-0.0236800836132198
0.0205755292903605	0.11793226184807	-0.109770452068905
0.0102828162589377	0.0360623143849809	0.0461499901611678
1.89990851466988e-21	0.0238829055849202	-0.00258504160546318
0.0191272412286775	0.00543210310109837	0.0206573751733905
0.0153878502069407	0.539004839249113	-0.203400902618588
0.405924930567547	0.0750094781220368	0.385650812041578
0.467124195695174	0.123592075329438	0.542372993851205
0.00922938095981421	0.606518921078739	-0.151129850146196
0.508117509541005	0.0736279206452244	-0.427867895805434
0.488217644536497	0.0862460590832159	-0.464754513096298
0.00234564502935246	0.624876102090725	0.0286514890654449
0.474043499125884	0.096425169342039	-0.482317002847137
0.0111541551457976	0.0619220502278057	-0.0586245221947277
-0.00248081237424535	0.022684552115312	-0.00382257516589783
0.291471929984186	0.0790359099306851	-0.330149293551976
0.44134684614507	0.0502541838097096	0.330920448761255
0.00874549955329209	0.394081229597267	-0.127896100038532
0.342390865871461	0.0356503679447715	-0.241321047178455
0.466943982881775	0.0934123546855199	0.46928358105794
0.42691128288979	0.0785586783043943	0.405877491543402
0.432109083659287	0.0617031489819711	-0.360534428727209
0.000240147389138609	0.592886771480621	0.0109569898786703
0.111908807325231	0.145269930135947	-0.274563318685956
0.0109303123185192	0.368172623567645	0.131857203592462
0.013358273430316	0.0661827014645634	-0.0629687062572185
0.0310856627797361	0.100493463678414	-0.1240337575273
0.0470465722227034	-0.00258446366842185	0.0100287147777793
0.0126448172176892	0.0974157463541606	0.0780788588765125
0.494108342621954	0.0697909658382887	0.414139932701677
0.00812052087116666	0.507078336965834	-0.14251050084719
