3.62899554670014e-21	0.00758156508243677	0.00259496455911049
0.00765707399370727	0.00205753576417536	-0.0114448697931282
0.0914032381998873	0.000220284596170382	-0.0115390270690129
0.020695892536182	0.172701693091717	0.117131455139885
0.0160960683709514	0.234030897661279	-0.128325315097709
0.380818796712745	0.0508977233771686	-0.304664502092077
0.00236633593339491	0.533912384603644	0.0718643989875223
0.46517597887273	0.0583248278549867	0.365586783840249
0.42712990477695	0.090663041314767	0.440025015319163
0.0198800249593913	0.528509226982629	-0.232367070751665
0.561055114297762	0.00941364034047326	-0.164602624810057
0.00729552363766684	0.591760960471566	0.139555387194446
0.384055308358398	0.158749625817617	-0.556288448569494
0.460086604294053	0.0503167991996872	0.334783124593043
0.0931243561465744	0.436870902373903	0.443523392152083
0.459232826465368	0.0801719047787606	-0.415691270777323
0.0259587395921641	0.533773167158699	-0.244601036211802
0.52271672915619	0.0238156145381123	0.232645785296779
0.00777215967978778	0.575960190560072	0.137939748550288
0.49003602125961	0.0342743118402188	-0.288254602495052
0.466160948137747	0.0431030668822314	-0.315770155961913
0.275120443687265	0.0455627246915859	0.240899295778539
0.196090137092072	-0.00116850851663846	-0.020962840463026
0.0206345886324148	0.0973043394934447	-0.0953293102906879
0.00888352802705387	0.0247885941738269	0.030945835124247
5.56051086689891e-21	0.00997461988257736	-0.0010950436608126
0.00901184528482499	0.00271048331329556	0.00997673653370883
0.0137150738435594	0.477371418999644	-0.175030472710002
0.358380756705221	0.0692721036097636	0.345040409018605
0.412244861765659	0.114545734157107	0.486594269143346
0.0077573707697683	0.540179601051894	-0.131748969875207
0.452675408715353	0.0663266616240357	-0.382269912651432
0.433299927017516	0.0792286001369089	-0.417318978599269
0.00122982280266098	0.556777155846345	0.0180811386568181
0.422259948908745	0.088125920690803	-0.432240454056892
0.00829861792320063	0.0469111982611091	-0.0428000389850083
-0.00073106136846019	0.0104132378933212	-0.00111165341955854
0.258438247980876	0.0681444492697634	-0.286918158378413
0.388520851038379	0.0489007018726162	0.301679704561367
0.00830042020303052	0.346141717947365	-0.110385175479139
0.300873924169339	0.0333330100930237	-0.212570616776238
0.413215506334397	0.0867571393813844	0.422244948383576
0.376388685127971	0.0725143351631125	0.362766098869238
0.385874118758837	0.0554245045144984	-0.321493329717415
-0.000119820191583657	0.526852903214155	0.00590270312841219
0.097319757562195	0.123897731157246	-0.233307375355212
0.00952030841656492	0.325798536510897	0.111134245931876
0.00999670306050236	0.0493279759535762	-0.045029829440215
0.0268813613739266	0.0826878192841686	-0.0985457943985359
0.032188029151418	-0.000283738463938217	0.00641286582258853
0.0109602817538276	0.0803124255988019	0.0633858593462182
0.436668084033737	0.064943689651589	0.373932433422607
0.00737925387296938	0.44935464795191	-0.123703144569524
