1.67183275795273e-20	0.0126779299254674	0.00417478799903391
0.0119194105775465	0.00537065150461322	-0.0205848942990023
0.234045864225699	0.00232040725749111	-0.0189676482926087
0.0608681279897851	0.526566438155956	0.38530892172821
0.0729626255081098	0.701053030243751	-0.523613802769432
1.92042983443977	0.10003724172663	-1.23622350246715
0.0232185406375846	2.84127252969474	0.906083762621232
2.83420820529403	0.0968009921466663	1.61870294019055
2.67597683302028	0.151586728578969	2.02400664979616
0.183839262260425	2.61370744227603	-2.16360228039723
3.29609802710752	0.0252331785794155	-0.791551802018232
0.0965029191061836	3.29081653852474	1.81208771092625
2.5913970574272	0.304597040254326	-2.85745883226383
2.64665481179547	0.0785992320479291	1.37778362396365
0.942937974147307	1.26803697958403	3.32972360372621
2.81577587561177	0.162093882844503	-2.07727326327727
0.179675349544996	2.73556295483146	-2.16079721651879
3.13618804136926	0.0385065340459882	0.926893929816063
0.0958102844520771	3.07520010967359	1.72056580945225
2.71099227937215	0.0687888901739532	-1.27359612631159
2.60506354938676	0.0797175845166525	-1.38489781803182
1.15923684183649	0.0802857704509048	0.765668486855981
0.610605277880774	-0.00101846278277312	-0.0826139355043127
0.0671220615753967	0.236546397693186	-0.277917045608243
0.0242331350567722	0.0568644093007487	0.0754530008996647
5.27554375850567e-20	0.0190991125356072	-0.00210547196080448
0.0138105728078684	0.0041178071963101	0.0152382681516404
0.108287192727062	2.17885380958714	-1.44715434443597
1.91029012633964	0.115797929144522	1.32158293905667
2.6399703184374	0.19247375826788	2.30289100611795
0.0589311075797765	2.7871839360824	-1.21638346031768
2.55908112538071	0.134942370561046	-1.75267589588875
2.64170238881456	0.151325565987508	-1.97744014229239
0.0109495155501769	3.23284940832353	0.51744465697458
2.5848358175003	0.168103152520833	-2.04934328797301
0.0201579963756844	0.112170382960387	-0.102533528667417
-0.000924833868469781	0.0164749511973558	-0.00319497287261684
1.11077375136856	0.154337664201839	-1.07092768334333
1.98046949294326	0.0854758166112657	1.16374254860624
0.0355181038067101	1.34007039153766	-0.602589458343501
1.20011132332885	0.0771258936682737	-0.753938049981358
2.41349029731333	0.141123109803403	1.84944483154184
2.04555592934725	0.124176096590542	1.41380850424554
1.9459588844973	0.11852384491004	-1.32090448733232
0.00150936611251259	2.87761814948687	0.190171244159097
0.346017325888545	0.336411348484531	-0.798859778190863
0.0499495040620102	1.27738931154074	0.601719485743923
0.0321209162942517	0.129312531833766	-0.132132393995686
0.0770706984176927	0.211807467920328	-0.275243952148627
0.0768088650503937	0.000622401212393179	0.012240842039183
0.0286449329490015	0.205249441762885	0.166923667944209
2.51905994553806	0.106071367231069	1.57871363691946
0.0570449951995519	2.12973020811177	-1.01333173151404
