-4.21691527226633e-21	0.0122394691488208	0.00428913361603676
0.00991028325627498	0.00207189212196805	-0.0158550397132656
0.0523348374962391	8.97138689038053e-05	-0.00661878731563838
0.00836283349954118	0.0835348055905812	0.0565732336217545
0.00598877881957113	0.11473575635813	-0.0627785460435705
0.155454344488972	0.0270267046422112	-0.133716446542396
0.000920124132474973	0.211437059311734	0.0246366037340576
0.179509734130283	0.0314260482330191	0.154863256766926
0.162488100925741	0.0476560843725758	0.182225305176021
0.00738263988904001	0.208645668730083	-0.0821875547198593
0.217147294644992	0.00480759450625953	-0.067141707931135
0.00233125785393531	0.226771702798221	0.0437339449381559
0.141099254991092	0.0780888350862792	-0.220140701675957
0.179189195372227	0.027329429356078	0.144560647624173
0.0309463208511888	0.188419869613416	0.156383904107553
0.179888655413064	0.0392309613935491	-0.171328565417665
0.010358384749528	0.211416962587718	-0.0901680291417849
0.203701110602006	0.0130020988118081	0.102287214865495
0.00251169936706707	0.224032341418918	0.0437884885642865
0.193182436248351	0.0177177486206316	-0.122889607054829
0.183631471427586	0.0222829684037338	-0.134317986227616
0.120640795877927	0.0239639135035132	0.112344027893666
0.0942031423518388	-0.00367062295084123	-0.0079165265551029
0.00803894571958177	0.0547345073166546	-0.0476056045369192
0.00476846482736571	0.0189423408351486	0.0247092242028302
8.92185028821331e-21	0.0145241643112238	-0.00181288503571064
0.011751245535786	0.00331212844451245	0.0126507162796638
0.00497368711329402	0.197002528453455	-0.0648124468108094
0.143918498796152	0.0369674230620548	0.152332580057555
0.154409508569159	0.0592587141736461	0.198983234063184
0.00331018808508729	0.21587447656042	-0.0485909231233644
0.175823717819016	0.0344846811066446	-0.159820621504141
0.166516942129435	0.0409629274491222	-0.17332141595514
0.000765835493060327	0.219104944926004	0.0024249905994165
0.162761733006265	0.0453615879546963	-0.179876499571523
0.00569421377729333	0.0318573098690933	-0.031551677156608
-0.00194055520075603	0.0141032546033306	-0.00253640455399493
0.111282461343368	0.0360820973338352	-0.131619466622721
0.158222950158493	0.0257189991580677	0.133358109411063
0.00353621447472287	0.153156623812898	-0.0476122037671603
0.132732482912594	0.0156918985737701	-0.097410630880692
0.159281332621968	0.0461922694589998	0.17867456285942
0.149105485753913	0.0403906056291391	0.161664709018959
0.156774706697055	0.0295094021108987	-0.141104675372778
2.45769780603603e-05	0.209297551689006	0.00122693119925939
0.0440755322101096	0.0626966078618191	-0.110746949897086
0.00323462846039581	0.144709609163746	0.0472855057638932
0.00575611562532906	0.0336329123555123	-0.0318854732506504
0.0129993551849617	0.0455623111097623	-0.0557450443066284
0.0252391126789095	-0.0018695161595697	0.00573114534186238
0.00543053589531186	0.0453410863543082	0.0377944736822661
0.170101996821683	0.0350983928993828	0.160170928842935
0.00262252052931298	0.186434448953309	-0.0472061982865642
