-3.38212012815527e-20	-0.00253047333106004	-0.000903702232058515
-0.00138350041087363	0.00271698112747497	0.00147005454061321
0.166910860134241	0.00295913176939868	-0.0145336067253132
0.0458026334829869	0.386178360304391	0.269476241575865
0.0492744188569112	0.522041860221534	-0.34870369389136
1.15649442018096	0.0857810114111279	-0.798153407975227
0.0147096813065464	1.69303199912889	0.390974472623582
1.5859342393933	0.0893895863093549	1.01421567219696
1.49020445571778	0.139733733472748	1.26109683356511
0.0879836594371281	1.63634338227494	-1.00630518311669
1.87330243989176	0.0173579954785864	-0.483590947764149
0.0399089666353312	1.9505619226622	0.775335837416536
1.40520232749957	0.273893148813899	-1.71427771158404
1.52609388173061	0.0740059427723209	0.887532922663394
0.439011963418441	1.0089076358328	1.7690549367407
1.54473251052557	0.144518403405308	-1.23959436532646
0.0880061095208402	1.67514612929931	-1.00903633097234
1.75571595850127	0.0354311811559799	0.601630440255121
0.0398645142779238	1.84804252748814	0.744974315255936
1.56574426766827	0.0594895786845102	-0.794268885697958
1.50520125992888	0.0739294009259858	-0.871686375021904
0.770362803554745	0.0704753162439525	0.551014486544264
0.442709930614397	0.00233459406558027	-0.0587560896334329
0.0506671410268769	0.178492079812105	-0.202473481982455
0.0179739766906309	0.0359775069811392	0.0453728368353516
-4.6576294405075e-20	-0.000156843083521397	0.000268092564928898
-0.00265056129659117	-0.000421194986398703	-0.00232302922143828
0.050564061368234	1.40393406584177	-0.72206278786805
1.13992153108016	0.103845982734368	0.871616315607625
1.46347766450686	0.180347539592973	1.41389085843792
0.0256648976790194	1.66733018277962	-0.562045857873069
1.48709569135574	0.109921641594534	-1.08808194908955
1.47978940990074	0.13286871410459	-1.20857206109374
0.00356414974311091	1.83247704817115	0.188598143028113
1.44003707409885	0.147613558087556	-1.250918058051
0.0148752147571696	0.0755716861135155	-0.0659157787283634
0.00153440374115237	-0.00289668242641892	-0.00187402195870619
0.732805163985543	0.127845197802058	-0.741096066097818
1.18736353292402	0.0759183042188595	0.761470253688937
0.0171374167108896	0.908355074040703	-0.340879955049827
0.80495638900057	0.0629608175565964	-0.519356039820297
1.37735163144956	0.133102744419468	1.16411567095344
1.21589342551989	0.111294913940482	0.932587053860279
1.16729771858488	0.100562103173517	-0.852891416991974
0.000647926668141631	1.68320133933155	0.0669034173395111
0.242953841328375	0.258523322427782	-0.565986167049936
0.0304967134763754	0.871190908910515	0.367883201404332
0.0227146828352201	0.08741418052432	-0.084272622643029
0.059862960862069	0.157686951010127	-0.199388480171539
0.0478392758235765	0.00369081129972668	0.00621190690085835
0.0210347291393946	0.149858380581726	0.111526756117818
1.44703326984177	0.0977805253230872	1.0052837483424
0.0277386552602764	1.33568566678444	-0.500441945061834
