1.83631031309487e-20	-0.00541834274372772	-0.00173362196927632
-0.00415400358376029	0.00112906004822394	0.00592475082600657
0.123297458693863	0.00195583495064868	-0.0148624386229422
0.0327953146817334	0.270072828007148	0.184705859571402
0.0293679720396672	0.369220725049365	-0.219214656191712
0.69356246228098	0.0709267179965403	-0.515797549688874
0.00538018473185351	0.998307607973811	0.170206261743158
0.896495323011097	0.0783573648753261	0.633939447735758
0.833427850551954	0.12308774700183	0.775662974902111
0.0420025156809511	0.981301751966972	-0.498340719306773
1.0715275170536	0.0135045465171944	-0.29432723001857
0.017342242373712	1.13241326643253	0.336856480332505
0.769615394809348	0.224583584217313	-1.02546381732218
0.878219033574969	0.0661162859059105	0.570405866042665
0.21088074984531	0.718074243865076	0.931827626501113
0.874900716166808	0.116474174214643	-0.748637495837622
0.0488794358085812	0.994419260497743	-0.504539014509299
0.998526162884246	0.0315844879858804	0.387833059337546
0.0181877598033327	1.08587631066767	0.327756628658455
0.91859830669465	0.0461351354815616	-0.495049029474157
0.877599774522721	0.0591771780057094	-0.547728498443304
0.487235826284728	0.0608758938251154	0.387844941701139
0.307997810219886	0.00140954857240182	-0.0392205375510764
0.0342477199583922	0.135539158530408	-0.142713411586758
0.0127998008439101	0.0247973105957298	0.0300990081189977
1.65473687719813e-20	-0.00461819614752694	0.000500237540014756
-0.00589983071793474	-0.00134821446864373	-0.00584284020388316
0.028823211252218	0.863093106149425	-0.371713944060893
0.667573697973735	0.0916980017276549	0.576827215166448
0.811874544243775	0.156649275369378	0.86897110991606
0.0151217386767357	0.993689254014573	-0.276327225539095
0.860476685948946	0.0935987153978266	-0.677338899229223
0.836151675545306	0.111019331781352	-0.742021831751857
0.00275427984544778	1.05270723057867	0.0684766363247274
0.812337997229395	0.12414282018654	-0.769282755364429
0.0109064447250627	0.0541263208606028	-0.0463937423747455
0.00162928705233711	-0.00664987537799718	-0.000946332200651737
0.461006369211825	0.101857551130211	-0.493059882063872
0.709346960464949	0.0642447822121845	0.497732106051427
0.0139359253848828	0.594641638513506	-0.199866085924377
0.52129512909537	0.0494343128461484	-0.353747486324686
0.790358599115996	0.116679912985316	0.731798741766601
0.709789291450294	0.0952268978083558	0.61035885646316
0.6974110953834	0.0778890572957855	-0.54629058593424
0.000309413931154047	0.985495527075511	0.0196902681535896
0.16131874733701	0.188308461594096	-0.381444718941456
0.0174726477596046	0.565448530612653	0.2114910666109
0.0149973263248858	0.0603161171558113	-0.0543238941048636
0.0432946149498869	0.118029765007865	-0.144646524547725
0.0322437260924122	0.00328418879754158	0.00454391966950927
0.015367582967129	0.111093024279287	0.0808880293595695
0.832455172329102	0.0864878075005498	0.642039188759316
0.0150014956368732	0.811763853975648	-0.255746449940137
