-7.08792055033329e-22	-0.00779526976945117	-0.00287821181202396
-0.00761755101745306	-0.00111231505651996	0.0107849414185981
-0.00518189682863523	0.000797161909402276	-0.000475601843328954
0.00125929903092208	0.00186796540943059	-0.000633079594454094
0.000857672433026493	0.00423648108422695	0.00114455976601887
0.00911588119184294	0.00170607660149177	-0.00803632978939179
1.06369570601443e-05	0.0137581342496222	0.000738012011449105
0.011457678535006	0.00234870077414358	0.0109562633509015
0.010347645753755	0.00346838475506682	0.0125955035460659
0.000289660057272364	0.0137542210148707	-0.00471774788993684
0.0140996464625244	0.000292069783841718	-0.00494421393372309
5.3669302707187e-05	0.0147821891013355	0.00254266441860712
0.00902165397174063	0.00598422212924808	-0.0147549414744562
0.0111669579751178	0.00222068912195975	0.0101166265192337
0.00176691002484717	0.0130359253257063	0.00962155498285173
0.0117674851771197	0.00323906816540199	-0.0121536436063444
0.000583675233630371	0.0142523042711949	-0.00564401788376766
0.0132769767225524	0.00101559168569473	0.00762138463370834
6.94965050998896e-05	0.0148094012461066	0.002559794523836
0.0122087704135974	0.00151619065724426	-0.0085708025869027
0.0113576546827598	0.00194435237160856	-0.00918179171307198
0.00533059095065013	0.00157429043389363	0.00519537958164988
0.00168213819605816	0.00211364413167009	-0.00221295327010499
0.00123007907728836	-0.00138223220979546	0.000490289787173189
-0.00011045935574803	-0.00559253917690307	-0.00732041149996291
1.14576564941357e-20	-0.00922137394000987	0.000978629111254334
-0.00918065791754693	-0.00255259053048349	-0.00982738575869806
0.000288375207066821	0.0119875057267716	-0.00328681520515855
0.00857152657083525	0.00279774647599065	0.00903765133493833
0.0098732832576944	0.00443515443298913	0.0135011611432505
6.20226300318989e-05	0.0139981736588942	-0.00273375235381728
0.0115397530873055	0.00253401028516452	-0.0109947172297567
0.0106014125744604	0.00317777011400611	-0.0120341239986167
-0.000114100461157753	0.0144963116361826	-0.000195268186856706
0.0105913734920088	0.00341802156937581	-0.012267162174322
-0.000525182810337277	-0.00603966825681391	0.00736163128348151
0.00135890937484985	-0.0105197863509804	0.000612038682433129
0.00707683648985015	0.0014973285078381	-0.00653122327442754
0.009006662446939	0.00254965765773814	0.00941318597582834
0.000224502394203439	0.00812435153659499	-0.00165220666076794
0.00606321169956052	0.00196143616926087	-0.0049552356847231
0.00999951614452743	0.00344168100749048	0.0119553508883032
0.0089159833452522	0.00271069381290136	0.00963381324045447
0.0100386584535932	0.00197824579509609	-0.00895063517985459
-5.92794066622524e-05	0.0132619856442535	-0.000445414187679583
0.00211259937117228	0.00102860385022123	-0.0023107210085392
0.000480205030919396	0.00793488274519719	-0.000268731413295424
-0.000318772690702169	-0.00618002479633793	0.00759698327586757
0.00146299459802932	-0.00114953068045569	0.00277111719076361
-0.00749655942099755	0.00155057686015448	-0.0016401563161608
-5.47225052152546e-05	-0.0032329939461045	-0.00668866730393
0.0103744095997511	0.00260477624384896	0.0107450168220167
0.000182867983413179	0.0111045914633569	-0.00199866258030476
