-9.13407511179763e-21	0.00456568198269591	0.00171847374253636
0.00541279181741452	0.00440645339898944	-0.0097621322977145
0.22988744801096	0.00294246960654465	-0.0186754601539148
0.0616904276752324	0.530649380869971	0.387812079372435
0.0742763221819661	0.706009745200081	-0.528313153995552
1.98464943493838	0.101323775940016	-1.27386915033375
0.026721627588399	2.95387250492447	0.984968450365564
2.97241742694172	0.0973579701699384	1.67997475744186
2.80850750441783	0.152151074880102	2.10399070404749
0.193971441142178	2.71489334841294	-2.29418681810877
3.45406128709534	0.0258211055029995	-0.828555921978812
0.105507563736763	3.43140755261906	1.96588188066958
2.72984864821614	0.307884582594923	-2.99118554663551
2.76589329879871	0.0787666505347991	1.42310229740483
1.01152691966385	1.2823884596264	3.50929236672652
2.96143532642697	0.165422584845811	-2.17834454627071
0.189314608351372	2.84928986265852	-2.29083011795714
3.29078258844406	0.0399243983986551	0.954357588763382
0.104915815802708	3.19404251234975	1.85842676825727
2.82858866114217	0.070086391231297	-1.3254374061642
2.71679784166077	0.0809699177798	-1.43939642719285
1.18250416352172	0.0803335879257433	0.773584014162194
0.61546282524273	0.000107739325483303	-0.0840453116323846
0.0686182157216406	0.234737807525734	-0.277992720597964
0.0241653048067787	0.0521395241006736	0.0688590651984871
8.59491538049869e-21	0.00980720492252968	-0.00103534073315686
0.00560108295733659	0.00184033758058999	0.00646246200835388
0.113532397985399	2.24427598150567	-1.51501730795054
1.97995759515784	0.115953882185866	1.35430251004134
2.77240019645874	0.193304064415823	2.39710566078462
0.0618705334502293	2.90169900526196	-1.2865845495134
2.67145548736337	0.136925627794687	-1.82252003153499
2.76764255835598	0.153453954935959	-2.06288742512351
0.0125197542691456	3.38512409163837	0.578605519038152
2.70801988566765	0.170477783029582	-2.13768254584543
0.0196574981791595	0.106848480167595	-0.0959670210519865
0.000285370959863663	0.00665191023893943	-0.00248181979489507
1.13376165778864	0.156156120161902	-1.09212808710904
2.04888853027804	0.0858710833045816	1.19570849426245
0.0368853303945895	1.36337009083075	-0.619535783104194
1.22082218970486	0.0784709053916404	-0.766810223569916
2.52198198820052	0.141481491604463	1.91523138383446
2.12080282911566	0.124637348258358	1.4533103204303
2.01236039614472	0.120670630770515	-1.36529238610692
0.00195073677691116	3.00028249753371	0.216112144829941
0.350055278248863	0.33802759739373	-0.806330013113592
0.0507954443383736	1.3006425847609	0.61833484379334
0.0319175316709868	0.12362858926965	-0.125946919691437
0.0780765036866858	0.210312077002336	-0.273529513106944
0.0707463985728695	0.0024285386159165	0.0100941834799144
0.0285256007459017	0.202521901268559	0.162581303345412
2.63111711816128	0.106253618940461	1.63266021539014
0.0596969809960304	2.19862364309082	-1.06071529148264
