-9.89491189744374e-21	0.00302575860328023	0.00142555408871989
0.00385617654776855	0.00127230992104837	-0.00564864888981476
0.0912096914199815	0.000403890909281285	-0.012500080199783
0.0199211141924918	0.175488801244911	0.118414185308558
0.0153805272466957	0.238743282380701	-0.132351274558751
0.383934495014522	0.0521285191457178	-0.307732523852536
0.00262268926467323	0.531629090681407	0.0733651757588058
0.462571465320353	0.0589718052067677	0.362297405065526
0.424079139908599	0.0917862821133185	0.436324658256465
0.0206223944601771	0.524251948260541	-0.232047733556642
0.556855094322872	0.0095207541983839	-0.161086266728268
0.00733482917540011	0.585858679377531	0.13626179203723
0.380297835823904	0.15745739087549	-0.550557555168258
0.458924937263545	0.05048136931735	0.333529072808858
0.0921646590982839	0.435200527723822	0.44024812980835
0.456808201645953	0.0791233501504773	-0.412174376995852
0.0259701632471134	0.529526089812471	-0.24335355058554
0.519715835037904	0.0238205679539664	0.230269564880266
0.00777217636889179	0.571100616375613	0.134536323452462
0.48951962939449	0.0337753283637839	-0.286838322071166
0.465793327162388	0.0430301772275099	-0.314927008085008
0.27907835191427	0.0458760987887561	0.245119044680827
0.198704227392014	-0.00232693793884848	-0.0212276354885394
0.0198831075118149	0.0983635791466435	-0.0951772721302758
0.00873331653417091	0.0224216757985761	0.0277738106626288
-2.3965155988985e-20	0.00478007404553468	-0.000792626166063704
0.00424900262003743	0.00139689977417124	0.00489581466575077
0.0136956402840122	0.479262617658234	-0.177498961238299
0.359898257738244	0.0701717792537425	0.348811660358315
0.408208705267501	0.115403778314054	0.483004078742169
0.00837982339655062	0.539091886862629	-0.133640484956933
0.449949449948104	0.0674402276819223	-0.381022036109417
0.430691515539376	0.0795710353704404	-0.413915300192113
0.00185815255044561	0.553275250009975	0.0184660323646081
0.419421225161405	0.0887300362480305	-0.429848780458137
0.00804690413511725	0.0444253010690826	-0.0403396288668768
-0.000268892351360271	0.00488583399592254	-0.000521603204601402
0.260178457578761	0.0706022746426158	-0.292949497568619
0.392151577638761	0.0481544184794464	0.302323652918078
0.00814210978174126	0.353045952632787	-0.114028237164081
0.30568277600059	0.0332195897692059	-0.21737873783577
0.412006039099256	0.0877038312681083	0.422034612124055
0.377080212377642	0.0737799032143255	0.366840063866349
0.387345536161968	0.0567910146155837	-0.324461682735021
0.000202344239585769	0.525825647044425	0.00677984921504855
0.0989252316813395	0.127288125593064	-0.239912674260415
0.0092105102154871	0.329123758356567	0.114555487482778
0.00975883182399601	0.0469148931958226	-0.0424089398086133
0.0269816344050384	0.0831502172497154	-0.100697909917381
0.0290320855151048	0.000492546256903493	0.00571075297193566
0.0106996627924761	0.0803482623564556	0.063089955482474
0.436193048941086	0.0656997886598511	0.373428983767112
0.00741939824152532	0.451978326288948	-0.125739877194647
