2.77016303022912e-21	0.0152486838402663	0.00508475042212802
0.0130567484937664	0.00313616824125506	-0.0210662257150357
0.102674309728818	0.000641457850352292	-0.0127060740166891
0.0208271381246358	0.185181698053757	0.126174537686164
0.0163320473626637	0.252011637798817	-0.142102580401064
0.404232578568607	0.0534917959916456	-0.322130460198515
0.00289460997690733	0.564232611301402	0.0808191923692745
0.492623867383838	0.0605114526277554	0.382572171095321
0.452679829264177	0.0945317431694106	0.462482103618353
0.0215570946640369	0.558436224589852	-0.247993693661662
0.594330159215265	0.00991949891191949	-0.172688013410288
0.00797556170392558	0.627854685999625	0.149974370994591
0.408938291721182	0.164577937045342	-0.588212519212451
0.48822196178766	0.0518248842801975	0.350398914334336
0.101294910936088	0.456525986987502	0.474323549614842
0.484732067697402	0.0843913343559886	-0.438830533456389
0.0273036444917855	0.564559052367003	-0.256314707206003
0.553327893347371	0.0245700868993607	0.241075924594677
0.00849280722351659	0.609757175839906	0.147586081497063
0.518626653918386	0.0352038784330896	-0.302960032420298
0.49319063342216	0.0446443623506296	-0.332346355298128
0.293452256283724	0.0473753026618937	0.255635207468496
0.209869952758425	-0.00359208386976896	-0.0221843543614713
0.0203269691548046	0.10795249652892	-0.102856502517495
0.00964625120888151	0.0314227042931048	0.0402631193848474
2.36227602421429e-21	0.0188340367991384	-0.00217198736157409
0.0158963928755965	0.00458740445888873	0.0172853444671269
0.0144897954903305	0.505214266084065	-0.18793222851052
0.380233292173004	0.0720707868001424	0.36451908826418
0.437300597673473	0.119222907960074	0.512779555143976
0.00859236978778203	0.571071296905366	-0.141344305167683
0.47810013492176	0.0702419766925687	-0.40384882139749
0.458309142092117	0.0825770654753759	-0.438992187308597
0.00198168712647551	0.588197745975165	0.0238728796430586
0.445742780080785	0.0922125546531151	-0.455311479621922
0.0099228254420178	0.055882639264845	-0.0529687982627401
-0.0019953021395509	0.0186778665158393	-0.00257338230229015
0.273185385959582	0.0735793326978364	-0.30729843213641
0.41294579816705	0.0492838498014117	0.314225153300027
0.00857529610047055	0.369085083138769	-0.119194763918653
0.320618577469748	0.0341935352216766	-0.226564167678474
0.43781835378924	0.0901058059011557	0.444182618957263
0.399098356324556	0.0756097809360188	0.383229717855691
0.406442979106845	0.0586229644424062	-0.339540745793665
7.19060759543789e-05	0.557263138389551	0.00759457901855038
0.104355023639405	0.134587597584705	-0.254003758547299
0.0101013701379391	0.345096939628953	0.121505147744123
0.0115960840399961	0.0597302215150857	-0.056113784565912
0.028776285719511	0.0920103876126253	-0.112143314808038
0.041117292707497	-0.00185017898808609	0.00884022519771651
0.0117050165270247	0.0899676192051573	0.0725357567374372
0.462923479081793	0.0673310894445994	0.392386000972506
0.00773712566392009	0.476016612572842	-0.132506903896879
