3.29814920550447e-22	0.00652659597104592	0.00253305695953926
0.00584807919745816	0.0011457363763858	-0.00900642949985487
0.0421640924704463	-0.000161913489772606	-0.0052390641683325
0.00758077216524311	0.0692645508307226	0.047550324762887
0.00519807683276209	0.0932339611742925	-0.0499662586416074
0.12798729791279	0.0225918967102337	-0.110326002023245
0.000692634585345864	0.17212217107597	0.0184020950088794
0.145101776839099	0.026595058331426	0.128007525439817
0.130923000527331	0.0399962756582686	0.149299119081094
0.00599128006504776	0.169005399496728	-0.0662343699304205
0.175319146185539	0.00394954578393263	-0.0541261150876704
0.00177643628899464	0.182018491688535	0.0338724629315633
0.112843002602384	0.0647091935796393	-0.177464281824454
0.145051528387507	0.0235300106745191	0.120158642468878
0.0235610232276231	0.155863810905191	0.123586428961809
0.147166616115123	0.031867857256083	-0.139102528339102
0.00869777552245359	0.171520663828706	-0.0748859691949035
0.165113872955053	0.0110915262767416	0.0860349880783062
0.00190333683257234	0.180894727082821	0.0338146918908942
0.157132412766651	0.0147507724070296	-0.10025370458559
0.149576010642624	0.0186452448226165	-0.109824888572724
0.0983165417189946	0.0206585451703436	0.0937159336130564
0.0784923968088636	-0.00239189681528689	-0.00543996752320957
0.00746680665671477	0.0444093176449856	-0.0402289692460584
0.00401826357643395	0.0139856281688337	0.0178531396694046
2.49072087642411e-21	0.00794174690871775	-0.00116520464348263
0.0068611829321007	0.00195926686294691	0.00742735677009897
0.00415786320754073	0.159549726072789	-0.0529253706278606
0.117321134184053	0.0318251933346857	0.126942473234215
0.123991299031958	0.0495863868990719	0.162038427444343
0.00272344719744599	0.175443198744941	-0.0398805370771851
0.143077642415872	0.0283655790983909	-0.129939368883288
0.135111936216972	0.0340948701303885	-0.141417866566942
0.000528629142604044	0.178330674173302	-0.000617437123930628
0.132650093722679	0.0376015980227193	-0.146742557909625
0.00435866766294373	0.0246693147253969	-0.0238823336249161
-0.00112388023166673	0.00812833481688198	-0.00126304255103254
0.0913378675182503	0.0303715793765651	-0.108707583111558
0.129491579371963	0.0219208146587923	0.110262465799075
0.0031572857778125	0.126816560934247	-0.0412608177620914
0.109226652331937	0.0133007629438758	-0.0803317832376197
0.128767741200084	0.0392170351226952	0.146954680071395
0.119821783706553	0.0351350246432049	0.134609664289078
0.128260565702705	0.0246510538964841	-0.115853573945106
5.19183296951185e-06	0.170515999571198	-0.000479940536578218
0.0360076233051157	0.0506036072063266	-0.089077812060191
0.00265782959654043	0.118798425833035	0.037465278234246
0.00441217504511509	0.0255794562080875	-0.023500200550431
0.0101347837964695	0.0367545531584905	-0.043327362925599
0.0184008006940453	-0.000864190281174942	0.00399822800553149
0.00474894649142619	0.0361796410592849	0.0309166837683082
0.137703492888133	0.0299472399846358	0.13239959787225
0.00226548771555278	0.152819725996864	-0.0389094469747579
