2.05776429130421e-21	0.0076165263895682	0.00274897435223572
0.00781336958882315	0.00359612243093782	-0.0128314555495001
0.175792990273625	0.00151300143205181	-0.0161734357464284
0.0431832833961159	0.374082577205228	0.264076543599949
0.0461432473920014	0.508669098626421	-0.340277791842708
1.06419558914531	0.0840328137621752	-0.744420864479397
0.0129559884559317	1.54793731766361	0.336674191356014
1.43450933216027	0.0873810924704405	0.935866279471684
1.34541865011666	0.137122498155072	1.16224693537725
0.0791115265601332	1.49670348021642	-0.889357125654019
1.69801144583476	0.0166337699103237	-0.441026024797153
0.0338516226190791	1.77024507768993	0.662541829590376
1.26086234094992	0.265950312310239	-1.56238830697682
1.38836612177836	0.0726915185862495	0.823329961684763
0.38295572449746	0.959461828030414	1.57922037133919
1.39613011256279	0.139272513180854	-1.13155486115901
0.0794168680157248	1.52757576830388	-0.892403931670988
1.58779829612248	0.0342434845819693	0.559029580543858
0.0337121358557547	1.68655758595886	0.639287393493396
1.42752187404589	0.0575194611031255	-0.732832737393832
1.37206328421476	0.0717053321913378	-0.804711131037045
0.726107379462433	0.0694354751899468	0.528694035742562
0.429337901578499	-0.00108358648586659	-0.055592326900545
0.0459818558221523	0.180699492377834	-0.197791610059532
0.0183551895871337	0.0438735936881481	0.0563843094187256
5.77332553519271e-21	0.0115977083032987	-0.00136004080901581
0.00878346676876812	0.00277478951722374	0.00994236895680423
0.0450185286579903	1.30072483158824	-0.650179545146766
1.04480623455936	0.102507550526887	0.816602926855852
1.31891687290985	0.176915395162374	1.30038664369976
0.0232485165047063	1.52505305472922	-0.503186475798511
1.35390362288991	0.107273921691403	-1.0028454123569
1.33896021640337	0.129117867122845	-1.10907508434994
0.00323391100561661	1.66057300800917	0.15346559049656
1.30177740599371	0.143990993697723	-1.14869503626047
0.0158603635746217	0.0841292773247668	-0.0771842361380579
-0.000364930803534222	0.0104220793047074	-0.00215368532769177
0.685803943747847	0.125474933793215	-0.700442029210141
1.09197259988998	0.0737888149967883	0.710399062226431
0.0148057161866936	0.856999595135059	-0.314761301201917
0.76152277125051	0.0593336441848699	-0.492319583546618
1.25103910201556	0.130848576197755	1.07953804357692
1.11462945272112	0.110035308836577	0.872221161392132
1.07221969227438	0.0981568983263692	-0.793311444879695
0.000502096535996479	1.53569661578359	0.0553253818433732
0.231714058263474	0.255549110042865	-0.548218733221543
0.0292195069099425	0.82148791835423	0.344410718312367
0.0227185180577671	0.0966069177253078	-0.093985670431633
0.0573783845318942	0.159947719634262	-0.203073298031455
0.0583015393174849	0.00107059718661881	0.00962263913739994
0.020914573233993	0.155739832623504	0.122405107436959
1.31630844705934	0.0961801626396173	0.932677794153928
0.024814154022302	1.23296158744199	-0.450940498182547
