-7.37824708032013e-22	0.018938084133353	0.00608250557679864
0.0157715720821601	0.00609484662510728	-0.028468472229497
0.238845883650167	0.00277963486049313	-0.0213024066821905
0.0592855650428782	0.521691153631061	0.379935345523666
0.0697974788098596	0.695329031042485	-0.513862739113287
1.83683362644579	0.0996612629364114	-1.19097830845866
0.0201534439628999	2.70220962835656	0.821021411870239
2.67249937595787	0.0962421651619731	1.54375158138143
2.5215042785491	0.151190712900784	1.92796586713976
0.171111373993904	2.49760731889437	-2.00580398670592
3.11226315762644	0.0250024621972301	-0.750536933743789
0.0879062378751116	3.12906059416256	1.65213063896889
2.43610302028384	0.302139154935361	-2.71022308450837
2.50378034884708	0.0786121111297455	1.32004787189059
0.870429604038386	1.24745159244596	3.12607098252191
2.64976500397435	0.159422762111565	-1.96622044237205
0.167352316146984	2.60858857324413	-2.00168043069863
2.95769132891892	0.0375203427183383	0.888591115283624
0.0871022213589399	2.93030903610638	1.5716485095517
2.56883743511197	0.0679757128922368	-1.21427576144515
2.46870063242166	0.0789088388292565	-1.32112966896478
1.12295891092907	0.0804139266493069	0.753556160128206
0.60309349218922	-0.0026272144411979	-0.080592437578298
0.0646302878258948	0.241791346602274	-0.278257498269683
0.0243017791422986	0.0614032633177753	0.0814311554374625
-1.01483268060488e-20	0.0260602177129371	-0.00305318624590012
0.0190091572039146	0.00548892499653782	0.0206808043133067
0.100996130182364	2.09244235648427	-1.3570808477579
1.81962029739186	0.116741360140596	1.27909944970466
2.48648670424807	0.191598115127845	2.19196030644104
0.0550899965243278	2.65184408846034	-1.12954619811357
2.42215141401419	0.133775744806727	-1.67095500187767
2.49232461595973	0.149906326257109	-1.87898167562268
0.0100472953339757	3.05419254723051	0.460652949022619
2.4383400621539	0.166567363414834	-1.94731111381362
0.020954314616663	0.11746096689003	-0.108947634002226
-0.00187976102829251	0.0229637945586195	-0.00434701575322659
1.07538766605328	0.154773289038327	-1.04351782047314
1.89380651254486	0.0846028682777503	1.12080286869387
0.0334688280777227	1.30826341684241	-0.58553511860009
1.16811220113541	0.0765904096287918	-0.738930026524124
2.28320621045551	0.140936436174871	1.7689183303955
1.94608527078966	0.125007985499594	1.36274637091793
1.85928583591802	0.117465415174868	-1.26964812224
0.00133766196271224	2.72842792860058	0.165863426317173
0.340760971543461	0.33666637860695	-0.792170438728958
0.0487879340566796	1.24328370539217	0.570955723149654
0.0323299248902068	0.134509167289175	-0.136845649931845
0.0762432767646274	0.215612567138098	-0.280079993804182
0.0823062983332211	-0.000798281877163499	0.0140953593140551
0.0290466226464851	0.208822237409565	0.171663241754662
2.38409981769926	0.106253976169391	1.51129538266984
0.0532571593801072	2.0406990875136	-0.947900492221055
