-2.57668499538589e-21	0.0162566338784233	0.00542621135519507
0.0134127272696522	0.00333478797043276	-0.0222675340013515
0.106228038109373	0.00112944518041221	-0.0134747011891376
0.0206755744892741	0.191329341814684	0.129411950521111
0.0166143496435319	0.261735619209049	-0.149810313458025
0.420164795743396	0.0554217790057711	-0.334945532835256
0.00307142363789732	0.586024227259564	0.086631077570359
0.512872437339827	0.0617945250619929	0.395376024253684
0.471952239744192	0.0966705306619773	0.47873662499951
0.0224393374925866	0.580829076141725	-0.258446596949833
0.618273106468515	0.0103561148839994	-0.179982406800963
0.0086642792198294	0.65325935369514	0.160645015766494
0.425502717132025	0.169613220990434	-0.61173669509507
0.508216623562617	0.0526390422261636	0.36151342147621
0.10627275840639	0.4703252447058	0.495596260203272
0.502876475101676	0.0865382722844874	-0.454732920411924
0.0280492795641515	0.586024277077982	-0.266313636552102
0.575224743808174	0.0248861046667153	0.248090578828672
0.00918966277080312	0.633315292037615	0.157638714559229
0.538804187258609	0.0360282182200447	-0.314004200511688
0.512744649648059	0.0457871834972597	-0.344629543377993
0.305573763171881	0.0483057079917964	0.264266640803178
0.21605952608203	-0.00460767047336152	-0.0230617295759079
0.0201900267381891	0.11255342826736	-0.105904531822295
0.00986480248132011	0.0330395658173741	0.0422985490480763
-1.90492825039111e-22	0.020029427370055	-0.00237101731974971
0.0164476748654343	0.00471853032702909	0.0178397960997646
0.0148774033729817	0.525948929539765	-0.196632436310549
0.395842861102737	0.0737499918442532	0.377240459111668
0.456330046885246	0.121639615427769	0.531142436943177
0.00883407252678741	0.592978179235508	-0.146346759981522
0.496602826225455	0.0724157141540092	-0.419079225562484
0.476806552744586	0.08498217686517	-0.455498956065498
0.00216075852859651	0.61080080805512	0.0273657538036193
0.463115698827421	0.0949302336675457	-0.472366739200208
0.0104046152226504	0.0581050623844397	-0.055087907348969
-0.00217665698507165	0.0194357741323637	-0.00293612582566581
0.283725995854875	0.0770651629877133	-0.321272189873928
0.430262500232678	0.0497285687657216	0.323985425135577
0.00856886551704299	0.383542060037754	-0.123786734195548
0.333028127913329	0.0350424625438468	-0.235374555631065
0.455874151276342	0.0919098621951995	0.459394503152584
0.416232123180494	0.0772588293470017	0.39673880271621
0.421737606925114	0.0605361248173379	-0.352413068719216
0.000122973410704932	0.579223675565472	0.0101064108813335
0.108295881428448	0.140465924962913	-0.265294638602429
0.0104644339092203	0.358421050156861	0.12751452643948
0.0123138117698387	0.0622279754998517	-0.0587824018803586
0.0297599471815351	0.0958860439990512	-0.117918267280461
0.0431097332264926	-0.00203672192313815	0.00926736623760955
0.0119874031913093	0.0932794697685453	0.075019679799236
0.482238881987546	0.0686590811331795	0.40566477484003
0.00783614780453296	0.49488827956086	-0.138270976139401
