1.12002008167265e-20	0.0120690675703447	0.00427563353140228
0.00972970868382958	0.00204745441961043	-0.0156560179824679
0.0536334049763718	9.10991586340329e-05	-0.00669498407173295
0.00862754871705653	0.0853044226630772	0.0577121491300011
0.00615335807217805	0.117282501521772	-0.0640960941313728
0.161920790347463	0.0282548950740396	-0.13962406267755
0.00109509774034625	0.223261779678161	0.027538783940601
0.190214014687755	0.0326393305110623	0.162588031921432
0.172568385925384	0.0499169983759739	0.192700723536242
0.0076916167609465	0.221787029969633	-0.0865100049020862
0.231262411903136	0.00527810076862032	-0.0725340301011281
0.00269999928236713	0.243223141623689	0.0483558350704366
0.151131208700584	0.0832607262163658	-0.23582740266522
0.189772019080435	0.0281629440342572	0.150853567569801
0.0344464582300544	0.196946153290807	0.167878322968415
0.188767865619276	0.0429152113370601	-0.182358076680709
0.0107337045412654	0.224648545611598	-0.0920934891436245
0.215763173492554	0.013474396200786	0.105838161098652
0.00292214063570179	0.238857463885954	0.0481202464314949
0.203675547254404	0.0189516571426643	-0.130474926457026
0.193223897016544	0.0236189264592486	-0.14195313863953
0.124449856698306	0.0244495867370226	0.11518976543408
0.0961964271986816	-0.00364679740175041	-0.00821899222312676
0.008244180603562	0.0558767922245105	-0.0486069137899712
0.00491691438444171	0.0193062955636294	0.0251713748180957
4.07103108306884e-21	0.0143430439340193	-0.0018346985004757
0.0115325992137608	0.00325018480493436	0.0124148786145907
0.00511802306945012	0.206598807573342	-0.0669315822383178
0.150704129426439	0.037961648964761	0.157995385736447
0.16479390000037	0.0623026100882655	0.21132019756455
0.00346864813086315	0.228299192299485	-0.0503743819186645
0.185544569409008	0.0370722360776942	-0.170065996230356
0.17586455466393	0.0433166987366751	-0.183585975020268
0.00103114689679527	0.231431701234229	0.00557966665725127
0.171274111385874	0.0481303662750137	-0.190327489020287
0.00583375264925569	0.0328231433701067	-0.0322579258302554
-0.00193946579522213	0.0138612316062727	-0.00254743468075128
0.114976427751226	0.0371709101440944	-0.135887634332495
0.165367970029551	0.0265471224873253	0.138521706835613
0.00361851671613166	0.157383218311124	-0.0480085102535896
0.136524256990401	0.0162770304312339	-0.100319182178809
0.16853270704112	0.0479716657690529	0.187642811646023
0.15692828310122	0.0412944500160967	0.167573639107535
0.163604743066259	0.0309373240204822	-0.147684086484693
5.42369128250816e-05	0.220553880051797	0.00251209373145592
0.0451121893723581	0.0641836425341215	-0.113366745320557
0.00339970336084378	0.149290981896758	0.0487426188227751
0.00594109643509423	0.0343919913028474	-0.0326139713223436
0.0133417387177179	0.0466129146769316	-0.0569441253164758
0.0257282073313093	-0.00184649378647133	0.00579571277405619
0.00572006678655972	0.0464041766001129	0.0387670840593942
0.179719264431704	0.0363101334273742	0.167639309377769
0.00271197929304669	0.194703425022114	-0.0485803969750994
