2.41537176194193e-20	-0.012448409847211	-0.00387495409238777
-0.0109188505928366	-0.000367502732582933	0.016068133003045
0.100527782671733	0.00327772554482628	-0.011712570889086
0.0320330204381899	0.247533484915901	0.166341036352619
0.029199012584223	0.343214916481199	-0.199024127486305
0.644307679587131	0.0672299330848116	-0.482460731460306
0.0046304066780537	0.935984884030507	0.155903148483994
0.838529694298028	0.0756131584399093	0.60094539601034
0.779168347251002	0.11857654036441	0.734159058407439
0.0381123645807121	0.923386745078588	-0.459345936799005
1.00375745494675	0.0128896365114685	-0.279540988374297
0.0157330555251108	1.06025546088622	0.30900814688586
0.71648989971214	0.218268270819826	-0.965061910054166
0.821311558386436	0.0641231071505549	0.539907494165448
0.193638148000609	0.685005302440451	0.863575829687978
0.81860625820329	0.112803626921516	-0.705939182635402
0.0455296536395215	0.934052638836438	-0.46743665860139
0.934294170266189	0.0307194230933372	0.369541032490477
0.016553214939644	1.01908358814469	0.301699492521093
0.85949613088899	0.0450949470082128	-0.46846582552757
0.820241316960739	0.057589833100338	-0.517453817615558
0.452251156434203	0.0577692177922436	0.360048974585542
0.281824962597668	0.00491586549115628	-0.0392963433247154
0.0339100536403362	0.12107562477465	-0.132037189930992
0.0110973658518416	0.0154547784259899	0.019050576531693
-1.16407867415069e-22	-0.0130728239020147	0.00127176682300911
-0.0144266775969547	-0.00364537043620283	-0.0148545441303946
0.0265309364271682	0.810425698339845	-0.338892047797789
0.623043001793126	0.0871114460413956	0.538413745580441
0.759017966222449	0.151231073241733	0.820326296113103
0.0135152958542539	0.932068391465042	-0.252864856798317
0.805666620009702	0.0895649441370321	-0.638870719557287
0.781940786238195	0.107320757592607	-0.701443638699844
0.00186769131395391	0.98630581766984	0.0603251535432994
0.759812341779012	0.119749495787364	-0.726321263383538
0.00913258977860456	0.0414888735689728	-0.0330678088603862
0.00237436584795822	-0.0164074115399232	-0.000592890714537317
0.432314574284596	0.0947467474834906	-0.460293674699537
0.658604587848141	0.0633295294936162	0.470539163353702
0.0132572741262489	0.549990806088413	-0.180838107561968
0.482786545118564	0.0479935627033807	-0.32600329888964
0.738584821955552	0.112606184902049	0.690551957268397
0.663847128309961	0.0907761722259689	0.571455917241404
0.651687278553863	0.0739242525892255	-0.513147557609978
0.000115541749644525	0.922664260681423	0.0170296837965501
0.148735942759052	0.173051462672599	-0.348448102209938
0.0160344362486582	0.529261381181564	0.192693332222337
0.0130638518008851	0.0479508609617635	-0.0406941489875375
0.041215863070577	0.106908610501025	-0.127828163345974
0.0204314920992205	0.00421795537141389	0.00207601704494336
0.0133128734401897	0.0932128386422432	0.0594396404057589
0.777488998269691	0.0834089099280686	0.606129387008066
0.0137840634578132	0.759456705522979	-0.231872034109433
