-1.2282288745177e-21	-0.00601506209447085	-0.00210873264881054
-0.00572393986517944	-0.000872011062034625	0.00814697450443511
-0.00259953912387622	0.000484515695404306	-0.000581935640030824
0.000599581813050342	0.00157110107932404	0.000120271420931834
0.000244746682590691	0.00302940096953327	-0.000305181141074037
0.00445349149591794	0.0010280379296788	-0.00400574457086203
4.93422352496823e-05	0.0056235358640349	0.000752978388397123
0.00462053045605632	0.00120384921903764	0.00399774142602076
0.00404542208001326	0.00175035739628107	0.00468494680012959
0.000320021803155127	0.00526173870126316	-0.00215721267910135
0.00545986953792583	0.000206504272681117	-0.00141310053464413
8.71215520266435e-05	0.00547934950001077	0.000804820959021597
0.00326875057200815	0.00223567635975166	-0.00537891252098519
0.00477543520604794	0.000990745512886996	0.00398239355017604
0.000730947920141151	0.00518235106986188	0.00349859234600024
0.00468944099948779	0.00111897088527373	-0.00427956443606662
0.000388201693076124	0.00541843432838645	-0.00216058067115857
0.00525869638100968	0.000530057715332873	0.00272579608588769
8.98799541765904e-05	0.00555756620134625	0.000703389666724247
0.00523809300709027	0.000456448181639291	-0.00320865607034546
0.00494264124269967	0.000739737901551687	-0.00371193205249948
0.00334985535302994	0.000840569911033405	0.00325113425168038
0.00151987521351589	0.000856820062584054	-0.00100018394848409
0.000570541399159031	-0.000366454499258016	0.000254075372495877
-1.49775230892765e-05	-0.00379887031018183	-0.00502797433078098
-6.41188774141441e-21	-0.00704511230974492	0.000701521320131097
-0.00689252688458375	-0.00191449321478849	-0.00737503971482469
0.000164388352564141	0.00560553928078938	-0.00201490642472587
0.00405054362486398	0.00135985453891124	0.00456637114458481
0.00366835133501972	0.00199261791289198	0.00516248699365204
0.00022887071087442	0.00573013066267552	-0.00161116038240757
0.00453781425610624	0.00135167447280485	-0.00448773336215285
0.00423248039077404	0.00140212816725102	-0.00439440326363201
0.000185293739148429	0.00565603692138576	6.77494651500454e-05
0.00411699479827073	0.0015678195207035	-0.0047694025866171
-0.00030132167099694	-0.00404989769824617	0.00488728553614157
0.000972550987912637	-0.00793056421219441	0.000548318888098633
0.00334539156755181	0.00118549994677154	-0.00413145492477159
0.00452202437311944	0.000844818716364577	0.00405452733499392
0.000107200841091448	0.00467757918201625	-0.00150665311322514
0.00372677154832112	0.000686761291466094	-0.00297532179193847
0.00413324302275313	0.00169492477080923	0.00504657861849306
0.00400316316679553	0.00151582916902143	0.00504291353783801
0.00442440093423391	0.00108863831369306	-0.00434288866842894
0.000107158874598259	0.00560986373415722	0.000110779153608037
0.00130824038242636	0.00110755460773857	-0.0022655505389008
0.000128529718642404	0.00426206614275266	0.000937474633756843
-0.000228854219669555	-0.00408992502999195	0.00508720714629115
0.000935130300895794	-0.000395134384911811	0.000884745503218095
-0.00509812382045131	0.00116050145985709	-0.0011282312994202
1.0532127002466e-05	-0.0015100548223021	-0.00361732194315867
0.00454816960553856	0.00134308606222212	0.00442429854020878
0.000118763460951096	0.0054083053975328	-0.00132923500003755
