-1.66532929469676e-21	-0.00451355652762284	-0.00145133047916321
-0.00418343956557581	-0.000692226676392488	0.00596087451134828
-0.000720741214799264	0.000248461210898342	-0.000644201364247602
9.18768642373388e-05	0.00160077273196412	0.000706753629662594
-0.000168116015800936	0.00258213184743676	-0.00140776421326439
0.00194274985667044	0.000611997166773143	-0.00185597702013522
3.72556414397742e-05	0.00138659441430803	0.000799401172758165
0.00108712374390673	0.000503607108505484	0.000439915460504962
0.000792160795869253	0.000773794084127395	0.000694993128203114
0.000273871096956302	0.00092256277133698	-0.000831812546952517
0.00110648285932801	0.00010972146357271	0.000356502904781382
6.80290882550203e-05	0.000917563872980222	-0.000176351993308589
0.000556379516435579	0.00028386986803402	-0.000750913236764664
0.00144299228575216	0.0002740346964118	0.000779936194831587
0.000275193495254468	0.00106423068527667	0.000637664582310769
0.000963698942009392	0.000185453254504546	-0.000533167435360778
0.000207129456486844	0.000997516245830452	-0.000200550495080394
0.00116564381525785	0.00020171183799625	0.000134471088808748
6.79937198059689e-05	0.000958369010928637	-0.000293557117020326
0.00158269062766236	-0.000102266607198433	-0.00044751238489271
0.00154279691264233	8.07460795162198e-05	-0.000895548611695573
0.0022332362947013	0.000393644092973365	0.00217634137535446
0.0016234145511872	-7.21971862532992e-05	-0.00031310260498467
8.52017826926709e-05	0.00057660000370853	-0.000130766684108974
3.64263499505263e-05	-0.0023977717340841	-0.00317204920181043
-3.38141228602603e-21	-0.00522217045742965	0.000450213383726298
-0.00503047603102197	-0.0013967630115241	-0.00538180745575546
7.86487748445442e-05	0.00220428092328691	-0.00130309602066193
0.00161016809049011	0.000551640620744008	0.00217463206226947
0.000511558124083957	0.000724021728747908	0.000980690569488949
0.000272456366205879	0.00144280459863023	-0.0010000610509846
0.000891360345892842	0.000712494826079522	-0.00120405312268652
0.000908165096574796	0.000422043604380686	-0.000548763393725195
0.000272763215589794	0.00112478841456721	0.000348394804112284
0.000730565606419322	0.00056926313069283	-0.000974576729596508
-0.000127881480981372	-0.00239520337710432	0.00282845198212054
0.000631897294804993	-0.00581311907517837	0.000474106288587876
0.00131402929003233	0.0010581069316021	-0.00293993953334605
0.00211108087929772	-9.54495901418266e-05	0.00118865905806012
4.41516922693094e-05	0.00296495979122019	-0.00150254828228252
0.00242155999806137	-9.94663945883562e-06	-0.00203817109682814
0.00107322786418941	0.000707215432591974	0.0014440529051516
0.00138790156996248	0.000851644613609164	0.00252029580802742
0.00142430462187433	0.000581695386951243	-0.00189011252893195
0.000145488341135567	0.00159419407409927	0.000428058684310675
0.000942728620228738	0.00138141691657856	-0.00267816005081944
-0.000135462231418697	0.00225432610546079	0.00161248791999173
-0.000151592111428596	-0.0023620207522558	0.00301765269984196
0.000548014403253542	0.000315864351321878	-0.000664516912023629
-0.00320723420065032	0.0008130007032483	-0.000688813974146504
1.64394350828071e-05	-0.000261502845970075	-0.00138139976069051
0.0014850363947521	0.0005814418316594	0.00113388293193139
2.56350104147753e-05	0.00234040755550944	-0.000954600863242008
