-2.26626227627926e-20	0.0230719250876778	0.00714259578857412
0.0172357493114447	0.00581120142672245	-0.0317722192302588
0.178428928717983	0.00351517864590164	-0.0192529833535458
0.0377211234942715	0.348249014696857	0.237626692131223
0.0373827351165832	0.472903444425142	-0.304023294418928
0.917308132876823	0.0734301495380479	-0.645893072833205
0.0172025698479656	1.29986652874354	0.250845266441447
1.19390269015278	0.0842934169594535	0.800860544596756
1.11592147631485	0.134035835099406	0.985997570013267
0.0594943833320295	1.27344198061449	-0.704796003595569
1.416860684862	0.0159217053097707	-0.376100034061922
0.0263951289650132	1.49063858089051	0.509877864904087
1.04017050716597	0.251420904540732	-1.32947909564409
1.16816976081182	0.0647204070879698	0.704655961082436
0.303959184325471	0.862469319391418	1.28658988023259
1.15998972604773	0.132145537403228	-0.964391691267857
0.0648104678831339	1.2955863322821	-0.702346942655413
1.32495542506471	0.0320639518517341	0.48035145233264
0.0264096258209918	1.42068260164369	0.491652178692085
1.21072037291269	0.0428306670812308	-0.633587279357153
1.16146474341146	0.0590545359673799	-0.684973319623128
0.633514725155436	0.0683250644813403	0.482420336368295
0.394093849675386	-0.0052563809197896	-0.0477440295794901
0.0392978533684404	0.185698497425121	-0.18905126983613
0.0174605014685996	0.0538373525783025	0.0685592167684984
-3.21375296494675e-21	0.0289560851339726	-0.00333659152159205
0.0216835726480469	0.00613694245909536	0.0233853998343442
0.0477379866751959	1.11106834996271	-0.531739801513591
0.890902885954826	0.0947958251093844	0.712486166595325
1.0899130568378	0.171131002792822	1.11022128627342
0.0192420590507895	1.294072246301	-0.390492020398313
1.13235240046916	0.105672090673776	-0.864305384134382
1.11242523638339	0.124171877378552	-0.947288239142768
0.00465806579965884	1.38761304583886	0.116050565169302
1.08082125472523	0.138823333971807	-0.981802189846484
0.0173924566807704	0.0938869821183823	-0.0873968645485805
-0.00243696938235088	0.0261609345115834	-0.00522572155824069
0.596336420129647	0.123263405626352	-0.629105806856266
0.941043702358204	0.0627884341913256	0.612108496129984
0.0112444358645371	0.769891974954491	-0.277855399659451
0.673160419128629	0.0575060578917346	-0.449982758111538
1.05367233709723	0.123015391759433	0.914239534688245
0.944289750689866	0.103024635216423	0.756111350422087
0.919863969429166	0.0819339102735685	-0.700672203375808
0.00244349579987307	1.29236764059136	0.0227262546725673
0.212253072830595	0.245757616366209	-0.509768753028503
0.0258932880111693	0.724149119007935	0.284726155654084
0.0236176255182695	0.103947938873872	-0.101223047377753
0.0535636712086783	0.162555733314883	-0.205229642893452
0.0698942194148265	-0.00214691631219208	0.0132790766631793
0.021406035597035	0.156810627207718	0.125779718534672
1.11042629415574	0.0878636723419521	0.79621309610554
0.0210077776302797	1.05534528167056	-0.379472824666803
