8.41180101841957e-21	0.0161572235117409	0.00547299211336953
0.0131356101229526	0.00338667139687988	-0.0221929621502685
0.11222549768319	0.00146832828517812	-0.014476938908422
0.021515600683218	0.201166118587059	0.136402675302435
0.0176888989513696	0.276415019398354	-0.160536647860588
0.439491695377783	0.0574780528732266	-0.348950304084337
0.00337962749614345	0.609595428639636	0.0917882919438444
0.534042669301977	0.0635341664013331	0.408787617960123
0.491415789349071	0.0994326268283711	0.495378980610348
0.024048376795861	0.602647506271705	-0.271700145873423
0.642627915784399	0.0106427870613329	-0.184820694301891
0.00913011536919694	0.677792862472586	0.167439858577563
0.442894287916542	0.173116413540462	-0.633112883885758
0.529625133606552	0.0540374165094546	0.374368348163229
0.111148818457489	0.486883058548036	0.517519968300172
0.523866151682876	0.0882843737142219	-0.470040159381166
0.0296798218018548	0.607899141389542	-0.279498417309436
0.598464146067467	0.0255733103427564	0.256159992868452
0.00965375742052119	0.657571313691522	0.164143888047352
0.56191393528286	0.0364576918447762	-0.32433874246131
0.534938949712475	0.0468639534121017	-0.357019194128727
0.322003530626941	0.0498283239282713	0.276358983031099
0.227063220085191	-0.00512338460364808	-0.0245763139048156
0.0210922440865515	0.119270755962498	-0.111910688402908
0.0102984128493713	0.0344259125368909	0.0439734252003172
1.97847867507691e-22	0.020010423430793	-0.00247336262584364
0.0161111721118624	0.00462120799352266	0.0174738181318763
0.015839623124445	0.549566115493609	-0.209065341400936
0.414257594470144	0.0759332974998899	0.392709526588823
0.474661044494991	0.124956517431635	0.550051084041736
0.00958042989365189	0.616876748287257	-0.154952109795879
0.51674672790526	0.0746434579271585	-0.433960090800032
0.496681639665027	0.0872230427050893	-0.471234151752442
0.00264980575780019	0.635113006780437	0.0286065963321609
0.482334429746781	0.0975373093890188	-0.489283614805463
0.0108893115398101	0.0608428104515754	-0.0572473773038952
-0.00220326107703777	0.0191136588304104	-0.00307857611099861
0.298012030188908	0.0805060855177978	-0.337401036434896
0.450360278850003	0.0507556608019258	0.336836731418881
0.00893630599217632	0.402991051750558	-0.131731263806879
0.350435213352917	0.0360435516607045	-0.246275993682122
0.475473385390494	0.0946148267709626	0.476997285851252
0.435544613334821	0.0796635872957733	0.413498818429933
0.440840295042375	0.0626945146119646	-0.367184801345063
0.000420764457661541	0.603421780999417	0.0112531828517245
0.114295391681105	0.148313951236919	-0.28080959210184
0.0111718279567669	0.376338138853654	0.135842415399383
0.0132620074260269	0.0649977190982281	-0.0617964809187277
0.031631869955298	0.101885134831824	-0.125836005881346
0.0448209781100582	-0.00197654708630408	0.00948036140350097
0.012630024988223	0.0986630404784399	0.0791705183474163
0.503209024923804	0.0707355642405561	0.420789358183177
0.00838485260791484	0.517151622087947	-0.146123318625915
