-3.18451571456141e-21	0.0143131973370506	0.00495804316528259
0.0122617545615486	0.00304088459652797	-0.0200626170423969
0.110258976422074	0.000911005021510067	-0.0139731514353316
0.0222503167279806	0.203234678091158	0.13814482453692
0.0189294683186791	0.280094302876693	-0.16336668697474
0.458919197845999	0.0589048727991664	-0.363468810522513
0.0035463688857968	0.643129670689748	0.0984227734733093
0.565475997019603	0.0648697962429655	0.429517436854792
0.521309957627002	0.101702643495615	0.521299753224841
0.0251831950071771	0.637079988138721	-0.289210076115402
0.680143799052186	0.0109814071453477	-0.195770735069401
0.00988505291788269	0.71723574398721	0.182644264080742
0.469924444211187	0.17940841447196	-0.668860770764796
0.559502146826633	0.0550699378167461	0.391488945000674
0.118953850164551	0.508618936009697	0.551476948740981
0.553246455006923	0.0912909959839427	-0.495020631144492
0.0309985956632392	0.641969923184033	-0.29698572961337
0.632803885903112	0.0260563806163995	0.268383632740898
0.0104417979857579	0.695138574914118	0.178729730349654
0.592709123251658	0.0375567595888507	-0.339915728634387
0.564272096408923	0.0482918442813646	-0.374781905754199
0.334467049849869	0.0503156396544368	0.283751952959668
0.230044175135153	-0.0040397385742776	-0.0259469424984804
0.0217929972189247	0.116367262864013	-0.111369793170806
0.0102149413823852	0.0325403268735493	0.0416594000682188
-5.23102121499893e-21	0.0178929606830291	-0.00224807939919057
0.014891660067067	0.00431912145855385	0.01622805414029
0.0168744078009316	0.576727846859429	-0.221473842272871
0.435226274781197	0.0766411164174206	0.406639103054667
0.504353945624221	0.12805868312838	0.578978469252895
0.0098074570206463	0.649682776874328	-0.163539578207364
0.546147450309281	0.0765884110427332	-0.456230659600756
0.525795273440503	0.0898839111560035	-0.496544488672038
0.00248776736583074	0.671022133269353	0.0322197167352434
0.510394003294819	0.100465789810058	-0.51502799180922
0.0104075722831758	0.0580976553651508	-0.0548509459417194
-0.00195306540394589	0.0175441279884291	-0.00250371396314535
0.310873355534969	0.081165400717889	-0.347615846110562
0.471113621143425	0.0526483849695436	0.351637220310542
0.00927951591746702	0.413898226403313	-0.133972547438928
0.362223483496961	0.0366556308488433	-0.252215459135607
0.502847249413421	0.0967621105610876	0.49985459980314
0.459026212269173	0.0806613790154761	0.429326329191292
0.462717050443763	0.0641906648273645	-0.383265481424112
0.000332794375688735	0.636245389589074	0.0140058572292279
0.115617926086329	0.149040926808266	-0.283304768102469
0.0115592882337537	0.391107226776047	0.14141361156091
0.0125655216846181	0.0628817472420619	-0.0594262855747988
0.031740582646787	0.0999238692458512	-0.12326089997401
0.0425039671560788	-0.00163474379732809	0.00893192299096961
0.0122264789616814	0.0973000424704681	0.0774175852349808
0.531771187247661	0.0721161251891465	0.440480823360645
0.00882867305808102	0.541666491681328	-0.153886894040034
