-9.8816043780082e-21	0.00380414815779612	0.00165496268895999
0.00451133807632782	0.00138930529822397	-0.0066563082865934
0.0915855448130411	0.000374878798841595	-0.0124216077697222
0.0199974664363698	0.175454806479172	0.118525381427328
0.0154473088874404	0.238555583540212	-0.132191760060254
0.383513511938188	0.0519518305531721	-0.307309410705828
0.00257361294376506	0.531476411581198	0.0729777420747954
0.462447292746116	0.0588469955252957	0.362491173194794
0.424015021712699	0.091562480365234	0.436422999497194
0.0204997545220395	0.524233225802179	-0.231893873850087
0.556771121774803	0.00948264112450106	-0.161336983177219
0.00729478070832581	0.585829831386905	0.136377690881717
0.380295171367102	0.157454251399921	-0.550578463028352
0.45864511541937	0.0504438029150155	0.333553350576442
0.0920680878426424	0.435212343207235	0.44006392106614
0.456801304161177	0.0791219726122938	-0.412147062391304
0.0259796772712284	0.529484447846599	-0.243555104837391
0.519590438812669	0.0238005228028929	0.23054999070497
0.00773470309358747	0.571095193838603	0.134716831492967
0.489203417015956	0.0338098890653619	-0.286776449875317
0.465508537806923	0.0429846426124037	-0.314781497063648
0.278789741884767	0.0458636480590002	0.244824341913701
0.198735836119259	-0.00229419438914396	-0.0211791237712091
0.0199434763824092	0.0985400083317056	-0.095409431916817
0.00876884188654994	0.0229070510238844	0.0284418082519328
2.24392090145965e-20	0.00567152849296536	-0.000869139479645335
0.00506951842109884	0.00162294575493922	0.00577073574046761
0.0136920556983856	0.478827288262237	-0.177177857371093
0.359593335248585	0.0700772321959648	0.34837723633217
0.408245632798183	0.115190461430557	0.4829909382106
0.00828049603041339	0.538783207610885	-0.133325501318459
0.449929219411852	0.0671910966068595	-0.38075488345175
0.430641479963579	0.0794319616003012	-0.413955778187114
0.00175575243581176	0.553232154295082	0.0181246893743878
0.419467584571129	0.0885416174926821	-0.429744756862484
0.008114532857477	0.0450091678315736	-0.0409726552453543
-0.000371836542397864	0.00583870672569399	-0.000613893606364432
0.260023128365947	0.0703562590571619	-0.292352270682656
0.39163149883214	0.048219354551887	0.302158330041102
0.00816564020015778	0.352471151725992	-0.113736305136123
0.305338967261342	0.0332100492262506	-0.216974559042081
0.411804854994629	0.0875312763494985	0.421793716286004
0.376815412572362	0.0736560438129617	0.366354792051492
0.387039238470429	0.0565826418395396	-0.32394931124683
0.000144136158406753	0.525552822747145	0.00655856770664997
0.0988744919533751	0.127132489680612	-0.239588083449083
0.00925173614012321	0.328858979144252	0.114325012446685
0.00982172741174252	0.0475171277059148	-0.0430772078517286
0.0269860265280381	0.0833518949976297	-0.100825726518033
0.0296872005893047	0.000344420364604863	0.00587743098085544
0.0107452627015429	0.0806238296779337	0.0634444670508629
0.435885057434466	0.0655696852059137	0.373313984706916
0.00739827044580159	0.451545181422414	-0.12554156924956
