5.6700730735314e-21	0.0199811000310608	0.00632861349619812
0.015599169379484	0.00412950313634421	-0.0266385090281782
0.112433079964808	0.00188616193582376	-0.0143219720623618
0.0210971761416472	0.199055345220325	0.134310017202614
0.0172333962820769	0.273074254016185	-0.158159523286707
0.433109305713971	0.0569406552362311	-0.344536108746345
0.00333839975503106	0.601631054543203	0.0904892435733174
0.526997553139718	0.0630715888952311	0.404021004185283
0.484940290435247	0.0987070630315011	0.489736893527044
0.0235663954400617	0.595440433036749	-0.267229456611132
0.634694591918873	0.0105535757992554	-0.183112381915663
0.00897967435839853	0.670190523390376	0.165056907063075
0.437470291148894	0.171937205446863	-0.626383804656425
0.522549018358726	0.0535930954606876	0.369747462384439
0.109898233935988	0.480966824159459	0.510715520851108
0.51656438434558	0.0879348357238129	-0.465411159209937
0.0289982956967453	0.600848888147969	-0.274191349996162
0.590750270368849	0.0253827065934834	0.252936959857679
0.00951206427834646	0.649680753914301	0.161882485150478
0.554057846707809	0.0363021266808445	-0.320868610839071
0.527409117319434	0.046517581374709	-0.352812282324168
0.316834670782426	0.0495195886632565	0.272590981056565
0.224297422457481	-0.00547687527444728	-0.0238593676490211
0.0206849050031987	0.11980951642011	-0.111074486657133
0.0103989040770113	0.0367465805059573	0.0469497923314342
2.3453911736126e-21	0.0243253251900145	-0.00263172790921315
0.0193264915713053	0.00548016779101823	0.020858921609376
0.0154847429718255	0.541675677838765	-0.20486543047683
0.408034831283701	0.0754564895879996	0.387697919976068
0.468595902694069	0.124061288622431	0.543879997323444
0.00939274338368322	0.608822764728673	-0.152106428078007
0.509815956529852	0.0741058457343605	-0.429275062940453
0.489931038705028	0.0866040962391367	-0.465962592980667
0.00255782942099128	0.626893424419751	0.0290075729507729
0.475613893210366	0.0968596896349534	-0.483749106597493
0.011346356567878	0.0629312226672377	-0.0593869534370485
-0.00251649799690969	0.0229541876106618	-0.00398408904749539
0.29330060763004	0.0797900966964283	-0.332748620124792
0.443903684370399	0.0502661183665659	0.332312808760366
0.00878319912194103	0.397309366967121	-0.129418108173911
0.344987368553752	0.0358494879011335	-0.24316292730037
0.468817760148001	0.0938297600961413	0.470978717457963
0.42897628280979	0.0789953406838207	0.408010074002656
0.434258563036722	0.0621293401077439	-0.362400617792641
0.000367798945850056	0.595240784644402	0.0112004006056608
0.113115869929497	0.146951432562502	-0.277688663269367
0.0110676106938735	0.370602192297653	0.13307313495781
0.0137106905699026	0.0670857214504793	-0.063955982169193
0.0315112491780349	0.102103325314391	-0.126112826071499
0.0478879553963561	-0.00263653332997976	0.0101498073008118
0.0128763748451037	0.0987107666071348	0.0790484014779688
0.496210602548288	0.0701551664736229	0.415539535930206
0.00821615923646178	0.509678978911172	-0.143379384441557
