-2.49520937964335e-20	-0.009912938415071	-0.00281541846542656
-0.00812819277693235	0.00122061857882202	0.0118469752113215
0.158283284238377	0.00406377897920827	-0.0141510155398763
0.046834913973092	0.389336081340004	0.269223576807287
0.0507797578499215	0.527001966435055	-0.352747982012801
1.2070506768323	0.0863482593639367	-0.82608885599256
0.0153757483849762	1.77230424810025	0.418420552193707
1.67046618386014	0.0901497028946006	1.05838726722401
1.57053824170445	0.140724128435933	1.31610517363289
0.0934259508531529	1.71159719029949	-1.07543757148575
1.97133128259904	0.0177013099097444	-0.506176615088618
0.0428830641065918	2.05293904714841	0.836142549874321
1.48861548480735	0.277453410337391	-1.79794529958909
1.60070425190957	0.0746538629915677	0.923310540743765
0.471467448096856	1.03562403794504	1.87729352166389
1.63048023095839	0.147559056273371	-1.30020054914019
0.093652630632566	1.75704990021895	-1.07892980595914
1.85065050069038	0.036039240122036	0.626198981450005
0.0429012679244349	1.93901135198113	0.801601232206105
1.64215575668652	0.0604526404008028	-0.827255443254894
1.57868353945375	0.0749208314422016	-0.907449390359458
0.789806284931161	0.0710488743888648	0.562008464699732
0.445653245834553	0.00397314001499696	-0.0610938784814644
0.0522609319101917	0.176701944936368	-0.203732740404065
0.0172401724880045	0.0298818181355011	0.0381462639632447
1.26959419433891e-20	-0.00879989337063648	0.000865324215601136
-0.0113398018295149	-0.00266139433410748	-0.0113434024771464
0.0540002279390784	1.45830001667799	-0.763520218852148
1.19027641658313	0.104629259559939	0.902363493170504
1.54356115035483	0.182016282119484	1.47747842812026
0.0273526551030153	1.74474443096253	-0.599034968379088
1.56026263513269	0.111157492299027	-1.13323261858352
1.55922132111043	0.134423898278058	-1.26274095863375
0.00368770725931638	1.93012946156253	0.205640919998982
1.51896712585397	0.149005737246818	-1.30651210748006
0.0141749206481036	0.0691784604542214	-0.0586801308240942
0.00224961766210492	-0.0128980867389083	-0.00124365235705599
0.755741054256679	0.128450423629353	-0.759938077324503
1.23873540372069	0.0771443646936633	0.79013359751468
0.0184888906437613	0.934122144595172	-0.354673427378729
0.825231762213021	0.0652716734022211	-0.532919776973458
1.44640377547685	0.134214063217279	1.21084407857399
1.27018727328444	0.11177266687222	0.964649977686856
1.21966319567692	0.101459520307795	-0.88392990325013
0.000584369306228504	1.76389718714164	0.070500646814547
0.24674839560526	0.25805843742819	-0.570465466107523
0.0305023286133083	0.894951687049116	0.3764844782367
0.0219638487205186	0.0807485195147127	-0.0766499683087099
0.0606144622975768	0.156318236603952	-0.197066649298864
0.0402030642499181	0.00476086228422358	0.00450332671044477
0.0203737176492048	0.143703611163238	0.101634657925761
1.5181250593257	0.0985336035699057	1.04566326891461
0.0295651473643771	1.38962733085367	-0.529799422959613
