-8.29586605339566e-21	0.000659777165157054	0.00028919449429107
0.00170528337827015	0.00113802011313616	-0.00220038071347521
0.0845640827752708	0.000554735058077593	-0.0114772015014275
0.0202034779103681	0.167334921009135	0.112254680533832
0.0157002830172183	0.22733327172646	-0.122693405687009
0.365416357777426	0.049351945686905	-0.29267761597535
0.00207025993676563	0.507896474606519	0.0650552729775824
0.440663549914227	0.0567954491922933	0.349801063079429
0.403722717699014	0.0879875995442135	0.41921499743541
0.0190412075674543	0.500564456469729	-0.220020755773171
0.530627384439404	0.00893460330486728	-0.155010151654081
0.00660799647488474	0.557163252551127	0.127762819038582
0.361165180457077	0.15221280875799	-0.524953412804646
0.43641809387969	0.0492765877450051	0.321787783607555
0.0856369430117867	0.420138277875498	0.415684786148165
0.437435913862996	0.0758498660178062	-0.393692897847484
0.025242250200529	0.505388406668942	-0.235199153904241
0.495546809325831	0.0231972612794181	0.224645678140347
0.00701868753495797	0.544943393893374	0.126744657182475
0.466513958050024	0.0330234270766576	-0.274924199478056
0.443999985877121	0.0415744404349984	-0.301202384411357
0.265570042559855	0.0446516536478944	0.23379820175137
0.189585702891848	-0.000118950554949004	-0.0213310500882676
0.020437222107664	0.0922679200386539	-0.0908055242913767
0.00847242357468949	0.0197018976064473	0.0238065431914157
-1.8620710716147e-20	0.00187325341454218	-0.000210501383583575
0.00155853618773886	0.000654769016871353	0.00202542609100139
0.0131496966746048	0.457215580323909	-0.167272887417129
0.34283747927402	0.067818000228139	0.332919988473862
0.388599210251782	0.111025332760368	0.462528604319756
0.00748561091217492	0.514226820060843	-0.126093654370937
0.430486278530686	0.0636084717421434	-0.363313652810721
0.411193022119738	0.0762454278043559	-0.396617491693314
0.00107316434733755	0.528772982059625	0.0125466591607831
0.401479930065798	0.0847061436431336	-0.411104228321043
0.00750416354321602	0.040171014465008	-0.0352509859240338
0.000405098260071999	0.00179258391842319	-0.000401747818393983
0.249450943117851	0.0659175430716229	-0.276689271415456
0.372021784237747	0.0479853729599843	0.291871420325931
0.00805414669651506	0.335352008224312	-0.107160755426963
0.291008730068758	0.0326928861085855	-0.206192580803604
0.392172694797818	0.0846111794190745	0.404364482900564
0.359445644373433	0.0710531938061115	0.350081041488124
0.370542088053247	0.0535527637693884	-0.308623645015757
-9.70581320868778e-05	0.501450808207267	0.0035079091633275
0.0946353091477643	0.119941321093167	-0.225834226489383
0.00912447396284564	0.314871884297301	0.106865040132914
0.00923140580752843	0.0422438405864308	-0.0371002869629147
0.0265823326572461	0.0781328541856802	-0.0928274425631677
0.0252746471229047	0.00120002261826451	0.00455036547798044
0.0104952572938159	0.0750168975931225	0.0569936350575502
0.414598689257083	0.0635076798642782	0.358825669113502
0.00716040537768024	0.430863560710715	-0.118769880405796
