1.00179526264679e-21	0.0202080142484668	0.00648154732281269
0.0160139314106768	0.00617629957470768	-0.0298826181877794
0.239145137940227	0.00346534665994778	-0.0220764030521723
0.0573102513527831	0.515251106522897	0.369319004360991
0.0663771766399059	0.685923839928017	-0.498684992890112
1.76052534048491	0.0999920214013743	-1.1509610866973
0.0291481977572885	2.57189853874841	0.765442567513544
2.52892868519233	0.0971421268305364	1.47891299206472
2.38493309897544	0.152794712605543	1.84809342866575
0.159050912651386	2.39914617911524	-1.85574669384701
2.95002381717115	0.0197476973069353	-0.718153800958485
0.0785976305677623	2.98747794335848	1.5314212871148
2.30301576555991	0.29877755443336	-2.5868552874442
2.37668044129232	0.0804907227337998	1.27066788879232
0.811414754588028	1.22935876155471	2.95155267295544
2.4961295860152	0.162215977593111	-1.88093021813425
0.155655326348609	2.49891174442302	-1.86075933671995
2.80095069776248	0.0397322931008859	0.854488382035434
0.0790844860769884	2.7938595712044	1.45221584714332
2.44186122163224	0.0671067035688533	-1.16349829998142
2.34419425065144	0.0817453598572346	-1.27032682884817
1.08552741297999	0.0803323174600581	0.738064366679903
0.592242349158426	-0.00342984093903043	-0.0777169868988647
0.0627694816157882	0.243073484034958	-0.275622291092057
0.0240245383304465	0.0626559551612067	0.0824487900401421
2.03771068268728e-22	0.0272227713235935	-0.00335560053374796
0.0196123352581922	0.00560337163374473	0.0212404435435491
0.0933230165382966	2.01664859353331	-1.27052646455287
1.73928383552058	0.118230995998391	1.23853962353086
2.34729080171302	0.197358893535203	2.09131732715387
0.0480035367062409	2.53354325646792	-1.04428630581227
2.31074456706826	0.123171058417358	-1.58758955718726
2.35956747334762	0.147895139255758	-1.79403461849017
0.00828204888405395	2.89712974104484	0.424677416993225
2.30770535124687	0.164283673557711	-1.85919601125915
0.0212099818035195	0.118741057588734	-0.110059793280472
-0.00204939854377991	0.0238564281050924	-0.00479256830174033
1.04004906020697	0.156793882256907	-1.0199643959132
1.81614550867416	0.0837930587317722	1.08040258921676
0.0312114572002589	1.2756115372173	-0.566627945894608
1.13342226970825	0.0769095912780551	-0.723740831160187
2.16652783532725	0.146719845262672	1.69064497898995
1.85714446870258	0.126542206961938	1.31598468834255
1.78011007301167	0.11700949625764	-1.24037288120929
0.00164202753346634	2.59621591910669	0.155905178512502
0.335108486259856	0.335989426189947	-0.782321254090442
0.0475458040078476	1.20884699665866	0.538080036414734
0.032648811166947	0.135066444662179	-0.137183598065079
0.0751982097247377	0.21582961323285	-0.279964827003372
0.0832992852189544	-0.00107404946542415	0.0145682551711988
0.0293234672939948	0.208762602875844	0.172165316069341
2.26342600038916	0.107629393969824	1.4519102143951
0.049549002497903	1.96256719063571	-0.883484831077111
