-1.74724904528206e-21	-0.000332372156500813	-0.000106847209278107
0.000676249591773478	0.00159541285609651	-0.000939890648621167
0.113151684928811	0.0013042929030434	-0.0124567564717299
0.0287217412934365	0.231595285878468	0.1604052222736
0.0251003162336021	0.320781026337031	-0.188101931319394
0.547627152565273	0.0638459241970471	-0.42266053701727
0.00419658277476136	0.777165894083203	0.125206201038779
0.689774173439973	0.0703929065125739	0.509356918136818
0.638505546136473	0.110547721025727	0.620361719420452
0.0310550262481764	0.768596910557989	-0.365129014270226
0.826677546089117	0.0118270144399644	-0.233514722452471
0.0123877120995675	0.869868259767731	0.236982413085928
0.578383831224311	0.198944310937676	-0.802640435751949
0.679492475236866	0.0597312194091339	0.460901092044692
0.150688056258641	0.59443515677462	0.688716309685605
0.673888810697155	0.101574439735737	-0.590108918192685
0.0380905383949924	0.773798518093938	-0.373847505530118
0.769136574186066	0.0284439352968812	0.316266505060466
0.0130427747390049	0.841559165664389	0.231981171826527
0.716473393098572	0.0412380407898968	-0.400302084036815
0.682500755366837	0.0530480630051416	-0.442069338267616
0.39973451114382	0.0541257187584463	0.324707537769028
0.264925500986922	0.000613941460658669	-0.0330793917034879
0.0288589683718349	0.120516298021217	-0.123538583306421
0.0117056445393505	0.0256399719260422	0.0312780700369883
-1.81342528034627e-20	0.00100954620736723	-4.99090370433039e-05
5.87601454389419e-05	0.00028302247530846	0.000494699051106846
0.0212434905030291	0.689993171478375	-0.276095381230078
0.526878285540157	0.0818225482487934	0.470358938244957
0.619400446388517	0.139813365076806	0.689900900856327
0.0114911279462672	0.78110338025543	-0.204569839705578
0.664086991498196	0.0833357640397791	-0.540481710480938
0.642249724768776	0.0988517437375989	-0.591642812035329
0.00234666698442607	0.813890758666843	0.0427278376803426
0.6235261192161	0.110516874508397	-0.613043384524069
0.0102552623598627	0.0520184626221273	-0.0458166379333344
0.000799423011560454	0.000191107694469326	-0.00115338263714672
0.373962762165219	0.089615025770048	-0.40813498157744
0.5614383535812	0.0577875271940154	0.408128137730472
0.0113948719384311	0.482324884253823	-0.158104700886839
0.427337400216721	0.041181758279904	-0.288466819108253
0.611475355699297	0.105219007202605	0.590310442056234
0.55721600706424	0.0867755003729052	0.501362239875801
0.55207057712182	0.0697985427926671	-0.447047696196106
0.000346149154971587	0.768179731624459	0.0171529312453793
0.134710903916368	0.165585088106805	-0.323142803370301
0.0146514611565509	0.464838995301603	0.172946538676116
0.0137642809659929	0.0580131334121683	-0.052955724850043
0.0378680491342498	0.106822397501488	-0.129637472869781
0.0333093982871032	0.0020868312616805	0.00535891451854373
0.0138601712744821	0.101364211115709	0.0755273524936177
0.645154692803232	0.0780013211094877	0.518583651012347
0.0110596959314378	0.648697092937007	-0.190182118291705
