3.96242536941619e-20	-0.00261158333397178	-0.000827601649474585
-0.00142530652141008	0.00262817765014744	0.00145718858958335
0.169150886508975	0.00279755965767394	-0.0150109625164399
0.0457670211378824	0.387977190955034	0.271216887346837
0.0491798450444167	0.524122014539619	-0.350313662823384
1.16001915432372	0.0859590192577773	-0.800715786997829
0.0146929121036669	1.69723904993607	0.392451953033072
1.59045743680772	0.0892271012710966	1.0166245927399
1.4945375663105	0.139575583774595	1.2641356398185
0.088094464662656	1.64074134296712	-1.00947409181029
1.87865956450798	0.0174048025595044	-0.485444332870447
0.0400946338004909	1.95625375950635	0.779335887893756
1.40977297573362	0.274343844157957	-1.71917228277608
1.53004688273678	0.0739880054435074	0.889475114203717
0.44096897049546	1.01001976876997	1.77488047681423
1.54907500621687	0.144915457418985	-1.24318948090367
0.0882232084613591	1.68002273428391	-1.01218737003062
1.76084689220508	0.0353900351793668	0.602942552305394
0.0400576936447931	1.85305255220269	0.748808293322053
1.56980243466347	0.059627347995293	-0.796464662738006
1.50917249553295	0.0739372515347168	-0.873899821290878
0.772594603835995	0.0706477543264168	0.553092251041169
0.444852010441625	0.00188842407061799	-0.0587033281578165
0.0505400125163561	0.179937998238312	-0.203361398419691
0.0181212797786054	0.0365635105672699	0.0462191666288833
-4.21581373072188e-20	-0.000209609248939818	0.000178252955077023
-0.0026849121839078	-0.000442820288667947	-0.00237902307079835
0.0506456939476501	1.40694125485201	-0.723959255976742
1.14288733138128	0.104121110135477	0.87435062769401
1.46800377551907	0.180205195834651	1.41732393623274
0.0256187436951303	1.67171947525509	-0.563330303562342
1.49096227069495	0.109917604071311	-1.09055499978632
1.48392992085514	0.132902605588339	-1.21175996710235
0.00350346162808431	1.8377322260604	0.18984024868439
1.44420293664567	0.14763253635303	-1.25406923468198
0.0150477078369613	0.0765246691040622	-0.0670426528446093
0.00145003595373916	-0.00295001137982769	-0.00185427269648277
0.734349064053947	0.128390685656578	-0.743120166708969
1.19115220854079	0.0758927514879468	0.763248215710338
0.0171326626450449	0.91140069624693	-0.342617029176766
0.807606836010521	0.0630103199134789	-0.521450654891672
1.38116834988226	0.133056574365732	1.16661810569114
1.21880965187086	0.11149257549054	0.934801057466512
1.17061870525196	0.100675350573017	-0.855273176544429
0.000551654379686338	1.68756221495555	0.0674862850454863
0.243950342986093	0.260009407765584	-0.56906413037776
0.0306903821986211	0.873278114991476	0.36912957928623
0.0228466858154041	0.0884563711450816	-0.0853430578798509
0.0600114700710916	0.158850396168106	-0.201199044084316
0.0486602758016423	0.00361177720206917	0.00646573363342404
0.0211674954638376	0.151603666475262	0.113691499455187
1.45095432120997	0.0977179979477625	1.0075780629295
0.0276891354860116	1.33895482874516	-0.501937980881529
