-1.3529763353492e-20	-0.000845695519136304	-0.0006855993740527
2.90101797919152e-06	0.00210377031986331	-0.000132372849993029
0.123382089346966	0.00193426276271595	-0.0137268478639972
0.0334786554574842	0.267200503304931	0.183176896229719
0.0301147714912673	0.36529033436952	-0.216314171887916
0.689807532146981	0.0696107399325854	-0.51176154548073
0.00509640805481828	1.0004814367791	0.169289618640431
0.899322282012648	0.0779119790200465	0.63692963442996
0.836519681099575	0.122116727337065	0.7788329895763
0.041478584730881	0.985240560877441	-0.499347544515435
1.07591282457184	0.0133940849709604	-0.297076960016689
0.0173003842292365	1.13879072153292	0.340101866260544
0.774202542213094	0.22499256953312	-1.03088874978241
0.879489518808955	0.0660224013910226	0.571590408100727
0.212412122896043	0.719223200113799	0.936018559821938
0.877828034492538	0.117226189984813	-0.752139236554964
0.0489305945240246	0.999134114092409	-0.506241507222251
1.00195318033355	0.0317190017864112	0.390069462380993
0.0181906914201209	1.09082199212647	0.330984917529455
0.918835761667534	0.0462098664191377	-0.495275485291571
0.878006135855225	0.0590274225353461	-0.547890220637823
0.482857588488788	0.0605038746312495	0.383376606678745
0.305114892760504	0.00239038905026086	-0.0389794876118866
0.0348839029422455	0.134850719342445	-0.143384670209379
0.0131498032305344	0.0272446096905461	0.0330632422576947
1.77713283155028e-20	0.000621479882704234	0.000315736310980777
-0.00076030275654696	8.2375501252104e-05	-0.000338488670805938
0.0289016144688778	0.861293906797546	-0.369366570131232
0.665839956487184	0.0907017516769664	0.57233042988118
0.815795570279885	0.155933408968711	0.872441886111845
0.0147083580585327	0.993787028426158	-0.274851288467739
0.863060600640784	0.0924159798286482	-0.678014433826409
0.839086256881449	0.110475423848751	-0.744710901956528
0.00220447100077065	1.05666398465808	0.0683292585904332
0.815536850575249	0.123318110163125	-0.771325184166591
0.0111190865773708	0.0569366179607278	-0.0488271523923126
0.00132302589176359	-0.000671330107786251	-0.00138092184148069
0.459115556102736	0.0995605997567286	-0.487758659490166
0.704842394999653	0.0648041508292637	0.496943084502856
0.0140968895371172	0.587821879005302	-0.196391183368799
0.516088884531023	0.049564537327263	-0.348704497049137
0.791230398893045	0.115932192233379	0.731503369454461
0.708964616451065	0.0940931677677439	0.606257250518795
0.695418136692906	0.0764657420752186	-0.542755777749708
6.83916084124579e-05	0.986566044259896	0.0183421305254943
0.15970732560158	0.185187444982838	-0.375308578391775
0.017489839676107	0.561841675198342	0.2080289561667
0.0153318686998886	0.0628132238960303	-0.057016310288753
0.0431420116234668	0.117833544975305	-0.142812987495034
0.0353729839339244	0.00272322048867791	0.00508929150781944
0.0158460346652808	0.110870291163349	0.0813902770774773
0.832883625954827	0.085965018550985	0.642298822198839
0.0149824769856022	0.80913264368306	-0.25369301481929
