1.24007071232166e-20	-0.0105210306489914	-0.0038572913235095
-0.0104593897555764	-0.00160148430444465	0.0146771967537342
-0.00797276450145278	0.00113852605728004	-0.000516953790784528
0.00196598110154417	0.0035819190860951	-0.000510955999399799
0.00148454852761198	0.00760962132811117	0.00129073700169561
0.0155888222300028	0.00279941473822652	-0.013524043703483
4.35945767394985e-05	0.0233246161677096	0.00100329389239032
0.019419076693284	0.00408973596231858	0.018637739552657
0.0176070705793878	0.00582777804429862	0.021157317262687
0.000552420116634108	0.0232267352236001	-0.0079923402498618
0.0236441838966673	0.0005407222535737	-0.00832870252322845
0.000158232065619386	0.0245870014414596	0.00450256588025639
0.0148440175868532	0.0100389183705225	-0.0245302147353199
0.0188769456820929	0.00386416381269613	0.0173101242968048
0.00278076675061097	0.0222478995790542	0.0157939163815174
0.0201965648844134	0.00500867477890525	-0.0199373766059509
0.00112593385717512	0.0238025188514532	-0.0102399212052752
0.0223818823405734	0.00185329084991917	0.0132223360903987
0.000173942366108664	0.024664828745622	0.00457061122196231
0.0206696249626375	0.00255980842135801	-0.0144051104456247
0.0193518331405798	0.00326305849970204	-0.0154259696722636
0.00907461144038384	0.00268061441827132	0.00894218675538401
0.00336080603609102	0.00322608478836671	-0.00354318917706577
0.00203281777053019	-0.0015534869217251	-0.000299331166502739
-0.000240836107013358	-0.00799923383560767	-0.0101575223262795
6.66909867472781e-21	-0.0124848214093416	0.0012551825275621
-0.0126024805548462	-0.00351099224388342	-0.0135013600444328
0.000522706883881067	0.020588011860848	-0.0056032602713535
0.0146182300632806	0.00473133654200662	0.0154253944082297
0.0167226765138179	0.00732793102190318	0.022516594132546
0.000114175423187175	0.0235834991407996	-0.00448103570399943
0.0196442543159776	0.00400933222020396	-0.0181348371353436
0.018138670175942	0.00534084185182764	-0.0202852446252984
-0.000164533438050052	0.0245337877306897	-0.000857028375960806
0.0181873390360116	0.00565353617599565	-0.0206013650227211
-0.00076951888510625	-0.00835354872434632	0.0101582707435498
0.00177554993759249	-0.0144145846591014	0.000772424812375564
0.012071930084312	0.00250467834636845	-0.0109423947858074
0.0152731883192112	0.00442994068483237	0.0161287220610306
0.000391608814755758	0.0139335023123794	-0.00281966315490795
0.0104204108680689	0.00331371519343133	-0.00841647140777876
0.0169788650650803	0.00577546685671063	0.0201496223610722
0.0153565844732166	0.00454736636982075	0.0163414731984502
0.0172084777950229	0.0032986844712974	-0.0150901674207168
-8.55615593495043e-05	0.0225629250667386	-0.00102890911518823
0.00372295087660193	0.00243201773600485	-0.0048591395928332
0.00078098994026126	0.013529096114611	-0.000416785480821651
-0.000465183877023855	-0.00853717971459343	0.0105627903308553
0.00215342817214577	-0.00124731039582358	0.00391251384822845
-0.0106219460747543	0.00200834419607062	-0.00217196548528433
-0.000205774246068135	-0.00501948977623875	-0.0101975045310253
0.0175879430931388	0.00445654307187248	0.0182566523993077
0.000342456632959853	0.0189374985787232	-0.00347014458003151
