-1.0836156158114e-20	-0.00507335388014989	-0.0017219545442561
-0.00412087950450851	0.000177266657264176	0.00591914980168279
0.0511310796027795	0.00092039692335164	-0.00705945590449192
0.0134376872836896	0.103040877186561	0.0685212708134982
0.00969313032716142	0.143094756620422	-0.0727872816957235
0.208126339107491	0.0342436836180562	-0.176200192447028
0.00149152970385604	0.290682892556368	0.0363222868070401
0.24937083978721	0.0395697880140597	0.208666704314441
0.227175042314884	0.0604673097943554	0.247914912451821
0.0100742092928345	0.288995736319599	-0.114764938083198
0.301638012047804	0.00651436831284456	-0.0938329757177744
0.00371091510273977	0.316473540343362	0.0671737537346724
0.198166318053892	0.103261485166615	-0.305593904165998
0.247916938950505	0.0343071716147969	0.192855321899043
0.0458843350904464	0.253086787450264	0.222546820013366
0.247336374788026	0.0526238357569247	-0.23318213441573
0.014610454796315	0.291609236141675	-0.123665551365174
0.281748550371893	0.0165180656709112	0.135554612395047
0.00397144933746398	0.310869779007468	0.06660450703786
0.265578566583502	0.0233172166552407	-0.167155321474433
0.251835342859828	0.029346427404017	-0.18214509953827
0.158694145933998	0.0292877594809233	0.141984866431473
0.116668454855193	0.00125206775120041	-0.0136512925761047
0.0133242954325886	0.0576559844649991	-0.0552692395557112
0.00552555686613013	0.00965965332775246	0.0108193156920923
-1.4234657780899e-21	-0.00506121755722818	0.000511135252178646
-0.00532532387258168	-0.00135399726627125	-0.00549641293380015
0.00682873203500121	0.267924343312702	-0.0879442999417216
0.197012071548012	0.0451722937604148	0.198152581701476
0.217421079499332	0.0755963837610076	0.272008498799631
0.00428400050667712	0.296743373176026	-0.0661261044119119
0.242865834980022	0.0451494106209125	-0.217738467788548
0.230860105522594	0.0533340168004056	-0.236622093207278
0.00138823492052871	0.301756967018722	0.00693785606998945
0.225168390040721	0.0590386848323318	-0.24479026916104
0.00462438528012359	0.0215755585262209	-0.0174662813145708
0.00115263708339527	-0.00612682326980208	-0.000293958251225601
0.148640726400479	0.0444683659299918	-0.170607079920982
0.212474162371679	0.0326398612795662	0.175310808616573
0.00470389403829047	0.196861516213821	-0.0590805845111693
0.172232491291871	0.0211342837223802	-0.1234220579493
0.221306031105248	0.058194878867667	0.240566652904892
0.205889667333048	0.0491921682929524	0.211954340547887
0.211098790351033	0.0374355184726313	-0.186721498444488
0.000239501367469693	0.287001366722461	0.00301309637380532
0.0565670332715278	0.0755452689092855	-0.135660847443575
0.00532027166869784	0.19059966300904	0.0612639984659423
0.00580579409601929	0.0236525562245801	-0.0187989190979214
0.0181736887677979	0.0499418858306946	-0.0579744297969201
0.0119686435205249	0.00205339960566116	0.0013700549201499
0.0067972550491473	0.046458281384736	0.0317791867117707
0.234858334848053	0.0439962092653358	0.214087875948029
0.0038395181806674	0.251830836896656	-0.0624529558351958
