-1.22630911942149e-20	0.00368789776385349	0.00091013126676889
0.00419846772798242	0.00273288776302523	-0.00652001075449941
0.130947648655883	0.0014433802903322	-0.0143307178842561
0.0340362981434387	0.273450823572112	0.189068614589637
0.0305729645323068	0.372123330761517	-0.221928579547809
0.700330898936525	0.0699151784822997	-0.518268979202984
0.00513613382478825	1.01489801567685	0.171375569583257
0.912668017834536	0.0782252704776331	0.645336458960507
0.849229677782694	0.122548574646146	0.789009448543643
0.042183617216374	0.998839326296411	-0.508562574222128
1.09168508010804	0.0134947244758634	-0.301100241899138
0.0176297290679341	1.15497899126406	0.347361017911574
0.786270558611492	0.22630814566573	-1.04467771739303
0.892199418868551	0.0663710660177301	0.57873477288896
0.21603650443583	0.726929493593151	0.951223237073359
0.890984807169937	0.117863697157018	-0.76157276432805
0.0498444055961475	1.01274341450672	-0.51615520417373
1.01661412062372	0.0319095503076586	0.395329735765433
0.0185328512431921	1.10640256240056	0.33791591910503
0.932023192424948	0.0464580503120878	-0.501138864015674
0.890784461435223	0.0592685798945924	-0.554435876821993
0.491014106130852	0.0611506249218906	0.389411326872499
0.312736828191833	0.00146119121059172	-0.0386294607538269
0.0352980654373274	0.140083732372389	-0.148285411578145
0.0137047576109389	0.0315419556124709	0.0387583816634756
-5.26105720519461e-21	0.00600342052725703	-0.000307626735902447
0.00440934496360891	0.00154407256654396	0.00523450625827735
0.0294905297526609	0.872889271079865	-0.376052164350056
0.675921150039458	0.0912922548395568	0.579814716170767
0.828464678292567	0.156553271990731	0.883753813100635
0.0149127984803436	1.0074231543828	-0.279701690416503
0.876115821325618	0.0925987146737808	-0.686210836747017
0.851890470779814	0.110902195645094	-0.754177090912686
0.00213360873025856	1.07209680416394	0.0690868381603703
0.828122423748214	0.123733635564599	-0.780933992130519
0.0117636328899683	0.0624325170053196	-0.0547346547603397
0.000595880068430132	0.00529964633128809	-0.00159582732716235
0.466411175884073	0.100542340214554	-0.494648615771098
0.715527956638472	0.0651632365713328	0.502876599748194
0.01447793669712	0.597530454992039	-0.20062850536594
0.524934578407966	0.0498807651016709	-0.354173455792956
0.802960124768199	0.116476029443703	0.740470301792164
0.719470951089958	0.0947515571389964	0.613801155691448
0.705682557150782	0.0766665065784676	-0.548804670313742
1.87880836293914e-05	1.00064780855117	0.0185406077972081
0.163166854849116	0.188981329094738	-0.383627803109804
0.0180325956768446	0.570482640735893	0.212380287242521
0.0159732760568926	0.0685481689327666	-0.0632485420408589
0.0437359256136218	0.122114898131538	-0.148458751668104
0.0410373648733288	0.00173567949464963	0.00633269229880803
0.0165278356073944	0.116708915751749	0.0886179353347181
0.845063658769411	0.0863688009309	0.650260956804636
0.0152658857100186	0.820612570864448	-0.258411069832081
