7.00675589030672e-22	-0.0163258029785774	-0.00517819856233545
-0.0145533410218409	-0.00218139760515863	0.0215326464997774
0.0357760127123393	0.0025411796566836	-0.00603720910677164
0.0164798314543116	0.114388756666935	0.0708505391347482
0.0137094204668792	0.16364305631751	-0.077302679379526
0.272140105999526	0.0397548044713729	-0.223605649511854
0.00140889951605302	0.391285228092957	0.0466475708747019
0.338299335949072	0.0474659998093478	0.27743356024617
0.309690910558358	0.072951934012405	0.330835648265959
0.013135705254039	0.389665243947971	-0.160884339384908
0.409310379902502	0.00750410087693087	-0.125752120050815
0.00478172145379737	0.431199028814321	0.0955484884992285
0.274920173836077	0.128883561531273	-0.411740466429707
0.333654802619333	0.0415474487487913	0.253738678267506
0.0640555493669733	0.333127897565861	0.312244689644844
0.335769075814802	0.0652032998815911	-0.312116900598394
0.0188250790602303	0.393757628603561	-0.173850367587423
0.381625436615019	0.0197524536469125	0.179419493964035
0.00513886591505312	0.422084668729969	0.0952548529664686
0.356375977017808	0.0289313567325743	-0.218727777969376
0.337910881466303	0.0359247083457728	-0.237961356742968
0.192881910106843	0.0347510847206481	0.170762108797032
0.128145878603972	0.00616516344663355	-0.0216697839502984
0.0175325165944073	0.0562690221916934	-0.0615070399817065
0.00485520221388789	-0.00127379434041858	-0.00153368963400387
-2.67315600820124e-20	-0.0183556649468019	0.00154338309332244
-0.0183780630685984	-0.00491687505725632	-0.0193640733688148
0.00958982091642031	0.350880654052918	-0.118517756034645
0.258172882723149	0.0542856448692326	0.252350683167536
0.298132063384597	0.0924891161246131	0.363380881073125
0.00492716966559375	0.396436671110337	-0.0901743514257089
0.330360983540185	0.0531186985009155	-0.286609814153538
0.314632186609113	0.0647116397267264	-0.314524933416351
0.000248605066496183	0.408378346337545	0.00904769826392302
0.307427483555075	0.0714686833709033	-0.324532135442012
0.00340839592609762	0.0104307936215429	-0.00462731519191753
0.00249659654286625	-0.0211472766012041	0.000842370445137366
0.189653095882943	0.0494306377143351	-0.20610934355364
0.276903988930469	0.0420862821176132	0.229554151647604
0.00605014063532835	0.245402070981196	-0.0723043165114132
0.210326440631478	0.0287621557728131	-0.150701110869323
0.298903616100924	0.0702189902917399	0.316110528655177
0.273378445445027	0.0567509278412488	0.265830730227323
0.281257281404915	0.0437441811399498	-0.239218620574891
-0.000349983800589974	0.38442097101456	0.00148322135247766
0.0671833954417595	0.0830635936972358	-0.154311312652667
0.00666741296182923	0.236826975080338	0.0683407576115336
0.00478003245883043	0.012961102553298	-0.00503604525476527
0.0209497419866558	0.0494399997320876	-0.0534922989497307
-0.00183741800778028	0.00373913217719591	-0.000864369055953328
0.00573058815649201	0.0360618170664944	0.0133394241439785
0.315303270731763	0.0527487207606411	0.280919616115009
0.00519205789685194	0.326097930549864	-0.082295018756718
