0.0339834660935473	0.00815350360194891	0.488328898500833	-0.0142191091287793	-0.125082861358928	0.00293830769471971
0.139306391490455	0.0548093403767764	4.02075622861727	-0.0159872301556417	-0.248739871279855	0.00672859030601496
0.997989022763593	0.103279565486271	7.58000355329118	-0.00812612960019097	-0.318026904207693	0.011125670995334
3.39701118532412	0.0823715227568196	10.9741700745001	-0.0137214730275053	-0.366948377415254	0.0207566078906875
6.09392850045041	0.0829630705687988	17.3032028417415	-0.0174678077018299	-0.375608184439915	0.0130712360846786
10.2966711482187	0.0466377729720533	22.7458732681833	-0.0226350846412502	-0.377079351028876	0.0100182471995693
14.946843324059	0.0191962590428382	28.4610460458851	-0.0268477554965506	-0.374489587331396	-0.00174861061657626
19.4292324717698	0.0140540265823166	33.6321371311293	-0.0303484215454185	-0.374353051588119	-0.00887272527652361
0	0	0	0	0	0
23.5400960422065	0.018139382979834	38.2992906658718	-0.0330977588930445	-0.375762763920062	-0.0132300544427588
22.7890909866334	-0.0407969065478477	37.8729150503615	-0.0327646379695988	-0.373842993814574	-0.010818295416334
20.5824665532734	-0.059753337652836	35.523882788867	-0.0310735044173548	-0.373847514890948	-0.00711249321626219
18.9099387174878	-0.056353806796401	33.6076398840141	-0.0294049154907016	-0.374119361415354	-0.00148733576364723
18.4323016808283	-0.0570172355103104	32.9479904194596	-0.0282891417490862	-0.373550921238296	0.00613074789328455
19.6880267169274	-0.0796645904843097	34.2664954856087	-0.0286491372902774	-0.37137379242351	0.0135104261398863
21.8668305714826	-0.120080824123593	36.6634378728824	-0.0298019642513574	-0.368651577629687	0.0178705619344237
24.928412132764	-0.191607147559055	39.7147998888694	-0.0314441430241384	-0.365539237432432	0.0193279400772665
26.364096483638	-0.247903291913942	40.9366129410751	-0.032163843452983	-0.363443346415129	0.0193273449507745
21.5387989941869	-0.154898686141774	35.7123871833	-0.0290420877057994	-0.364988211656504	0.0207377170010775
16.516109654197	-0.0705620775547543	29.9917156888821	-0.0260603376058496	-0.367355781162998	0.0181958594212339
11.5558307030397	-0.00313161553906526	23.7571604554924	-0.0223218951723744	-0.371315375833685	0.0121859184062776
6.87001961762548	0.0473316515191015	17.5818581703293	-0.0150245990973116	-0.374369713579235	0.00779025374248072
3.58139822996267	0.0829174311252068	12.0259357894145	-0.00671559337954226	-0.350143484691702	0.003407544975302
1.322264510079	0.0715012260799564	6.99545523205326	0.0245724759890683	-0.305561890345141	-0.00810051282046671
0.182226215165927	0.0538854516731927	4.25419903722219	0.012630816779426	-0.237609456742691	0.00314007317900818
0.000329886109957016	-0.000795288333808538	0.791037412412977	0.0367849884245193	-0.107650384389296	-0.00120642168022819
0	0	0	0	0	0
0	0	0	0	0	0
0	0	0	0	0	0
14.903614778295	-0.0222844083984653	28.5637769094598	-0.0254348805145257	-0.373200602728039	0.0110643980513147
15.8069167086725	-0.0434351022524733	29.4658050664379	-0.0258189131140777	-0.370742352901479	0.0142566842429613
14.5380241260693	-0.0108031444842022	28.1900583971327	-0.0259913885098827	-0.374440061880025	0.00640221604776607
14.8791749771302	-0.00417153144104285	28.5341434976311	-0.0266393904989944	-0.374660048185114	0.00290263636541826
0.0291090559317089	0.00326990889177577	0.317693904996911	0.0158198194303094	-0.105466375558137	0.000974036168581134
6.15457088191501	0.0738622867336314	16.6915305904139	-0.01702067675817	-0.36913683656606	0.0108407243655744
6.42830526104249	0.0611687797626782	16.9455264322971	-0.0150429625686	-0.373099708694075	0.00937299857247207
10.7979931843624	0.016232234819698	23.1003681233014	-0.0217673869675815	-0.373797884856625	0.0130622220136714
10.1613183634062	0.0389221674583192	22.5151785088226	-0.0227976791858423	-0.376338711992691	0.0103777850252742
2.91925627729846	0.086567145521735	10.506487724379	-0.0111301517331465	-0.34559109117028	0.0133660366449838
0.733281917202506	0.0725353924170851	5.77878018433016	0.00951963163039905	-0.288791644967991	0.00152180123989832
0.112578473150499	0.0284980497693414	2.31331986285951	0.00327324084971607	-0.194677851680837	0.00419428489453795
10.2054511967502	0.0323844352348502	22.6062634633207	-0.0218794688919492	-0.375043987703325	0.0132600235593958
