0.0397194083816641	0.0118635216535512	0.180516626633407	-0.00857266979032389	-0.0662049513354382	0.00384316056176359
0.401423092914929	0.044956634161663	2.57773524043798	-0.0103729462708487	-0.136951262250351	0.00831323603705971
1.5581924620132	0.0889054080660573	4.6015873515539	-0.00576888732157811	-0.183676525876035	0.0119760013371903
4.24615122547895	0.0691561659992836	6.04237236339209	-0.0117533542019162	-0.228946289077728	0.0218276855017245
7.59886764940801	0.0725695843569759	10.4773920377098	-0.0110774607317201	-0.247594840369074	0.0150183401337717
12.2869281672562	0.0424495157590136	14.1549320048342	-0.011361905887488	-0.261616252302581	0.01268895307383
17.4154862991265	0.0174294528666405	18.3077317583944	-0.00737890188153234	-0.263149275303222	0.00225059556507469
22.30913254644	0.0150630282247844	22.1234285057552	-0.00450260896291673	-0.262232718903653	-0.0038589075494449
0	0	0	0	0	0
26.7822614713035	0.0219918557835353	25.5913519283733	-0.00293677845970621	-0.26056019495132	-0.00748904074503806
26.0839116344941	-0.0392122333453585	25.0475698794334	-0.00366196276622804	-0.263269820168558	-0.00527277194667705
23.7352705350488	-0.0606705240844072	23.1994505930694	-0.00523583819966073	-0.263378717797876	-0.00208345174972294
21.9297896414112	-0.0593471802912507	21.7487977189347	-0.00760109643328336	-0.26338038432685	0.00293366765088526
21.4173762603241	-0.0614522911932342	21.2380965342465	-0.0107418525775436	-0.264550293155173	0.00991069963652309
22.8043130771924	-0.0847485249886106	22.171233567084	-0.014096347149121	-0.266235133674149	0.0168565333441664
25.2052031441291	-0.125738240517964	23.9078806687125	-0.0168291604734755	-0.268183066191464	0.0210554529055491
28.5398081908924	-0.196964773242008	26.1157048331721	-0.0183720302183929	-0.270401063043789	0.0225674726249369
30.1115196326796	-0.253486480860133	26.9432875043125	-0.0186035202507155	-0.271900194394202	0.0226533812137081
24.8387556203259	-0.161203995674217	23.1216022158839	-0.018292967161792	-0.270880688918838	0.0235597727148362
19.3095310387127	-0.0773029943091178	18.9795345742088	-0.01601168915497	-0.270410796422854	0.0207849550451299
13.7536327377888	-0.0098291600375844	14.5957174697674	-0.0122083554374929	-0.264036529380042	0.0146542182541721
8.44992469621688	0.0374959810122153	10.4713881670546	-0.00639541423607979	-0.254088750193253	0.00980671346236626
4.5854234593016	0.069195104088487	6.99234627470552	-0.00289267571383314	-0.217306790350001	0.0044846255975658
1.79328456729267	0.0545852170183337	4.07082498989048	0.0173266065216471	-0.175226763051369	-0.00977645808802407
0.463353378897538	0.0468011838544378	2.72694100859353	0.00776105123163108	-0.130979682656778	0.00218440433317547
0.0121520976604439	-0.00536763521549862	0.520227919404606	0.0203663313601041	-0.0566564126800696	-0.00305756629075097
0	0	0	0	0	0
0	0	0	0	0	0
0	0	0	0	0	0
17.5087865981551	-0.028668320695374	18.1115846250459	-0.0126088549411764	-0.264753783369034	0.0140908008878009
18.5202386713191	-0.0501656057149795	18.6929916240877	-0.0142803178854949	-0.267405541147037	0.0170933413037155
17.0789925065659	-0.0162110588718273	17.9056151501753	-0.0111428965275188	-0.263098417921965	0.00974130250465815
17.4117564004176	-0.00766602596507267	18.2229561568834	-0.0096248844411545	-0.262465281531691	0.00655671513090552
0.0369604768017441	0.00267590185360994	0.107582168932188	0.00854388018996753	-0.0562689318735555	0.000405082893045798
7.60760307155809	0.0639845739167322	9.9605876339963	-0.00997199300514009	-0.239280902998875	0.0129142234153247
7.92812858744054	0.050985984608899	10.0993975984782	-0.00764672093196966	-0.247078803364617	0.0113096918290412
12.9109873067683	0.00881186399723154	14.231450782607	-0.0123395830785644	-0.261166425355387	0.0154729135500431
12.1581207721609	0.0334130459440335	13.9530217395408	-0.0122456915989086	-0.25883997462507	0.0129769223431674
3.74472066749252	0.073003761221945	6.0189428831576	-0.00880884363514867	-0.209802172674463	0.0144465469484703
1.12806313685643	0.0603758189697207	3.48382004890207	0.00679132099846789	-0.164936507061308	0.000817994025793838
0.229281889859926	0.024284393868273	1.41072637686907	0.00151170165396652	-0.105783397668861	0.00405184882894808
12.2468109857041	0.0247495543582323	13.9677802094949	-0.0124487874053833	-0.257539775660389	0.0157084857315893
