0.0484400906498798	0.0192745902679826	-1.01926793977252	0.0133696333246866	0.0862293859575671	0.00694778337500195
1.24340354643462	0.0451986431372356	-1.32671521936533	0.0189705071230041	0.207011496633572	0.0111916421672971
3.61839563570125	0.0577058100585118	-4.9361452579771	0.0107138628452831	0.314692682494109	0.0128463101223543
8.07705710827924	-0.00336478000503932	-14.2171146003914	0.0327202304740016	0.4468814562408	0.0282389094351238
17.5796411807738	-0.146175240617354	-23.0347808026885	0.0171261778308216	0.523631556781132	0.0184112114967588
28.8171612645384	-0.282236379495084	-37.3842479404662	0.0505122028800036	0.594504909944911	-0.0116762376341945
42.7556224916022	-0.38136314117571	-52.9534370330092	-0.00659668943005967	0.610426071474165	-0.0127604836420129
56.310955443518	-0.392826542500664	-68.4860242504457	-0.0547294703628114	0.613373826630941	-0.0137130712591276
0	0	0	0	0	0
68.7271646419362	-0.379108724436817	-82.7109036455591	-0.0673215781503458	0.617837793536608	-0.0149313187787461
66.1600576101932	-0.509248407225974	-80.2271765849897	-0.0609187288990619	0.615602689186127	-0.0137723163063518
59.3302086135112	-0.555040116116804	-72.5127028304118	-0.0509316300894672	0.610007326962484	-0.0143536229413673
54.1822802135942	-0.54757749958664	-66.4958811536075	-0.0212773401140282	0.604645334940221	-0.01495019192669
52.6142208749136	-0.5455985571418	-64.3847838035768	0.0128256732420609	0.602236059776467	-0.015171340815624
56.1349699184857	-0.591637534838343	-67.9999879471416	0.025231233723804	0.604500603372452	-0.035194814203315
62.5364824442392	-0.67664234239538	-74.6164099813713	0.0366637085186141	0.607439617829968	-0.0414331915543538
71.3061085020211	-0.810267889467787	-84.1048865579105	0.0356403106460546	0.610839707806036	-0.0399241224972008
74.9469417789055	-0.898797590625066	-87.8408708099854	0.0307955829897697	0.611917859565086	-0.0369108913417954
60.6323217866718	-0.707670756688602	-72.1472509713574	0.0484704144785396	0.610088985349949	-0.0452381578164808
45.698461535139	-0.527987982976593	-55.8900888445514	0.0484314152076007	0.610307627959353	-0.0436235168772644
31.3595944974207	-0.357977898377604	-39.8543958450384	0.0546552118821277	0.578685457940591	-0.0105358572484673
17.7974511996043	-0.196293902105775	-24.6878176219324	0.0225800127955601	0.537769183863267	-0.0208610769242833
9.57562812401796	-0.017891626220779	-13.0568396740691	-0.00217118219182658	0.413350985601467	0.00163154772237337
3.36843371368869	0.0074830248166189	-6.4551389136376	-0.0461876723956239	0.29597389908047	-0.0220785987897668
1.47032537009838	0.0566650865784642	-1.00681262772866	-0.0161672297414479	0.20226013533858	-0.00438386289260395
0.0452092552108082	-0.0163332535775796	-0.137670405431742	-0.028832820811918	0.0726186830806905	-0.00927178464098312
0	0	0	0	0	0
0	0	0	0	0	0
0	0	0	0	0	0
42.0377209381731	-0.455138778308547	-51.7153281241231	0.0492114017324875	0.597977914904431	-0.0141204447532113
44.2747179210943	-0.492674999958181	-54.1830221193154	0.0426316704834246	0.604366235913243	-0.0420192162438944
41.2183690755756	-0.433862853647371	-50.9624448996833	0.0349916886847914	0.597157818853799	-0.0130796785010029
42.3586670733042	-0.423427834424457	-52.4677692178296	0.0176218115403896	0.601504245808155	-0.0131123126411244
0.0511186072697019	0.000681567718119635	-0.377518166787173	-0.0112927066982507	0.0714398863877303	-0.00121974028192285
16.9083549452392	-0.148472037479569	-22.6436157638361	0.0150051541552252	0.497954516984525	0.0122448388983269
17.1553391729009	-0.172300369207146	-22.9712559830027	0.00929754960107029	0.517149828619059	0.00988621288950206
29.7099472810601	-0.330681542689171	-37.5860190752501	0.0229118915955508	0.573632191879371	0.00961851265838346
28.3575777750618	-0.289265629556363	-36.2195998974402	0.0203053022993584	0.579942917310807	0.00901827605263058
7.47182055124007	0.0127615904391285	-11.5244291443322	0.0175250511107034	0.39332184241498	0.0213906253201305
2.56246046252426	0.041074802109407	-3.43040102840976	-0.0188550190890365	0.27389836625806	-0.00741805626448639
0.621629032451893	0.0304437240551509	-0.868462360087936	-0.00167127358857273	0.151901733526069	0.00380914349640401
28.417060324071	-0.305662187119213	-36.0376916561144	0.0228241992606684	0.568427860770707	0.0138039856109683
