-0.0271819802249931	0.00250171972417429	-1.72530829923585	0.0234486363959533	0.217484206213245	0.00203918214854821
0.808739856700306	-0.0494448479669193	-4.87506988781131	0.0285486652042465	0.476957239318115	-0.000396660341554268
1.57817745723297	-0.190613725530573	-12.5807231591872	0.0144295533927707	0.684765904609157	0.00221466747549494
1.05396160734684	-0.283358323512617	-27.8327392448479	0.0551051235858342	0.915747552603237	0.00637091008038789
4.40272561388806	-0.558824216139648	-45.7812098223937	0.0391451013323193	1.03414093221461	0.000360525216833075
6.06652333826808	-0.750393169630237	-70.0272837042192	0.0704907501890665	1.13088240636242	-0.0412353281833014
9.57700363529443	-0.894588872768917	-96.5192603037782	0.0168084987191666	1.14974617817806	-0.029433301725381
12.7415819714423	-0.906108624443744	-122.476445930071	-0.0288594211887097	1.15409096231047	-0.0202164104025125
0	0	0	0	0	0
15.6459301069176	-0.884484324119588	-146.2186206658	-0.0380611607695014	1.16029397692172	-0.0198374024932513
14.3627222395242	-1.0131707318831	-142.124441106764	-0.0319959741114158	1.156062018527	-0.0200885168382582
12.4979236488363	-1.06381586019017	-129.286925422384	-0.0241281582388427	1.14849450052357	-0.022594979182917
11.2453074839198	-1.05457870235391	-119.279243765699	0.00470904936177178	1.14100703495963	-0.0302131930602589
10.8831107496163	-1.04684565011361	-115.833899861877	0.0394757171309471	1.13659693650186	-0.0392529998114801
11.7373565987414	-1.09129539507488	-121.978217666759	0.0485008801110325	1.13775442922074	-0.0631157974479131
13.391122449123	-1.17949527727907	-133.266242787661	0.0607340327170088	1.13937157621137	-0.0733448931922213
15.4395678323512	-1.29994172667196	-149.043881407189	0.0626089013330052	1.14102094228345	-0.0729689701936195
16.1696941055052	-1.36953989330235	-155.228027546202	0.0593562111305201	1.1402093003278	-0.0693588686575608
12.739300728422	-1.18052374110749	-128.943198769436	0.0712054722010081	1.13954871574607	-0.0796533888133039
9.15347247974219	-0.992230887673395	-101.436307344028	0.0671783352673726	1.14179218449504	-0.075633019390654
6.07779788680325	-0.79666246073846	-74.0319053524991	0.0756809606053987	1.10482508665541	-0.0414323448257197
3.20927414063502	-0.583332783650928	-47.6342590435426	0.0317690879667422	1.0503407423164	-0.0395651153207754
2.71091679397582	-0.320175120730982	-27.4934193172981	0.00502027047399077	0.854194120241138	-0.00748215073560318
0.52451667313779	-0.217962923798078	-14.0092004573363	-0.076437723562928	0.648670249573866	-0.011756798660145
0.969723206380141	-0.051032682037456	-4.38752279440157	-0.0256422000181657	0.463672133669952	-0.0106908600681349
0.0347403285918441	-0.0140751272992391	-0.569361835934774	-0.0610127481099199	0.187183729631704	-0.00835666602644555
0	0	0	0	0	0
0	0	0	0	0	0
0	0	0	0	0	0
8.85977759593096	-0.949609873671267	-94.7224675351012	0.0739773341189751	1.1308591329242	-0.0457989777582151
9.16770204630385	-0.977885236569302	-98.8032847121007	0.0609238642747698	1.137082379836	-0.0722703803003197
8.81239452968069	-0.934948268460386	-93.4031184875825	0.0592327577617143	1.13118169554091	-0.0408558452735949
9.21195091151895	-0.931649221278161	-95.7987432713503	0.041684827091868	1.13777024767774	-0.0364397987306174
0.00588928064731981	-0.00852963797079074	-0.834838078691189	-0.0270929303328354	0.175738296511401	-0.00206470502126571
3.97478745392785	-0.546622445065907	-44.5920856951082	0.0341971009044718	0.993155467692142	-0.00577256995056085
3.83789452307212	-0.568106940996414	-45.1238246071448	0.0272102478435276	1.02142297018471	-0.0062633077369043
6.15025106419695	-0.784622246758132	-70.5457562314072	0.0490036950742225	1.10021498922625	-0.0123379766244007
6.12975271660233	-0.757577544034734	-68.3634438877545	0.0459669447027918	1.11080958702678	-0.0121810108972491
1.69315844964452	-0.27089126473705	-24.0325070070947	0.0350426823136989	0.823761057622463	0.00649627803351891
1.13212028053702	-0.136420045099488	-9.11255433993826	-0.0348434043497415	0.605934142304079	-0.00890883091021384
0.387014005682497	-0.0224854491947254	-2.89865930067513	-0.00530432886751464	0.358389353483626	-0.0020243261802166
6.11340188524241	-0.76923801581449	-68.0937552107872	0.0497739614053628	1.09435920581898	-0.00807005560187373
