0.108923433479797	0.0199303749483076	0.512461965742135	-0.0199221086489269	-0.152969692656652	0.00845598092658152
0.595091973443919	0.137458671954811	5.50355576441454	-0.0226563777763436	-0.339947801244886	0.0172480301426354
2.92782257537472	0.231177981902083	11.2191527214266	-0.00594671363233335	-0.491051784779981	0.019554772955175
9.68858531940441	-0.00394362078647958	20.0357739788712	-0.0328464768581552	-0.671622609319411	0.0412168336095771
16.4821721219047	-0.0885606552619065	39.2332142076486	-0.0112992834586922	-0.768876684217983	0.0277565630463575
28.4222040177392	-0.316323071137837	62.5595300094678	0.0349990505703003	-0.866607170900917	0.0252994995790882
42.0848571540564	-0.584506034928499	90.3999300879627	0.00806369363346205	-0.880423524455037	-0.0139964104011193
55.7991642110195	-0.758057230728179	118.362851287831	-0.00480118616725661	-0.880547892311627	-0.0443739425326194
0	0	0	0	0	0
68.4152200957151	-0.886074743683077	144.042234694185	-0.0152612059138103	-0.882063037983181	-0.0535002608243058
65.9746476871085	-1.0059805358831	138.96753034896	-0.0117391812424563	-0.884632785982518	-0.0483032631554845
59.0737292495666	-0.985617314281319	124.754770482677	-0.00312857213149814	-0.885380165500266	-0.0422133180733021
53.8788322228191	-0.915789187072241	113.804232596756	0.00833960437670271	-0.883905595715178	-0.0236515468803806
52.2472389087039	-0.891136005829653	110.053955099192	0.0230923868993	-0.886821962592745	-0.001395113759554
55.7259131865408	-0.98285576179535	116.500391723329	0.0381351337568025	-0.893861399871122	-0.00830541380651149
61.9431564487652	-1.14901549878486	128.608693393748	0.0465540638574777	-0.901119499707688	-0.00453609665235689
71.090557603587	-1.42779906024904	145.393009777375	0.0470443661757235	-0.908470515581094	-0.0027793654117402
75.212444745066	-1.57832482762493	151.560978242123	0.0448149173616686	-0.913927248512383	-0.00327518661560748
60.7556914201578	-1.16217990823965	123.246550766913	0.0512534446650614	-0.909994619638754	-0.000192602444053066
45.9886823329757	-0.772139876145409	93.8140934824758	0.0485413992502704	-0.905543079386281	-0.00123432889703257
31.9145951750056	-0.420659271313528	65.2073123702417	0.0408812806682865	-0.861215596751043	0.0290324710481472
18.8145623248999	-0.122952156156329	38.6239513846546	0.0411325750815871	-0.806799099364489	0.00467671825997494
9.22690058907682	-0.00100606429669998	22.242592288835	0.00513016029919915	-0.628590677870194	0.00481774876652844
3.71700606415816	0.163647247962296	10.3764886396022	0.0660862906441961	-0.469132518404933	-0.02068258325423
0.638998401932852	0.162311529896395	6.42642373478809	0.0221576428010524	-0.332241836249896	0.00780723667243519
0.0308393338126632	-0.000673553528437152	0.912166312393216	0.0466238721944952	-0.133439237100623	-0.00381530149040754
0	0	0	0	0	0
0	0	0	0	0	0
0	0	0	0	0	0
41.3767788150192	-0.652484336276549	87.9500842932582	0.0332793046644689	-0.885036363170969	0.0217433605663738
43.9086814627784	-0.71855549365037	91.8091324649501	0.0454175164549524	-0.895445422177773	-0.00365835962117265
40.466336849695	-0.621067139098998	86.8025849877133	0.0253435876307717	-0.878474812295638	0.0126664790897991
41.6974288988317	-0.625659089148025	89.3778690243961	0.0178134156838212	-0.876782662452365	0.00125618051983561
0.0524005413953573	0.0074155009603363	0.458848798748479	0.0200624185603722	-0.127742010840046	0.0017059374037804
16.6190051770347	-0.0862109156512893	37.2647967069512	-0.00632816917751404	-0.739921520732415	0.0254689455769111
17.2462083155336	-0.111063232030344	37.3009511877492	0.000698740704531291	-0.775405465511355	0.0220062048970855
29.5140011421538	-0.373466516104924	62.5245034056964	-0.000668627308284527	-0.854072284017452	0.0228301094498828
27.6297058168231	-0.31838240492508	61.049289027255	-0.00385297567067296	-0.853916623341706	0.0194983306433538
7.79301411889674	0.0641445221512824	18.554149958025	-0.0215121620137758	-0.604022417391784	0.0222521008377907
2.07951134005482	0.177470513161174	8.37372377218578	0.0312163681627638	-0.437131575174824	0.00237762460972641
0.404196210452435	0.0731592258613421	3.04807328335415	0.00459882702746393	-0.25714382599311	0.010599111209915
27.7614250720758	-0.33298728199681	60.5917947433984	-0.00682694223344775	-0.844251219973087	0.0253157987551101
