0.121411813574119	0.026453533381316	0.0909553057807304	-0.012491474590695	-0.0954928341486464	0.00978519601463392
1.12220060394457	0.139736068593024	3.76634915249766	-0.0134324093115439	-0.195523219508912	0.0192727975992418
4.42531361287732	0.263260825850132	6.94797001413526	-0.00648751071666282	-0.25629041594384	0.0213103377015279
13.7726952668149	0.0801220247752524	9.74933615859927	-0.0127368739693879	-0.306395005439686	0.0476807593069611
28.4284240661365	0.0351264211486918	20.7322306032591	-0.0128775553487546	-0.317452471800795	0.0268910586830458
52.4563120789656	-0.00540333011784879	31.1266954684111	0.00794380132447672	-0.319883305379394	-0.0318959179901318
82.1043938554273	0.0352180513230534	43.9540840396507	0.0139608225336611	-0.315353704444912	0.00948073445452051
112.773532590119	0.22287811758793	56.82928106109	0.023293472090852	-0.312098730092207	-0.00332683903084947
0	0	0	0	0	0
141.209288463784	0.466237625324228	68.5779897538209	-0.0185807264659715	-0.311440916465322	-0.0397970027373843
135.55862110585	0.256912302975002	66.0836944996251	-0.0160380937773783	-0.315546421386772	-0.0370001361582313
119.789224469403	0.0555043302203727	59.5513125458487	0.0275590071566841	-0.316486755161482	-0.00401035941786894
107.861478680954	-0.0260732860884934	54.5986132698878	0.0235168243238247	-0.318389968536302	0.00576903538208426
103.982084268269	-0.0497995921231756	53.0445193182167	0.0194730997983798	-0.322031291048995	0.0176299033990155
111.387142369072	-0.0691218729714273	56.1057130436058	0.0403542609616106	-0.325587514653053	0.0219593324735788
125.000551646876	-0.0982214506932029	61.9001671345663	0.0496343283922148	-0.328532977792322	-0.0107735101422648
144.626883813044	-0.197764654703412	69.7095347550184	0.00632657562121554	-0.333219393836786	-0.0183979508320203
152.688763161578	-0.28791068027536	72.54195461184	0.00639851130315109	-0.337153275153032	-0.0164691290916835
120.752307679733	-0.174809304292621	59.3365241390254	0.00827702027565599	-0.33495472089962	-0.0214168384491415
88.1211826215955	-0.117094601511922	45.5693077554106	0.00227630844031382	-0.335134647051095	-0.0214697903544161
57.4501172194331	-0.0845466768377162	32.3533679685553	0.0327566650389633	-0.331816285990345	0.0187024840528993
30.2002290073313	-0.0329739455999469	19.5550095722157	0.0213763863808055	-0.326453906443228	-0.007635860589088
14.1410284875234	0.0903008997792473	12.2619475372493	-0.00352818325979663	-0.292622872857866	0.00318909303297939
5.09805857056298	0.169544175948313	5.80304111876488	0.0256285998280145	-0.245984975777462	-0.0331681735067052
1.40080435455994	0.165150805206742	4.41825581424403	0.0118559012820878	-0.186569095640953	0.00321472130677478
0.0407399850016351	-0.00908186182513194	0.690980132411459	0.0289642087504615	-0.0823880104538736	-0.00675687194351546
0	0	0	0	0	0
0	0	0	0	0	0
0	0	0	0	0	0
79.9144016163428	-0.0650065094785835	43.2720348670896	0.00996157320977414	-0.324820056543026	0.0289862817878851
84.7747998757077	-0.0876735785856348	44.9706471193575	0.0459055397215713	-0.328724292074421	-0.0106801518095096
78.3226829881081	-0.0462540300843896	42.6394286416184	0.00967808020759525	-0.320907751182702	0.0242540020699451
81.1221939858181	-0.0207787205143548	43.5301269622181	0.0122025738753085	-0.317682027739287	0.0178855914872568
0.0672226402757062	0.00650766546862008	0.277167697516069	0.0123222693198268	-0.0809272525553496	0.000710616883654897
27.6474625259499	0.0215579606784351	19.4514997404809	-0.00976281629527374	-0.31036642934442	0.0215209731345614
28.1049445447679	-0.0153729870739904	19.4448400208081	-0.00732547240727696	-0.318774420035915	0.0176510750226328
53.5279098012331	-0.0610870346875384	31.449245295042	-0.00637125760443555	-0.32687411985511	0.0240710327599118
50.7917400793425	-0.0208835091826221	30.8209900244627	-0.00793283411632225	-0.319555412934678	0.0210223124028735
11.398589588921	0.146123553694922	10.0605615820765	-0.0133058963023741	-0.285781589004043	0.0297060348564925
3.09849561005041	0.193633094187545	5.23123144344926	0.0111335067333446	-0.231758051755905	-0.00523343471191058
0.648285359360218	0.0775995271236819	1.97137130088806	0.0023248871581315	-0.151521831042763	0.00986868939336779
50.6639394365671	-0.0400261538782689	30.6949729266066	-0.00950304439133084	-0.321032762266607	0.0278818027238561
