0.0381485161768723	0.0179006321833565	-1.13227736119863	0.0131460842134531	0.102005165774858	0.0065696098355391
1.22901509632036	0.0422903448777324	-1.62359017657131	0.0164706234774508	0.218707843622389	0.0110045942568391
3.60050601380469	0.0507428972563572	-5.25310286997271	0.00784350947600885	0.303992857403999	0.0130286413102163
8.32362864416648	-0.0522405809012545	-14.0767033579384	0.0239996491640279	0.394898880006163	0.0301973675120355
18.3667860193839	-0.199388690262323	-21.4891408395264	0.0155902043386081	0.440519596924382	0.01870149816487
30.9925169205223	-0.366175501041958	-33.4714491467746	0.0519434714298403	0.479470685374096	-0.00992277621655679
46.6324676808877	-0.505811379229586	-46.1165895127281	0.00114930143554887	0.48833787030305	-0.0159945820818479
62.0593741212957	-0.555254425228657	-58.6081385040819	-0.040278648387817	0.49074612522377	-0.0215334444991192
0	0	0	0	0	0
76.2020342096695	-0.573919454443814	-70.0471123669349	-0.0518799952385932	0.494197508769708	-0.0236675906723436
73.2416697116973	-0.698371039885941	-68.1990949276465	-0.0460205984398117	0.491118175124036	-0.0220563921143977
65.4283352834766	-0.727281762446738	-62.0631730751563	-0.03675485839102	0.487045515291606	-0.0218984789512547
59.5371564689413	-0.705352756663955	-57.2415892748259	-0.0106893873947547	0.483223914260178	-0.019816264874468
57.7054839368127	-0.698526859457754	-55.5446429963452	0.0197887682520826	0.480317815344784	-0.0171698373211026
61.6209461043746	-0.75485394865714	-58.4921692288542	0.0310499070737426	0.479982728041521	-0.0357521640406596
68.769632495882	-0.858794728385381	-63.8395424328195	0.0416381862502872	0.479808009102068	-0.04087286318072
78.6860443941689	-1.02388677530798	-71.5059921469288	0.0411055569372777	0.47969690412952	-0.0396406776198073
82.750095463527	-1.12405333683626	-74.597671550047	0.0370160358670346	0.4785885616631	-0.0372262148187192
66.5514368835582	-0.88179767494802	-61.9637495777845	0.0516970238546267	0.478535332997032	-0.0434423780920214
49.7447900784231	-0.654097044621977	-48.8287729780328	0.0508896691511594	0.480009716543747	-0.0417897951110034
33.6981844104683	-0.441888806281592	-35.7167445351429	0.0558269340816669	0.465355159557006	-0.00890175881354436
18.7200525403464	-0.248553030509718	-23.0886285144268	0.0272448224960637	0.445121784457671	-0.0213023292519841
9.73753550209013	-0.0658243203239917	-12.8394580129133	-0.00132389867210202	0.36976802203817	0.000590785967763913
3.36200443732831	-0.00494501690130568	-6.71646749107132	-0.0381965184910331	0.289043576967429	-0.0244299995613059
1.45825887485181	0.0539058530082589	-1.27338507988943	-0.0157697726467514	0.212658438024782	-0.00434519544787107
0.0430181038768039	-0.0169932093719785	-0.217653031886564	-0.0310963109574572	0.0868485626225743	-0.0092889721794492
0	0	0	0	0	0
0	0	0	0	0	0
0	0	0	0	0	0
45.6913255068597	-0.57548585268966	-45.2039604189126	0.0512085812054064	0.477065939990221	-0.0127285750311446
48.1687140935062	-0.617653442089506	-47.2990024670258	0.0457090320897606	0.479027258782963	-0.040672747311712
44.8141864763938	-0.552877627751999	-44.5509357581101	0.0382958633218976	0.478305730535731	-0.0128517551368918
46.1439205904285	-0.546426973617345	-45.7639587940788	0.0228186367209437	0.482335671087378	-0.0143321822770206
0.0472662540313096	-9.98336294667232e-05	-0.44279287611889	-0.0132142434119642	0.0852669227384484	-0.00137686955143649
17.6677582137087	-0.200991510784029	-21.2386567763185	0.0147710131976816	0.424331882832379	0.0126128944538042
17.9605136862472	-0.225975558403803	-21.4867652751831	0.0106768814305337	0.434462684942246	0.0096398811598836
31.8524104522976	-0.413321101314811	-33.6919759484678	0.0222694368590231	0.46390689192256	0.00967316710564871
30.4006148742462	-0.370795700568109	-32.4603758108539	0.0201091764434951	0.470608678114432	0.00891036381372736
7.62001077375781	-0.0237586461673108	-11.4457435174828	0.0120606097323222	0.357403858305549	0.0214212964420092
2.5450719583576	0.0345013401546078	-3.72900239093524	-0.0155234109881147	0.270608805238408	-0.0081847122122402
0.612082396607428	0.0280971659146724	-1.06806427769471	-0.0027307121845387	0.166662044981915	0.00353088938162788
30.4246445581324	-0.386303910825272	-32.3289272654297	0.0215525732219554	0.46274753600883	0.014026769929414
