0.00489356990250494	-0.000465766438013185	0.690885452236365	-0.0149342168401409	-0.114684995941926	0.000253876796314684
-0.000121413869417775	0.0115517668851686	3.44019405583141	-0.0216880322407109	-0.249906774549383	0.000403061367775776
0.0746675687585961	0.0157159372346641	7.10690516366833	-0.0216909829349233	-0.353487401729531	0.00184434338095227
0.619353682146535	-0.0128380378314281	11.2658952241672	-0.0352851475974897	-0.453012290388325	0.00453230617424755
0.812777130500537	-0.0155586295470865	17.5485054179619	-0.0286764892900812	-0.501055052329717	0.00247892025055552
1.54729940458268	-0.0408533640759763	23.5673502537203	-0.0292306314497191	-0.524685174402879	0.00168205105939972
2.25500481971579	-0.051727388837497	29.8062872978579	-0.0237033086109232	-0.530239989450415	-0.00184391859819716
2.97174287160904	-0.0524216806749415	35.4786036561661	-0.0219677511397997	-0.530935899958662	-0.00408601098987325
0	0	0	0	0	0
3.64367550778232	-0.049226758422587	40.609352973729	-0.0218986625579293	-0.530448536695349	-0.0055328122464409
3.45824243722495	-0.0748346481088717	40.0510024338955	-0.0223587756862288	-0.53099432733125	-0.00459565504907004
3.06947458227794	-0.0836257236170478	37.4258033779605	-0.0230795749508573	-0.528812855854019	-0.00328126798649154
2.78697147247269	-0.0821925062280997	35.2986730061497	-0.0248942655867697	-0.526318889691535	-0.00131233044963937
2.7134619888361	-0.0821149362204272	34.547955265118	-0.0281524843144238	-0.525423786298715	0.00138139500641663
2.91858815320068	-0.0904705011529508	35.959101846222	-0.0325112311291278	-0.527620491958068	0.00392851501911204
3.26893774257568	-0.105654332640228	38.5170284202172	-0.0357224120366727	-0.530156730100303	0.0053318349667149
3.79739488658643	-0.133320484313793	41.8510176824033	-0.0373243624816303	-0.532013908315612	0.00593959742991168
4.08476785196937	-0.155888762008744	43.1607369044254	-0.0376693591278976	-0.532205450935789	0.00605554155623525
3.29986397443688	-0.11977063016009	37.4728322282782	-0.0367799965769761	-0.532128030922732	0.00633513201054028
2.50647207840516	-0.0868571821819663	31.2903062239851	-0.0336666293549544	-0.531411921511051	0.00540596174571555
1.76160956188681	-0.0595696671034274	24.6220225178163	-0.0269893769813696	-0.522312781957914	0.00334040343312417
1.03201037778207	-0.0353576972872099	17.9870398405079	-0.0171602869015387	-0.498140359819192	0.00261431680194009
0.548172790143878	-0.00980197419960659	12.0734915922126	-0.00499647676737364	-0.429146230787056	0.000954045318708105
0.222285052300577	0.00418510119838978	6.77625841118283	0.0375634003892837	-0.336110324097939	-0.000418795181182072
-0.0595470288158287	-9.59129380430977e-05	3.72147184313788	0.012859142455855	-0.237935124962452	0.00126262367051638
0.00104594077801996	0.00120713004301043	0.647907676596239	0.0373491083553211	-0.0975311270336923	0.000143868251266798
0	0	0	0	0	0
0	0	0	0	0	0
0	0	0	0	0	0
2.20468530654884	-0.068108409269209	29.7269046402179	-0.0291886264915753	-0.524928671087386	0.00282710884715773
2.35932737902632	-0.0759691381768922	30.6982454204343	-0.0310907758988389	-0.528054956988008	0.00395409885602867
2.1455507365341	-0.0641037920211678	29.3654288882618	-0.0274363676721153	-0.523871857225474	0.000930691148999029
2.21434405894655	-0.0616893950533062	29.8155522012231	-0.0264298095740075	-0.526229325066418	-0.000394590980145827
-0.0052901318818183	-0.000186889274725036	0.510976487253831	0.0142380902836347	-0.0958538004502621	0.000325227871054056
0.90874368259807	-0.0216160075708824	17.0736107202201	-0.024660767296232	-0.477659518305507	0.00241306149734824
0.960296851338861	-0.0273588198301113	17.3113715143404	-0.0189395359041938	-0.484335943938777	0.00275627408726653
1.62906691760596	-0.051771516414496	23.849526302872	-0.0276807472718109	-0.517324750492552	0.00337462763991022
1.50877680009715	-0.0429135743721831	23.2981086316824	-0.028939511105374	-0.516682184656876	0.00168229771436917
0.471885372722954	-0.00431868159762625	10.5748330313218	-0.0212207012975356	-0.408067927752872	0.00265122838672266
0.0488471971354099	0.00576067505413841	5.50502390179798	0.0111257948577145	-0.309396727781164	0.00118743965903225
-0.00690287624102782	0.00273082556963251	2.18631891375486	0.00166713088807797	-0.188467779995521	0.000742775519058126
1.51363271683514	-0.0452499610149886	23.2918652749216	-0.0292917837957166	-0.510731828968913	0.00307726663006364
