0.0184121400854328	0.00191304009067427	0.450462146537265	-0.0134018537974066	-0.0739556427246528	0.00111704186694809
0.169871721347118	0.0141970813118043	2.51218107186326	-0.0227816815784263	-0.194823700078601	0.00146693383451964
0.416406243414431	0.0262906791683309	5.68356786768281	-0.0255281186978486	-0.315692012060287	0.00202883269933129
1.06804367942534	0.00504000717490518	9.66382324606373	-0.0450912997393492	-0.454294844186042	0.00373547842139445
1.15095168498373	0.0219724411294262	16.2554593899087	-0.0291567463879115	-0.535054337985307	0.00373851335623533
1.63676036203172	0.0149468104170623	22.8783324190166	-0.0225550338046026	-0.581573100717197	0.00456737685075719
1.88432475613986	0.0237076644129631	30.0228706134881	-0.00287760008352911	-0.594129324464368	0.00488371547086994
2.12609595752312	0.0411086415066415	36.6102137179623	0.00837392079688412	-0.593582265386903	0.00521921930372483
0	0	0	0	0	0
2.34327159919379	0.0606484215160937	42.6097047171378	0.0146548740782141	-0.587713613442307	0.00539718432633913
2.41855664234516	0.0253173863549987	41.5994896619946	0.0123908757219483	-0.595609664810064	0.00589324952901851
2.35857324713302	0.00494625942536309	38.368838477736	0.00640645918568522	-0.593717558975358	0.00583023500956082
2.28895914570334	-0.00164218381430047	35.839435349251	-0.00222379671645322	-0.590289067628588	0.00596882745562599
2.29731067057268	-0.00443314878061917	34.9363460153807	-0.0136459574014625	-0.591617838865158	0.00643059312760346
2.41185323115724	-0.00857110828417598	36.5267507006525	-0.0248424087009316	-0.600388171095497	0.00707193122922216
2.57939865382071	-0.0157218855210381	39.4352622389616	-0.0318169390085252	-0.61081216470393	0.00747553264809383
2.85183050170433	-0.0322813411518099	43.2623268996997	-0.034312360939212	-0.621296189386788	0.00793174928224325
3.06916405599677	-0.0528251714894603	44.7170648925595	-0.034489407799334	-0.626814496544253	0.00814325483847879
2.73102073800251	-0.0362523241174346	38.1728516388455	-0.0365923357134318	-0.623151813458723	0.00754516255241479
2.38176501455652	-0.0218813079909895	31.1281438546642	-0.0330440804754482	-0.617660007325609	0.00673754803067095
2.01037107573731	-0.00985717185246877	23.7003168481103	-0.0228474879031726	-0.593236193358357	0.00560613924711737
1.55352840536716	-0.000263337256143338	16.4315655955826	-0.0117771659120015	-0.542657414908555	0.00508073016047073
1.03129893392103	0.00972708360533294	10.4648575116942	-0.000346414941080557	-0.429713799584904	0.00288004811999014
0.549479157250321	0.0193056449181084	5.40689608397489	0.046175023978871	-0.298141152491018	0.000549990589715749
0.105856365425841	0.00493421757575986	2.93499742675545	0.0116228015144822	-0.18647297277286	0.00159581750309861
0.0114454772850902	-0.000263630210382056	0.453218894963477	0.028842411390895	-0.0614877080845073	-0.00100001322724936
0	0	0	0	0	0
0	0	0	0	0	0
0	0	0	0	0	0
2.09884234359223	-0.00364568468576799	29.4943694131673	-0.0215650865682234	-0.592300680825999	0.00602593050631232
2.22799879565246	-0.0104386638966138	30.530034531489	-0.0266112438778407	-0.603951957700129	0.00630090925466569
2.01345267451017	0.00152141659032883	29.1688981097548	-0.0151822327763608	-0.586432967758681	0.00537352637997832
1.97519101908869	0.00837945186150461	29.8096710993763	-0.0102870853201453	-0.588384888158464	0.00508083424413939
0.0061037494846308	0.000311063254613916	0.38272201340514	0.00924553668776331	-0.0610057122793606	4.10710009557286e-05
1.29624681669311	0.01400670135027	15.7135257057589	-0.0228131079659835	-0.500542915524686	0.00435445381428706
1.4022145378076	0.00689874744421238	15.8699961365454	-0.0155078149747746	-0.515034684207494	0.0049373252995898
1.86056297436471	-0.00226451869591831	22.9276755703732	-0.024315433367428	-0.577941203222307	0.00534750261111323
1.66681009778342	0.00944892925224464	22.4811525261596	-0.0231138769994242	-0.568845893541041	0.00435830594790765
0.904263877115794	0.0137873670321406	9.01756576402216	-0.025384842948812	-0.393922639792959	0.00251643133290696
0.302472309764295	0.0144537148286921	4.37972907280287	0.0135381363536024	-0.266393590653151	0.001876155521612
0.0744433193132621	0.00527199906224056	1.65757912286556	-0.000496877356155465	-0.137804461029907	0.00113383537651611
1.73026624217291	0.00437197164737753	22.3760037589622	-0.0258891187894253	-0.561655758540756	0.00514435399998694
