-63.0560292054461	-210.186764018154	-27.5015187131145
-186.958821820646	-8.24468424543269	67.4125635591078
4436.3260132984	1405.10204262351	-106.286273960926
4642.32099303162	11428.2824936207	2790.66049684364
6081.96101366438	15404.5094243148	-3750.95999979649
40714.3938510362	14170.7057204064	-9098.40320226059
18291.826048261	59543.1145197874	6179.68726357323
59193.3628519461	19805.9990031907	11932.2576634621
56268.4455419926	20064.7875585333	14928.1319613393
20189.5042414039	56531.7891514495	-15052.0803730788
68437.253283335	20956.2732643867	-5827.21350774227
22562.3835693592	69608.6637650111	12432.3806358883
55357.4086124171	22934.9920541381	-20951.6521947523
55406.0746380309	18343.6558227006	10259.0828043965
27270.7015225761	34260.5336543498	23906.5276507254
58544.981380016	21170.1805684835	-15353.7373350259
20944.5001678931	58870.2603471495	-15084.9013749377
65057.4838329038	20351.5328939228	6892.10262754677
21243.1376653165	65231.1173315522	11823.8843991726
56754.7996558833	18604.8131130104	-9347.03908426526
54570.1777762059	18027.5972447068	-10197.4839342603
24856.2433516138	9029.31805974265	5710.71692192062
12823.7177050867	4016.32697849248	-648.198187970125
2934.04488184943	5207.97979273814	-2082.47768412105
703.301515121969	939.21092350155	379.872911825173
-43.1778887312603	-143.926295770868	5.30847902510703
-262.101165839646	-129.61952876819	-85.0576170787019
16221.7919800817	46990.0280940088	-10213.8244857982
40585.2084152957	14496.5961094899	9778.95643891296
55694.8250089856	20775.4774752637	16939.0475901374
18600.30018783	58664.0041071354	-8376.70618068447
54276.2305781437	18910.6839872686	-12837.7624339172
55605.858400581	19831.7165532049	-14527.7704814702
20320.5791935763	67072.2948853529	3441.00403324594
54523.5265121611	19843.0922504944	-15048.5344797519
948.187343686053	2021.61393777214	-568.137182885367
-34.9714738746415	-252.676925305435	-3.55509963782782
24720.229622011	10445.8836047022	-7974.7046463477
41837.8643295174	14293.5494280741	8627.93833916401
9322.85789605544	28517.3925904565	-4458.10809068295
25814.0648107234	9269.2302962288	-5545.34861466585
50874.5867751197	18203.4470687906	13651.9763255222
43596.2720044646	15681.214916496	10406.8927374604
41336.9512414962	14550.8087242921	-9849.00931371452
17973.4207735352	59868.374686494	1190.86525167041
9372.25713663204	9261.89382122094	-5900.97710460615
9228.20807431629	27673.036302809	4104.8567295853
1311.3520887669	2425.09238049927	-771.48224521093
2957.43583013643	4816.7706969172	-1907.44015450449
1092.53786421384	431.767702282903	57.701605154393
1790.35623889787	4160.81851021005	1016.97355460063
52874.7520120385	18138.548252061	11704.2444767394
14612.1237910788	45212.0280985525	-7102.74511004248
