98.8353163514381	329.451054504794	42.7749658987962
326.97806899547	176.415807469855	-162.050273623449
3117.1561300228	956.904124594538	-122.499052651585
2485.53243199981	6174.87706129801	1450.81823231905
3038.20368279666	8295.06582393418	-1715.96909325523
14290.9412172274	5689.24784390848	-3683.86829789418
5988.90366446264	19631.5233806374	1149.44179056187
17976.7500513767	6929.34284522361	4453.18691799918
16985.988907786	7508.8341541641	5425.99678790533
6598.25612689975	19564.2799772067	-3300.99420999746
20970.5138410852	6546.8196367375	-2032.87637753
6906.70531305914	22064.4236147983	2146.89241817537
16158.7181224888	9203.02747833921	-7048.62423970376
17626.9010697489	6594.6448350632	4028.30001962469
8303.90780006096	15900.7628883344	6176.1615232979
17806.9685556195	7565.25889307902	-5169.92625842685
6813.42199698227	19765.4901840028	-3379.22187765188
19664.4566771258	6519.08143588588	2758.91758868195
6698.45688737567	21320.7048814741	2098.24563058428
18378.5666998875	6405.15889837076	-3478.0104867256
17633.911086661	6441.76907084185	-3851.83357418588
10563.5721522936	4373.92033764246	2865.27934917621
6786.83773109467	1963.72636491193	-272.493451588405
1688.60219082396	3487.09524666362	-1148.76357846812
577.120160649261	990.046456205769	394.337244127888
127.157333200699	423.857777335664	-18.3163437504501
372.188367604305	202.46438599494	130.861922685831
5747.78763488163	17484.0436823616	-2505.092156757
13906.7054618109	5970.11404425497	4115.62191084011
16718.1398288941	8075.19872742735	6043.47109429855
6185.75774012281	19722.422472209	-1855.42844085807
17382.4750103196	7036.28438965048	-4719.16952803331
16994.8050491077	7258.59478285873	-5176.74462367786
6228.90994604636	20589.2881599693	390.114105267002
16613.4846196121	7400.34006707234	-5366.21415421637
772.815720274777	1691.51438542947	-529.286848481712
84.1237811900887	393.990940422753	-28.3784325513248
10091.2597356829	5060.80955998504	-3606.23878529477
14571.3066404128	5628.49636132211	3538.13492548204
3980.69453067295	12387.6784801316	-1443.17711266232
11159.428750433	4268.4081461857	-2571.67040574315
16226.0895623265	7173.12303778576	5158.62534889913
14701.0746999262	6328.00820821894	4389.93017579136
14384.2671642307	5855.65715467497	-3901.42247224939
5828.66643629793	19401.553352298	134.127650450392
4752.3672170589	5295.09234782645	-2933.6057238193
3885.31496502527	11826.9392127729	1594.66086774
900.906464439397	1895.81333816829	-595.026330711981
1801.94337217922	3127.28785992722	-1240.29282446132
1173.67663485284	334.235090472665	69.4506241656972
1172.65697027456	2841.70760591787	762.289262682325
16885.3667549179	6773.04858361583	4531.74898598013
5183.22403078226	16414.8875804947	-1727.0687209088
