43.9670475351788	146.556825117263	18.4014876332607
132.877521405637	57.6738099648311	-67.0204295109472
129.77356111299	32.1431790546401	-3.43935666793059
31.1281040289115	92.2618912531361	29.3005946588326
35.1183737332579	103.373630094854	-25.774997894779
93.6406058272159	41.7501858818285	-27.6602525072469
35.9396303334472	120.321993304868	-0.507994499436296
103.967533282883	46.5253590674721	36.6806977326288
97.5676406464976	51.2347423918507	40.0490764766116
35.881891525758	120.410518072819	-13.0628742681305
119.712478928696	37.7925812339645	-17.1847829603208
36.6972274399528	122.66237706885	9.59009539158106
89.9428977715992	74.7831404430332	-43.9332296120269
100.733657999386	48.0138111239331	33.2815833495314
46.4377768734685	122.818145293639	26.0569308680192
116.395701879308	57.6319295889044	-35.3748160177781
43.9515526743965	124.910338603788	-21.54678118885
116.699042228737	42.5152154140305	27.5132026200134
37.7534552541514	125.990434322003	9.74644665920221
108.884034535844	45.9921399318281	-26.7036306525355
104.725226905826	45.5302399832544	-28.3167647589609
87.808828717955	43.4173626945663	28.7311260258265
103.026082203749	12.0171351561506	3.74065423444938
38.346031579376	116.861267172516	-31.6861277385462
37.8063524054732	108.286871858483	51.3266490287726
51.3098103839327	171.032701279776	-7.05386480202867
164.858075421571	87.8721375416907	56.9634572985266
35.2646115633539	109.5267924701	-10.6149479662777
88.7961561904332	50.0177663804337	32.7631000575726
96.9683950103134	58.551409866902	40.5135158369935
34.2175831866943	120.000470487978	-6.34067730079532
107.94271926333	46.8279566639557	-31.1069450560689
101.100587637952	52.8578354632001	-38.3902176834143
35.894678322039	127.350063925109	-5.25597392147417
104.940064247184	54.5125000259997	-37.6789322400964
56.7701456582494	139.139257026687	-55.061247905328
27.8329025384882	170.62325984874	-7.05811450917184
77.6606164341679	46.4686375975235	-28.7581201516246
93.3178758398642	47.6669297320276	28.9027950900302
34.15913593007	103.112246121435	-11.893355259736
94.5830303316487	37.3562103138401	-23.1413953208373
95.0062739327604	53.175263066357	36.6324590747333
89.6428071450578	53.9837846838766	33.5456715637065
95.0865061516532	42.8224562340489	-26.7934997809025
33.1253148934122	116.46582148929	-2.80422323452498
55.3150713729876	77.4059578775088	-37.0869064721228
31.072454538502	96.6845151964059	12.5271753560679
53.8463686684768	146.640503052769	-53.7776230289556
37.525125696952	95.9541267559701	-42.299049415612
134.765932023348	13.5573605661088	11.7845030616464
35.7318352618404	105.780485912931	41.8038608919389
96.0535971387565	47.3540892047328	34.7385971077916
32.5810526041076	107.234644507024	-8.03129638647088
