18.7014507874329	62.3381692914432	6.76857022650828
93.180048178749	61.117543684202	-38.2776995107504
1938.83406139372	590.13000793534	-86.020464743308
1626.29669280749	3990.06449142575	911.714523889131
1937.61732818761	5341.67305628261	-986.232602938784
8840.4577193047	3692.88055150943	-2379.04319705205
3607.03538851984	11881.0224465769	535.645587092377
10701.4710150211	4411.93358714885	2856.58486586074
10056.4418246005	4878.96594385263	3426.71184433496
3953.83998819998	11832.2722110528	-1803.90242390103
12472.8351192397	3930.64275025986	-1267.28622134341
4065.35750067412	13084.2508705995	1046.87879531379
9522.39219339037	6077.50164451838	-4295.23115249209
10543.7983037654	4202.74963593885	2624.75808872947
4954.90561430801	10403.6062113331	3412.4727904489
10754.6698460396	4836.2056321495	-3222.81620355875
4132.71206374769	11996.2110616462	-1923.09689254516
11750.4592973497	4016.1593409259	1831.61589440111
3988.28891647114	12797.988672037	1038.8947582357
11124.2052062568	4035.77406719779	-2243.85048932286
10653.40071438	4076.44723229541	-2459.28245585682
6463.61995904185	2871.90870599384	1886.94781012657
4373.24877268655	1317.243603108	-171.555770061083
1111.34028421821	2255.70222490108	-739.116194013391
332.601652743231	524.886710795132	198.72943345798
29.0957642855531	96.9858809518438	-1.95621206932005
96.2673997939595	56.2621207557496	35.973549036183
3506.32921480705	10753.8113038947	-1365.48762132399
8464.54528593609	3961.71895428764	2701.71934339238
9867.37734266968	5310.9690605078	3783.13066311631
3776.8297941361	12058.6955819026	-1033.05744423831
10503.8256696176	4497.47381868928	-2970.58797876548
10144.0532142753	4656.95275936215	-3241.13527937943
3732.19401260202	12369.2708125422	107.233181839125
9974.8314935379	4785.25484702883	-3360.7781726073
453.348411455928	988.085603829801	-288.242851814127
34.2643854531824	102.005509801769	-5.43081074179405
6258.16832201846	3264.82245942975	-2247.73226352497
8988.52023001716	3707.65184452776	2372.3701635382
2513.20727722934	7802.92786846835	-867.305505421699
6957.21152803398	2771.34255360754	-1663.49313758786
9752.27744944648	4713.11299565442	3300.52402609916
8883.41323596808	4159.85386239841	2846.07122747085
8993.11000799069	3826.8445728054	-2513.49338103383
3512.25432336155	11708.175648442	28.8928891408381
2997.51777133724	3402.76660635636	-1819.86999752029
2398.24819914242	7372.36065565766	862.050907015676
508.768285816328	1046.03255648575	-305.199399556699
1149.72279611434	1975.95448844808	-742.70404371193
606.183441922669	202.1998951755	37.5720139692171
758.840372360085	1791.38852419381	455.932066756662
10125.8370357344	4378.99060341503	2925.68385397935
3178.52137279331	10087.8372180606	-966.225924196413
