49.367890689678	164.55963563226	21.4135844114515
189.363244675122	110.755053513417	-88.8656528727959
2763.08506718497	841.879868869659	-101.197212679166
2278.12921154512	5590.57235323127	1319.87061448846
2808.16036090392	7610.62346240876	-1541.32727808392
13059.2195375123	5253.46506214524	-3409.99950363216
5470.77801304773	17954.565840533	1004.6462057167
16397.3001292677	6389.69596371311	4118.50239285115
15493.3806916644	6957.20764003266	5013.52653184112
6028.21340276061	17948.4111450411	-2946.09420332748
19153.5332857408	5992.56615022283	-1891.99917278612
6304.80275100118	20155.3592396064	1917.20196779384
14721.2406659067	8593.72849627038	-6482.91926228374
16079.1939953914	6074.63809688597	3723.01864293691
7586.58455508531	14758.6128277194	5559.35658731503
16250.0608902546	7005.04848335776	-4766.39085758191
6233.13051084105	18116.5923405648	-3024.16213396125
17938.674003054	5977.17689796596	2560.19818725113
6125.2818205722	19511.1456999288	1878.29147273187
16801.4582517181	5908.03794538333	-3232.50477277461
16099.5630087476	5940.71927869606	-3568.79111608604
9610.1265033964	4019.4153617309	2625.70920235043
6172.39840299875	1833.00382822901	-260.856280067543
1518.22729771519	3072.89365742109	-1023.79809942688
494.104017958634	804.705331343254	314.398503979491
67.9784643847204	226.594881282402	-9.01599421240729
206.901794031883	114.903983453059	74.0437917505102
5260.22648400419	16051.068432885	-2223.7645281409
12712.9076238364	5525.32082966726	3793.26102734211
15261.4999945917	7502.33799854595	5572.37961915241
5661.06255296767	18085.6937139227	-1645.58277583174
15894.3037635658	6503.95761421143	-4360.56971866026
15498.4020879801	6716.3986657635	-4779.95745939208
5680.49904701653	18793.6021225113	338.107796980619
15151.329932851	6854.71600627264	-4950.26362130544
661.279222532366	1433.54364936846	-436.022812091937
54.9468941369506	219.137887007234	-15.9979097120231
9245.36943908009	4658.08478723549	-3295.00565687029
13340.3940808187	5216.90928391412	3290.37641506441
3601.6320311803	11203.4529004994	-1278.72028185239
10151.9563832849	3900.7157244767	-2328.2603308145
14826.7453319391	6648.11532948754	4763.48349076055
13448.76091543	5853.73479176008	4041.73816738458
13202.0791971079	5415.81188734536	-3602.68916183311
5318.87231687197	17714.4961992428	135.793425278812
4273.30554511714	4791.18016101686	-2629.79979253451
3554.1527859617	10832.3938241	1403.01362112434
779.788357853786	1605.53973895726	-494.62119720028
1632.33584670083	2807.68190769076	-1087.39194477018
947.312886150256	294.474571956128	57.3911775723184
1058.49543617537	2542.14340800367	664.614465882903
15411.4343044016	6254.02811387792	4186.60539370826
4737.72679677531	15028.8918468465	-1531.87228358308
