6.77840749631333	22.5946916543778	0.669555949989529
67.7823294110252	106.153487076464	-39.9536517964195
5191.31506850359	1621.48870098467	-144.711761819749
5037.18813964245	12484.7764404242	3090.03686799554
6529.31772889082	16609.5971828452	-4190.79753433538
45083.5734215733	15622.3729871573	-9999.0298376535
20222.6076085898	65875.1483315977	7329.88915594767
66232.8796274727	21915.1993457714	13110.7301971037
62989.0713644367	22184.5776511808	16376.3530485669
22504.9636428442	61729.4180294772	-17525.872340163
76361.5835830947	23269.4221005556	-6422.6552734272
24943.2283241784	76692.3093693099	14750.7699200894
62051.6340269827	25029.5322414944	-23132.5280631738
61761.5370387003	20204.6349224358	11168.2728865208
30685.1794043488	35678.6169076896	26982.6407287302
66190.9243804295	23365.0780266039	-16880.8216264655
23135.9493527585	64478.4151021929	-17516.2182233799
72809.1271779932	22667.1428915746	7511.98751983632
23451.0816296575	71767.157757662	13941.1419447106
63245.6803479242	20516.9604305671	-10245.0694795194
60809.2746951965	19899.1724647701	-11191.8443624198
27314.1481839443	9876.46232443204	6172.33332757702
14011.3639448725	4234.94432426935	-685.023818080288
3158.64612818824	5764.84579979828	-2208.45747211776
880.278392338903	1280.85593148612	516.425353094185
38.5715653950957	128.571884650319	-2.06505409948393
35.9878349571216	26.1865040534028	16.3278028239074
17781.8673276943	51179.1524050373	-11691.4957381141
44987.4046835698	15924.3805932629	10680.851468638
62419.5611686475	22782.7173240081	18631.7583759425
20518.226720102	64817.8955698824	-9837.85980559757
60142.7904383448	20859.5232599569	-14176.0216734391
62160.9638606187	21815.6468688256	-15999.5437121514
22685.6005603595	74852.5883941148	4183.18175328277
60961.6868887843	21800.8730900268	-16580.9280111873
1142.63720215818	2480.30480645366	-729.525399932598
36.6203059548283	51.5221399673246	-15.4889992556586
26748.0264007589	11268.5637192885	-8655.49201801919
46382.4985384496	15727.7048668088	9420.97646865577
10189.5891909262	31160.9981814488	-4870.2024914602
28220.630443949	10089.9887034548	-6077.04761354216
56842.62683934	20163.1596863427	14965.4625242627
48229.3882157075	17136.0498720411	11392.0827577767
45821.259014086	16198.5092358597	-10691.6059524286
20001.4051804988	66570.1296528381	1519.008462893
10249.468283632	10062.0101051667	-6415.45156903265
9977.809715015	29849.1345310334	4860.06641055391
1544.17013390036	2952.52785281882	-970.363100381486
3213.89895026934	5300.51596828675	-2157.73026035001
1532.24234836923	527.191896065809	75.3485356066185
2019.21211235415	4760.342839382	1263.82997304339
58994.8242629022	19953.560916743	12790.5271613829
16097.4705133684	49635.9819176676	-8199.2635311342
