115.537033117119	385.123443723729	45.9772268559928
308.355027778112	146.352797453434	-166.645244903975
574.438317472918	184.445750506268	-33.120995780655
256.24941415962	777.251412244992	177.360815528881
335.800282553673	1043.16727839494	-229.990007626854
1354.0014940407	650.564667144035	-404.68631836298
515.097968518948	1688.48125491933	84.3010661686612
1504.09090476783	723.822330687256	443.400271487756
1403.73996595258	834.11480283979	521.651736649607
564.581695251009	1685.77565456034	-221.326662992479
1744.15341473363	569.340302107206	-191.641841808901
564.750950220625	1820.44722633	113.667313435838
1305.32279404474	1035.0951694063	-623.684608861199
1510.68760589342	681.730588669792	416.528017068609
691.533377768773	1588.50123927506	416.487036708325
1499.38118069393	777.394567489505	-494.824574657139
579.253895107713	1713.34028767458	-226.078541664243
1647.13699278319	602.128177925431	289.674803551792
557.671990907715	1791.8698106208	110.294535018942
1591.91924668778	621.735421355486	-354.590831551274
1532.54913175896	644.085554639338	-388.520307625139
1077.2423300742	524.030861447052	341.850080286027
813.240507222615	139.53245423559	-8.02905104677126
239.576498292559	684.757669265998	-177.822101795287
130.4821308512	345.59042210934	156.645934838878
133.851817535403	446.172725118009	-17.3450031246504
377.185973670668	200.85786228697	130.229311891756
523.978033964581	1627.23677263942	-184.075129545501
1264.40047567068	695.547411003578	456.674154633131
1363.06869188918	910.853586118955	569.78150899861
553.71456534587	1739.14615666588	-135.544382680302
1472.13522515696	750.042599624842	-469.383546872252
1418.65158694729	772.68041725425	-492.295220217385
531.795129728157	1735.8857601891	18.4465925068226
1384.58298567382	803.693384400741	-516.504047179473
217.104968423682	503.982051756346	-180.091408006446
62.5864518406244	400.019517802071	-28.7691588441412
960.846340163691	609.648985934384	-398.862815510482
1379.92785324775	618.865342085263	393.522978859981
424.792772782409	1329.12985731915	-156.250706588763
1152.19074721972	457.612192166872	-301.489948747346
1382.61934475962	811.758448985046	517.216660788806
1306.27974540968	748.601722470364	487.192669883784
1363.81920206919	679.574346337569	-435.915881118576
511.95918452909	1682.44552773274	13.8321551412817
592.468280979099	773.597479478427	-388.398291762508
365.066720737911	1176.90416392185	168.241209467493
215.574517434746	509.759113862729	-180.137707592178
257.335613922331	541.250910373402	-237.79183251847
426.144007652827	62.3077617528567	34.6512250570392
180.816620095834	489.006239081447	155.304951597688
1463.08339077206	744.973856344855	465.842770476671
481.538705933464	1543.29469014085	-137.212504196157
