-26.8694977041167	-89.5649923470558	-17.5467622909904
-88.9866344746462	-20.6416406224463	46.3064400430251
709.308358049327	234.463602823232	-24.4644819921842
734.783441586395	1683.52672835595	362.290558868827
888.187502480527	2362.41302008212	-363.587440136821
3747.56381883202	1665.82026098354	-1066.22072807224
1562.69761187704	5156.49707139641	189.610733286717
4615.32144926727	2047.73387238014	1333.76679041485
4338.57988089322	2306.96903772163	1573.05015356161
1699.57404317122	5204.54945669109	-686.268559082263
5394.92599544309	1724.02305687837	-614.302957614246
1754.80415493104	5672.78944222792	408.137883183701
4096.42574579491	2998.413084414	-1924.7571859751
4532.93646386515	1948.0008848953	1223.63247118849
2159.75976434495	4809.80725284418	1359.48840968523
4687.72850328406	2317.93739738031	-1485.64746483345
1814.69434426614	5296.75934488887	-760.026920724369
5085.75263613956	1807.69057702251	877.644464336091
1730.24396170791	5575.32219423107	409.594643848442
4789.76933952085	1856.26628995988	-1062.78025998219
4566.14809192505	1878.03420875353	-1143.44826196788
2738.92211388386	1296.72701164071	825.730067656676
1847.29856574415	644.302931903509	-94.1109611882612
503.011291678384	919.527406912004	-308.787646562771
127.72719229244	139.5202384815	43.245192339265
-31.0551214898377	-103.517071632792	7.46109611108267
-125.638031375502	-64.6252564728052	-42.1401383438282
1512.53918842342	4687.50305259752	-498.936107645776
3622.01951884234	1844.24587466953	1201.21937145048
4269.0318885831	2553.309935878	1716.19845459519
1630.22420540959	5264.99952166253	-381.258497367507
4556.22414639248	2101.58441611762	-1365.74478917543
4372.09751639856	2210.26717160528	-1500.77086347745
1612.0093940909	5373.1613083671	25.6749107676496
4317.41279720087	2281.7959856412	-1541.92965680291
175.102961837171	348.243821871862	-77.4410466004247
-6.33338919260326	-119.591668649742	-4.36941739967609
2803.02357532149	1495.43783573242	-984.581190151294
3818.70838531747	1744.84553430958	1111.92500338008
1069.1034995773	3303.74027710437	-318.70683960844
2958.12212857415	1263.74241638996	-715.475383542815
4192.52414566861	2226.44426330974	1501.45993147428
3824.41784473119	1943.84135476722	1271.32647075288
3907.55900749101	1773.12579237472	-1144.72778550752
1505.6672042224	5045.03882596504	-2.04108004573663
1253.75636805177	1442.3149646345	-732.417043093273
1063.33875559717	3260.7458507001	281.290805662031
200.475951541114	361.365196352386	-82.1632080858717
524.777818090239	834.074678521545	-267.737533441305
152.112512232054	86.6790204779872	7.22898444435019
319.827944269194	698.527941991237	133.192124367195
4327.80262953849	2031.99946253233	1343.53547879488
1359.71785857019	4340.34248550101	-351.45695868828
