64.4160591794001	214.720197264667	29.8083561945023
232.578986573851	134.692773636914	-114.019571098805
3226.87262308867	987.582649060721	-130.687134032442
2672.77272192914	6642.51012427516	1555.64382108864
3275.28451962627	8905.08629563671	-1853.57519562245
16550.1387990067	6462.25812593309	-4183.37029482359
7057.99273494986	23147.3772812211	1389.14834565122
21311.0481753033	8036.77031996255	5137.35581192347
20163.1383584415	8631.48593499184	6287.40002379101
7788.92462079095	23027.9101602653	-4038.16053157021
24926.3100209171	7762.30907997343	-2391.66989564313
8284.13607910454	26393.2526952684	2745.40334652398
19414.7983829119	10552.6209617346	-8324.45767129903
20797.4317279984	7627.1736394637	4617.91725957467
9887.22069663901	18069.2543999864	7563.56181163072
21066.4304021753	8781.76753467558	-6074.63598619617
8043.77227078165	23391.2321017018	-4081.82852706726
23352.38592496	7669.91679097187	3139.61741881596
7972.32686261864	25292.2160635386	2669.04487260322
21575.1882286151	7438.75969658411	-4006.91636803229
20727.1458692293	7457.49868694033	-4436.60334798548
11779.343902186	4825.71799017134	3170.1473333267
7304.68259626265	2132.19314569924	-302.746162686505
1786.04913040096	3634.43807707375	-1218.20651433612
576.273509693753	950.221437815044	375.380231982627
88.2618190625077	294.206063541692	-13.3834259530776
258.55536774275	142.255428246806	91.7964768674924
6657.36998799486	20171.0294881826	-3009.98166587159
16095.7227834382	6756.1849291616	4678.49418893952
19906.3791136665	9261.50638109803	7046.35478502867
7243.4994107095	23088.7562123117	-2232.58163795438
20564.5235429765	8137.13106034705	-5487.89057383993
20134.7295621355	8372.61644654918	-6015.73258345956
7379.24852160721	24404.6139210504	564.936823762397
19671.720668083	8510.35819915909	-6236.42631570094
776.020296532482	1694.24536764728	-521.224413963645
62.4190179841565	274.084003768449	-20.0752268819566
11380.9371070533	5589.67508327374	-4018.22917811427
16875.0610698222	6409.41957521838	4022.43811755137
4475.96612043399	13937.3417998862	-1635.97652312001
12484.6236178323	4769.81717659738	-2884.87988300417
19107.1501515412	8183.45562701847	5923.66322084233
17090.1480540371	7140.10647852066	4951.38808306446
16670.3583912586	6639.97975391654	-4424.55046659408
6851.79205449849	22819.8779422666	164.970424535412
5136.71881987559	5621.78601691237	-3163.98957252246
4336.86443215635	13246.9608450282	1754.04967461407
904.793257143059	1879.57022379303	-585.16854834468
1884.58119984572	3249.82877341919	-1285.45838916504
1124.30530471242	340.927285597878	67.3023981498916
1223.53669515946	2949.49405616916	786.760401076849
19880.9784956179	7780.74090089356	5199.76141763575
5983.99445824782	18905.3428750497	-2073.89847743724
