98.8652674885929	329.550891628643	42.4077350876915
327.635761869461	177.927886009369	-161.471023933436
3262.14364669687	1003.65216824858	-131.939556435443
2652.23294581445	6606.19179221237	1546.0766856265
3252.54642238813	8862.63786978194	-1854.17663785025
16127.5707879871	6323.81862769542	-4091.85150012403
6826.99601465169	22388.0084195742	1326.57010714573
20561.415870661	7795.82109034883	4986.55618721866
19444.3996183436	8391.5002044938	6098.14048032174
7527.43783305939	22239.8261372441	-3883.09149529824
24023.0594804067	7484.22644242837	-2301.15207965274
7953.7998561735	25355.7158469031	2590.05039766511
18637.5282194182	10231.9715767882	-8018.04194529965
20107.9859101249	7408.20132778747	4494.13113377074
9514.84285483941	17617.0295740163	7236.68535977381
20335.4721938898	8495.90247775121	-5858.05965909185
7762.94729055457	22536.4253460353	-3938.00772466579
22513.0804264615	7410.1947492504	3058.96886617982
7679.09754705673	24382.333870157	2524.57853535042
20903.4091953499	7220.02683533256	-3894.84495789064
20073.3092777383	7242.16908254959	-4310.15206538437
11590.0635937688	4763.56906383077	3131.62127320672
7255.26113187448	2098.91341732369	-297.748643997378
1784.58457901826	3670.88635916574	-1217.76892175944
595.814148754506	1017.25020856417	404.657407187604
127.178770051889	423.929233506295	-17.681995986459
370.544668071796	202.138319143042	130.59247693742
6474.75734236456	19633.6989558432	-2906.36924582647
15662.2929036192	6612.92996183215	4581.29717964208
19174.0452801645	9002.173480353	6820.23132079609
7025.89478626603	22383.1667427216	-2159.31720871083
19875.8521598841	7902.98667800917	-5318.63381647325
19434.9400357706	8125.97533232644	-5823.33859121838
7121.23461856814	23539.4895881836	512.416611520864
18987.5451471145	8266.64718798589	-6039.86449798052
806.498306037902	1765.29934147089	-550.153398586419
85.0056983136427	393.184981297053	-29.1636956184305
11155.7771127547	5509.79155673604	-3955.99303640735
16443.177115229	6263.29686023639	3931.0328938887
4397.32800450759	13692.6016337682	-1608.12619618766
12286.3310860579	4685.14492625676	-2834.44058637022
18490.994609251	7980.11459823891	5768.09387355412
16607.4044361848	6986.13702361362	4847.96880424082
16234.3896566803	6491.96592198596	-4321.73138910366
6634.83796146572	22085.8820012631	157.158178516788
5104.55443423098	5608.30523645928	-3145.8010877574
4259.90823842439	13009.0042764016	1739.29302202229
934.701198042824	1958.06651189363	-615.955033425556
1891.56484513731	3280.24214034394	-1304.06483135302
1207.94944591779	346.569120384779	72.4121841516244
1229.19714616302	2972.95375414318	798.170098345858
19240.8460994272	7574.87195235128	5062.32717880014
5827.6440953585	18414.9296513485	-2005.91766237799
