-78.8171431108908	-262.723810369636	-35.229099453961
-270.980580966278	-109.732098792693	128.1412314724
487.944046271365	176.121533030829	-25.4016111435189
674.464797133174	1542.9172393574	321.618376009031
826.294286211331	2205.03508215358	-328.069405237771
3503.49492487267	1564.66705181252	-995.783373333242
1433.66153567792	4729.24563092379	168.05089603975
4223.70322964502	1901.70523907696	1223.82920284317
3956.84716428122	2139.24685104922	1434.36700849547
1557.83268834887	4729.07159438081	-634.400341988817
4893.29025102269	1563.59122829408	-539.89264630961
1574.83901719792	5096.81154184101	347.497894981997
3688.85808077094	2711.49468482712	-1730.44819003069
4158.40566015276	1807.46211116262	1135.01300161601
1954.891644669	4446.34581562184	1223.66388365423
4308.59284493269	2094.90085354036	-1349.81611542068
1655.60254872717	4818.89181272402	-716.430171366888
4650.42337012648	1663.15249787559	815.64440200698
1562.58234703918	5043.84243837912	350.349034387766
4407.93896497293	1699.21720577564	-967.268396047339
4211.07535158731	1730.98837872996	-1047.77299658579
2570.89126289652	1226.75872006169	781.499829460327
1688.80687065882	604.826193659797	-95.3359292235008
449.517134226366	788.493850597224	-272.45773561422
56.142122581606	-27.5679990490531	-18.6288390903817
-91.719472692564	-305.73157564188	11.1558650115901
-345.629853459529	-182.033932414549	-118.238924439108
1403.97894891927	4341.22849446109	-474.469371387011
3366.00017674939	1735.61844398521	1129.80781829305
3864.27931896986	2352.73721144466	1561.45753888472
1504.95418720135	4829.55660130037	-365.349965800117
4174.18314855023	1930.42188457269	-1246.67674815376
4006.13207384152	2036.68705197786	-1366.05711559186
1478.45117013034	4920.10770157536	5.08807324213613
3964.61787253106	2104.65235973346	-1410.24807465909
92.3875864579136	147.42787654985	-11.6964347883528
-61.411924731186	-348.20166454034	3.40631485869634
2637.1764500532	1418.03251827652	-931.999598372284
3558.61269035894	1627.98772773341	1039.09492777832
1010.66723702384	3126.84378578573	-309.2677702476
2784.60641088247	1192.48354473062	-677.065145793629
3846.92572220124	2077.7074363652	1388.98865389315
3530.4818453043	1827.4168777906	1201.2307612763
3635.71531926326	1660.95699226263	-1069.33767064163
1389.40113529026	4642.17129493449	-9.12973905205368
1163.75110013879	1328.84895775389	-678.223953453063
995.263118611759	3064.88220049867	259.623063888543
116.500976413866	168.810290932014	-12.8496701577525
474.448831758594	719.256778362696	-222.439968185586
-42.5865571893864	45.2729580581484	-1.92504408027118
236.45717965936	518.001784700936	57.869125246623
3982.27200427404	1897.78173885787	1244.32424934651
1271.68192097695	4044.90410569827	-335.871467519094
