-20.3138885776366	-67.7129619254552	-9.21984541902698
-35.9102005682195	5.78206896045964	21.6601525325919
1887.97070212449	584.77831366175	-87.8466945344084
1646.28443677287	4029.36871910299	915.480659568631
1965.1880264351	5422.01020748303	-998.721774998478
9133.45964412673	3819.28962363302	-2460.31783272624
3755.99941213732	12348.0400144231	590.69162904335
11152.6430793872	4578.8403719249	2945.73499994092
10495.6272400744	5065.48114732089	3550.59120622699
4126.71619229141	12339.5269815414	-1879.12970092354
13021.5300090041	4107.5163042044	-1324.99013257931
4269.88653928789	13712.730927222	1125.84578700908
9962.50995277717	6325.37795607355	-4493.74968068731
10985.634911714	4353.14067078532	2699.74162080957
5185.0899182541	10727.5995044456	3587.93658514312
11152.4352461185	5034.73001955517	-3358.88908586285
4296.91662008725	12504.299556322	-1967.40042368623
12239.0823681764	4174.18353016697	1869.29564793291
4170.74129265121	13348.7164997181	1111.2604446459
11561.0143148135	4186.62045855204	-2329.79435993705
11067.8085724433	4231.04336377396	-2554.04067256163
6626.8231609671	2933.39724779131	1925.82120841074
4416.06787081861	1342.91440147499	-178.875315877404
1113.7791645623	2236.39732171108	-734.596998795693
305.731516011631	442.374112388902	162.892918457205
-15.8103161553518	-52.7010538511725	3.62532313273874
-59.3642212884277	-26.1281212665431	-17.501471566582
3627.57891354459	11131.8154012447	-1414.889270308
8758.40583854497	4075.81681613034	2779.51854465514
10310.7253384777	5510.29660647452	3930.88881375151
3930.6374993881	12536.7443491026	-1069.28584933133
10912.3439676429	4687.00289130119	-3096.41438148917
10553.0742037745	4842.6212563653	-3369.26804497184
3892.85994151264	12863.1085394938	156.48084340984
10353.5188982247	4972.45937103703	-3494.24077523752
421.722621213053	903.124524079362	-252.760442958586
2.80449235698646	-59.3236884636359	0.164730004434004
6426.14473945336	3359.20763048493	-2317.32033686325
9301.73770917908	3811.97920302211	2434.75781910357
2570.61500476682	7990.5302422874	-883.295943474937
7121.55724182861	2836.77378457857	-1704.4340232945
10150.9815227528	4875.37928697963	3413.18846479741
9202.60210480066	4280.83284699977	2930.65125554699
9287.7980474086	3961.190677317	-2604.7443418719
3656.34359089544	12171.2962534516	54.1865781673609
3038.50581125372	3442.48178411985	-1845.74358855661
2456.24271402127	7558.91575975763	887.095837182539
480.140850885765	957.960188361922	-269.840360885064
1158.13482534026	1967.78891459179	-736.079667832977
505.235696046015	193.248201486029	31.113672043907
748.595501778443	1758.57800667102	430.603133746189
10546.2887864529	4534.61573846538	3017.63417341019
3286.8880983021	10432.2228042595	-997.017496993035
