6.24025773089206	20.8008591029735	1.88499910107376
19.8660607979314	9.37566075592451	-9.26631275683066
-1.36362081135527	-0.802331436275488	1.33000700314034
-0.399212713992475	-6.91712538571998	-1.47374097201148
-1.23354091311607	-10.1246111146428	3.53528927747683
-5.39465262684851	-2.68371799803881	2.05953934650817
0.258653517209374	-1.07480666876328	-0.599294460131196
-0.27424624872936	0.528085535415453	-0.275377211973899
-0.0675049542653206	0.214951845698422	-0.396584500278848
0.376513911261729	-0.310037169215457	0.193003712006226
-0.241795574258258	0.268459763456021	-0.078446467763615
0.385952300746132	0.272584739443424	0.00586237657210316
0.134069242005341	0.269260073781764	0.0065581185876509
-1.39669091410966	0.0921968067795189	-0.513816296894008
0.320417014859273	0.0599592498152559	-0.0314057119678178
-0.00491697169454155	0.0514435783418009	0.0505912077341857
0.225448853383849	-0.0793676446881718	0.0331341514375013
-0.230504243979004	0.522893778647083	-0.110148095756415
0.303732828168026	-0.0214812698424711	0.0335384079235643
-1.43138547086542	0.126584783570869	0.374417698346306
-1.95355498393725	0.146187598694551	0.747888843817436
-8.64576655361762	-3.13124397071135	-2.93941348128399
-6.36961656895785	1.5801555076219	-0.0419694357792669
0.518687588395839	-4.36757662059031	0.10036477812652
2.81826233944282	8.81789553311562	3.92092404699899
7.13003430645304	23.7667810215101	-0.434750220508661
24.3424694082561	13.0044649473602	8.42702886956038
-0.805110703248272	-4.45792963830903	0.874545707723124
-3.99697738578319	-1.99565745983542	-2.34500211014472
-0.0335350704544218	0.200842341986812	-0.286074103520386
-0.17114237865008	-1.40360547549754	0.273547463547181
-0.462504419751569	-0.425782325976298	0.537236818922401
0.0458297176477225	0.407662275363874	0.359158893365786
0.171619128900882	-0.280636857381408	-0.14407943654269
0.0520142671358434	0.218472138686946	0.467769198354123
2.68258111123307	7.93841670439091	-2.87708933901539
5.88340389965235	25.4263457242532	-0.958360198714146
-3.67381963900141	-4.89010906839002	3.87858391700268
-5.2932513052584	-0.0423915916481883	-0.644174371074133
-2.87589330071499	-10.1020353785138	2.01315616289477
-8.28907076757026	-1.28291350051177	2.83882849474556
-1.35768860175785	-0.424282547558476	-0.734820678433054
-3.57732241559995	-3.10926960041759	-2.46991446294125
-2.56157105174863	-1.25000597334416	1.41181713222062
-0.306150412912232	-2.22543938031768	-0.688971282286482
-5.6316506467143	-8.24581816765632	4.85881644332495
-0.833620532493715	-6.5022698345715	-3.18713188367382
3.15972600241811	7.9995841779142	-3.16057235979102
-1.66540813429614	-2.96336728897806	2.79863080644943
10.5734593597492	0.407632191165722	0.674411347937559
1.54036221874931e-05	-1.4862907215323	0.0274519046820931
-2.49437916732914	-0.4889166485814	-0.870216851283109
-0.777866322649479	-5.70573474264364	1.1022846360146
