-9.71164199128015	-32.3721399709338	-6.22968680133647
-1.41490594518175	22.3252696086326	6.45449896648924
1867.48098611904	578.346968311826	-82.6135000393233
1639.94027999284	3993.08254592904	908.112071425876
1958.69755235078	5374.38254402572	-983.478979351405
9072.4729654222	3785.60563023868	-2440.60417203862
3736.91186164366	12296.6323655263	575.433329690378
11102.9871907874	4557.20685671662	2941.89223355839
10447.4461196332	5037.29479321747	3540.82207714716
4103.61083063917	12285.7397328642	-1871.19798290763
12962.7336616084	4086.05477163815	-1321.62417632299
4245.06567440318	13644.4002149586	1116.26278779759
9918.60940239551	6295.90917217342	-4472.58666373656
10927.0768268118	4333.04891140519	2694.36750960655
5157.25588376401	10701.7734697615	3568.60864100901
11119.4588690027	5012.33930935465	-3345.49403223374
4280.84644240298	12453.7014774732	-1971.29727104792
12187.9975300276	4157.84442461907	1872.89348183775
4150.04422916759	13295.2614465449	1104.21044780807
11503.8789878495	4169.53548927894	-2319.68834463287
11010.8861610968	4209.76491426618	-2541.03833958714
6571.77436994785	2911.11251748732	1908.46926309564
4381.74416130891	1345.03144828445	-178.722471207784
1110.41059651612	2211.83275789481	-732.561207416788
308.938278042155	453.890163396921	167.154886266981
-4.03782638827857	-13.4594212942619	3.11212475960217
-18.6695618871839	-4.50496999933661	-3.47554364409702
3609.59800076931	11073.1246711608	-1404.88240399273
8706.70842331415	4052.08313131452	2759.00468595899
10264.890581903	5482.41805068227	3916.55360480353
3906.7544048411	12475.8671726093	-1063.28867013153
10871.3246315068	4653.13115208413	-3078.53040403589
10512.2666477251	4816.57550849893	-3357.12481914506
3870.99067467874	12815.6776691566	142.434326402182
10321.3516253175	4944.70380683593	-3479.33780991961
423.08184257095	909.764081957479	-254.334301575353
13.9156493999716	-16.1654443778511	-1.74339081531166
6398.76012632732	3327.7274867953	-2293.79491340783
9237.34818917528	3796.81922521265	2426.07987932231
2551.04291610565	7921.7120939975	-873.328482252111
7066.31514198214	2819.59175082382	-1685.84524049577
10098.324764542	4847.84757716896	3398.64185178391
9155.50248663301	4254.50822891776	2908.3097110341
9237.93767871142	3928.93159948893	-2583.94615424251
3635.0448408912	12110.9922910154	44.5535567644159
3010.01349395114	3405.38857138699	-1825.66206559759
2445.61764779293	7516.52437514247	867.302951937369
483.751139225423	964.636427737103	-273.4334028482
1149.31827270342	1949.33534463647	-722.73857504135
518.367146939796	193.610652644873	31.3355490408386
745.225620396527	1741.75518088697	425.491499866122
10484.0204314199	4507.90602997805	3006.78949928088
3266.88090546007	10367.3009632405	-989.178675266702
