128.418415411836	428.061384706121	50.3373001627125
329.077686620786	163.472678825774	-182.126338992858
647.097294345315	235.596215784485	-39.2944916312225
245.180599579144	781.749007305438	180.101105391441
324.154887880096	1054.86618218558	-245.49330980156
1105.61039321141	537.086653848473	-324.955544801287
384.204448609398	1259.99928883468	69.3183902031063
1119.67500027078	558.485425584911	322.096599750735
1037.77104563166	641.510891030719	377.395504852151
425.120123647029	1229.75122535054	-168.885783560942
1271.13047359948	417.640374810628	-126.386123536685
407.065503445482	1306.43317035929	72.9985843785515
936.581054411154	744.66371640345	-445.167772306642
1139.05557446512	525.008500825488	312.647707879265
511.936259198542	1188.27161137477	299.501516717401
1114.02078932974	566.925948921529	-356.587832435355
431.288407721044	1250.20094288549	-169.876829518097
1218.12399963936	455.309771655149	212.260414191386
403.784995704508	1292.80237766122	70.481195806443
1199.67863379332	456.729153160369	-257.835232004706
1163.68913827517	487.568559304359	-289.937194869869
959.338717971624	467.454964718892	301.172206638622
804.130991859494	102.47477767894	-2.89890299101136
268.974559483651	801.458755409388	-190.422878499619
155.956902906018	409.688078071987	181.161337512528
148.690143527214	495.633811757379	-18.2595698004549
399.473453888734	212.522219042921	137.816145573147
417.012932045226	1294.24359233029	-154.873203862291
1018.26134161966	578.0515867057	373.550836393923
988.706279875437	684.603304192881	414.133098405286
423.837600278904	1298.74452891937	-111.938897686954
1093.28884296789	572.668487498977	-348.432839500095
1053.23923891316	584.779523127685	-355.037712354796
403.104231945326	1282.19282535555	12.8507061722702
1025.65484049611	608.654433111382	-380.231363811891
259.374625523929	592.735587849571	-201.222321652723
66.8634895933816	427.889648469252	-36.2352510981982
825.553338016981	565.75978699241	-375.123995035358
1107.63812583377	474.253310868372	307.248741383207
392.63369406877	1227.58156725425	-157.458088016955
1021.09094016973	397.950772598322	-274.843852204923
1042.17459077994	628.916710254315	390.275603208143
1029.14542986152	617.033022336217	399.851983523347
1067.29001672306	538.731560587012	-345.076959881702
399.080848034788	1274.07356068645	14.0653187927328
612.764697463334	798.696103964494	-403.342316069437
311.166465338495	1019.52382422435	164.806762953303
266.428048748876	590.203722285257	-208.102003015827
307.526260266011	642.375306163606	-284.25313713128
503.092635242286	81.0086112528692	38.2774396795338
210.389239607871	546.074867049941	166.995951694834
1117.79057756836	585.519602827038	350.988193078469
386.861080022857	1244.54695528842	-112.928325712571
