-6.43073047028533	-21.4357682342844	-2.25240632027697
13.3513039038256	31.3175620433522	-2.78375197998891
2387.39805845299	738.442352193045	-92.9993769383183
2084.34919580742	5150.08755233072	1179.08430408864
2606.70231916364	7083.21635786147	-1407.41692451598
12573.307396381	5100.4557623644	-3309.05683831095
5309.54974113946	17409.1771544239	994.011704133816
15919.8871028279	6229.72932378155	3994.32356380585
15048.0422146817	6806.57040777878	4879.37674620144
5864.06049117753	17477.9286211696	-2827.07578071822
18642.9953490403	5840.99293693802	-1852.96768413163
6164.32494277854	19700.8466345951	1860.06633819662
14367.2691961908	8445.41977992161	-6345.22608800272
15603.5906982869	5907.57037463809	3603.59153413776
7404.89349123491	14326.5693839934	5412.79982969592
15730.1761303144	6850.13291426403	-4679.624891386
6038.95603019977	17674.4091193807	-2853.27839237967
17428.7465354017	5808.85642389565	2461.04602655194
5971.66163583747	19009.5270537619	1816.23710817202
16274.1329195199	5740.18526351109	-3153.64903199961
15586.409675311	5781.55822287981	-3480.57068157606
9099.43656393245	3831.92443059458	2501.75357052883
5656.72055719885	1703.66329649122	-256.329649330281
1351.85509623451	2711.73762329278	-902.170473334176
398.125866816686	596.976865088692	226.330979566116
2.42996331736344	8.09987772454479	0.271765174080629
-3.50663206434886	4.08096964632361	2.04924568800804
5071.93504008822	15504.6524074989	-2117.51707270347
12239.3094351125	5352.48314661429	3667.12453030974
14842.7734388432	7355.55442825969	5437.61263595528
5495.12492057134	17545.6284180157	-1573.27219725104
15404.5279171739	6369.86992898923	-4273.64176418654
15021.4488158337	6568.1209300077	-4661.7846659496
5520.56968308257	18239.3914137996	386.046126069373
14659.9166261697	6707.42998278516	-4833.23673558097
533.483493916146	1134.2434374864	-330.686914760319
14.262955296597	-1.08932499526092	-3.52978307686336
8795.0107002259	4472.49534404662	-3154.41388913562
12864.9373261846	5048.72239059419	3187.54457018568
3415.26798209538	10650.436687971	-1189.7007821049
9617.7957346797	3727.0209655139	-2230.41116001045
14369.0944970006	6483.82234700848	4627.40841390816
12963.7048241886	5666.54176083453	3905.68493008013
12738.8171885049	5272.94124324318	-3508.24769792414
5157.61881641013	17161.1184749697	156.655751986614
3960.37119254043	4465.56054470919	-2435.70936314894
3365.41110834421	10293.4884667108	1306.94468431454
647.333574564394	1293.35603181954	-384.68974695718
1470.46339400581	2482.72144126705	-956.17717754328
692.246791551759	246.672329907651	42.1939158097009
927.048646822874	2229.06032848935	551.066689196969
14943.1697232129	6092.37601717159	4061.15194297748
4563.2812873544	14483.7658126043	-1453.27317079505
