-40.1475152623123	-133.825050874374	-16.9071813848646
-109.113392787164	-4.71159689514235	47.4924815221918
3111.55389678812	977.401767870054	-109.797496901335
2897.84647588526	7098.67763092412	1666.88189420627
3570.01490077579	9553.00525848296	-1964.92513745394
18546.4669512919	7113.35846440747	-4604.86554379857
7991.06807505043	26201.3942766577	1643.85370153719
24233.3764902994	8983.73396163214	5729.83525884602
22964.1687681002	9575.18555409686	7022.08215401371
8817.4642148758	26007.6993946546	-4718.47417791023
28354.0405478836	8809.45331471909	-2698.04236972089
9442.49515662528	30001.1776879756	3326.69999588087
22168.7285887229	11641.2316701247	-9390.37096694227
23586.4212600327	8521.06800401468	5129.99341701464
11226.1324396726	19857.6797646794	8773.58351333035
23940.0103224026	9787.97768969649	-6821.36384076526
9107.86253409249	26446.4178521969	-4776.64217918055
26568.7859538086	8664.51757978639	3482.25666638647
9064.42178837429	28673.608876588	3222.8274994247
24395.8536745527	8341.1287879321	-4461.25683137802
23449.1212261663	8342.02142874306	-4940.10386637917
13029.9517496863	5226.02503472187	3406.13666595965
7858.47014069267	2413.32756207886	-350.790419608779
1894.94085403264	3620.09568439148	-1285.86068226884
502.295835968332	707.9123832188	269.447441324148
-32.7500825937173	-109.166941979058	4.51248012339052
-157.840411072326	-76.0953944516245	-50.1482303051179
7491.0482952779	22624.0918514492	-3495.93385827863
18152.3995458666	7428.84747039511	5123.89480706582
22704.5174013135	10240.4317622219	7887.85472985361
8165.62451137691	26041.4955012922	-2584.72456093647
23326.7695893205	9050.15845550766	-6126.43301397107
22898.6247625168	9320.38127939136	-6735.32752276738
8378.17492644832	27737.3071512986	698.281559991648
22375.9900070769	9442.69271359886	-6972.09811135587
687.829942719462	1459.68825543913	-411.557483275304
-12.677806076608	-153.037800389509	-3.44605805557666
12756.3198520907	6084.93090565629	-4409.18234253361
18913.3689118617	7088.59704823703	4441.51640874593
4942.40093963042	15364.2980153213	-1837.17024421834
13751.2286987849	5238.25079420838	-3146.24758021657
21661.6263246197	9041.45658137153	6577.13443309635
19317.8810207702	7866.93053855089	5446.41665975473
18709.0402286826	7323.09873467191	-4894.41600388588
7755.02327032068	25835.79417458	193.937736864942
5556.9107867888	5946.98296528486	-3426.71592097007
4837.07272928835	14728.9118260623	1916.35916673508
857.103078045358	1651.33092227903	-495.058188468532
1973.74223997897	3283.03299814311	-1263.66151422989
818.296773290808	317.409310761339	46.8604175085707
1238.80053943731	2906.92162482639	714.238476386264
22524.069816948	8642.52119725044	5767.44460675245
6727.68538976619	21217.2093135877	-2397.06885865683
