-54.332584870915	-181.108616236383	-25.6575534476726
-183.379094704463	-67.0030978595959	88.0648509686295
692.015975584539	231.486670493985	-32.6071757220111
732.205346877634	1713.89856728916	364.952888673267
881.731544824419	2397.74996446075	-379.61104296982
3774.65343956484	1691.48018322877	-1077.43544192571
1550.11369426438	5105.62346652017	200.711952863389
4569.30184576872	2041.37530409517	1309.58158996622
4288.7669178654	2304.81188997749	1547.4538332475
1688.76663298837	5132.35373018625	-684.90520135652
5324.4096157869	1704.06481399452	-592.58919848718
1728.63601687187	5582.71951461638	392.41906352629
4031.24700383533	2949.71110939294	-1891.68186393631
4504.29602117932	1936.95199599186	1209.08559088773
2133.63854047644	4753.14312347996	1343.68955637334
4625.32434049514	2279.7250714628	-1465.32838536664
1787.86206267739	5222.66644389166	-747.121829196472
5028.55509547316	1788.9982399735	858.698998584896
1705.73497035929	5491.10024129255	392.94847154947
4760.12929985853	1834.02006731391	-1047.86844442924
4544.20222846352	1864.5311012171	-1133.22642402303
2796.19956817875	1322.99587838841	845.561783738942
1872.37982384782	631.745699203229	-92.3044686231562
489.929576293121	916.339080179367	-298.919129687299
103.395093981788	81.0098416604006	21.9425100067141
-62.4302626853374	-208.100875617791	8.77738340739895
-239.384955188531	-125.236612101214	-81.4359648956449
1510.66053340981	4682.37270568154	-509.180404645227
3631.02843164671	1855.47301287225	1214.05932340318
4204.7830541357	2540.45683634865	1692.7092517024
1628.3912228626	5223.74379453761	-389.925791766025
4502.60035438846	2098.49479791355	-1356.1049401558
4321.98247160331	2195.21435671748	-1476.2825577897
1601.01716486022	5307.5180566408	32.9141160948798
4260.75796444118	2269.05910158332	-1524.07776851226
151.048577834826	286.606359590281	-59.4820349850907
-36.9067148409641	-238.242136377305	0.0337540119211844
2803.92355454709	1525.08314983963	-1007.12166741273
3843.92304027869	1734.19341463957	1105.69389500572
1082.93880507307	3361.46147287023	-331.091221628006
3010.08051570359	1270.35252266053	-735.718069889374
4162.3977231607	2228.34339547432	1492.73638754995
3815.46416337041	1957.54743866858	1290.42037069002
3901.64100866526	1787.70085721184	-1154.16775862655
1501.71241426997	5012.26817800687	6.47969044957602
1276.94762524124	1476.46450802909	-751.756147510258
1066.6555152449	3287.46002785845	309.70281248724
173.42562612868	304.001890397348	-61.8354060162272
520.354471825283	824.659664203768	-275.124155253328
85.8355447881218	74.9098949021842	4.78778293415887
307.133898591076	683.637317992174	124.849144690113
4313.2721281106	2036.34756147967	1333.28677836957
1368.90992265703	4362.10305611505	-362.319574694816
