135.515667477077	451.718891590258	55.5232517590405
411.884923970035	221.951534099765	-209.539998954283
3334.18882584384	1057.95626188387	-140.107421023529
2627.01101018041	6583.60677763645	1517.78589478147
3210.35321688234	8820.06434177454	-1856.19333519703
15665.3328698159	6184.21796094078	-3999.13187700844
6599.38925666395	21624.5248638483	1298.73507951111
19853.4503816009	7565.23683206467	4828.96941545289
18772.7062822455	8163.53477684275	5907.7830158068
7277.94101693659	21515.8646829391	-3712.14645767769
23189.7794267777	7231.08908715961	-2228.69750507189
7680.41657555283	24488.7633467535	2472.98651823887
17972.1370730566	9966.429736413	-7764.70870849642
19441.3643687895	7192.5444468831	4359.76022727277
9197.90995569641	17124.0278886859	6953.78348031599
19615.6412753689	8249.22750482475	-5681.34766573989
7495.55707411155	21795.9626326101	-3750.79570920331
21732.9634914305	7165.6439982508	2959.19799623591
7414.39439000471	23544.5909207706	2409.28089636828
20212.1662934814	6995.2834657082	-3785.66787552504
19411.3857367116	7030.45764173589	-4190.30191520302
11357.4423747552	4694.45135637958	3082.16139234492
7181.48695211976	2032.52895289583	-288.102814651052
1796.68686836345	3780.38527996118	-1212.96679857191
631.261098304902	1118.88973955014	446.854267239801
168.797717261956	562.659057539855	-21.9598671094339
467.875555742036	253.754122323051	164.069988400393
6277.04615338423	19069.726991196	-2789.3799487673
15201.5524568825	6467.80432507322	4473.75919963298
18502.8782893274	8762.61403059715	6607.50916628342
6801.45281120592	21662.7564519717	-2067.52376180568
19176.1670285904	7685.86739086262	-5166.51499313776
18752.5680469726	7901.31524266008	-5648.33330684849
6881.5440875615	22719.3354171431	508.596415708318
18311.6082863073	8043.93516897326	-5861.41806820361
861.01291080255	1880.32742313598	-588.474683377433
103.339956413043	501.583787539128	-44.111761368264
10874.3028423872	5438.16788982839	-3901.34073344866
15978.7510862736	6104.55533016899	3829.82354939506
4315.63556910475	13466.2483159406	-1570.826027628
12038.9608251078	4612.57944628476	-2799.31174172991
17878.8525035264	7773.23727757179	5601.99443847819
16096.3020444374	6825.8400294801	4737.23015243517
15761.0034366864	6350.04282200804	-4228.5070246064
6421.38613195681	21357.4307129226	166.24585409493
5098.65742661796	5636.54803043256	-3135.84689068993
4163.58205944394	12716.3007094207	1726.58270174813
993.158314237158	2082.97963976686	-661.016888182117
1928.92118634165	3376.043506758	-1355.08576721948
1336.84086394811	364.154387193335	78.3044038766769
1250.03861429627	3021.43945308378	809.718524183084
18616.0057914338	7371.16471834569	4915.92347098608
5657.89910853787	17894.0250244921	-1921.33920820819
