-1.3737351204846	-4.579117068282	-1.63199250393751
5.28638874164072	14.9588686390118	0.015505386965327
1028.59129567803	316.415540695692	-42.2746200891791
858.267359979716	2101.62609220999	462.15064346964
1037.42875732063	2895.16063167444	-502.655067553197
4527.82996574183	2031.94886972764	-1296.8996312122
1876.03250984058	6155.19667279075	284.974717348153
5535.16281395389	2433.79288707498	1546.88100487652
5204.78246378264	2758.31951967105	1852.81154501147
2054.46369439661	6221.52438800565	-839.368600971664
6484.9986555856	2075.92245205965	-713.124952463777
2123.79650325861	6842.85736820374	498.182359817959
4933.40792325581	3532.90832148836	-2306.79700118255
5465.98276181195	2300.73346304322	1419.73483557252
2607.81838395542	5627.28450976749	1675.27977842081
5532.02836413253	2739.68550766476	-1775.22352099898
2146.65309044365	6322.45428761112	-863.583319298288
6083.63438239809	2139.10394396924	987.332945678778
2083.30474256627	6686.65062582406	492.565766216531
5753.97995765446	2193.98789001228	-1254.30768145332
5483.69074896398	2230.13704413981	-1360.76526230338
3395.71293656	1568.58947610818	1010.08212487052
2287.80572314732	699.760927021085	-97.863039543192
570.905891710182	1170.7855495624	-365.845347273021
184.153105815033	278.76109624071	102.360066231333
0.589459058576173	1.96486352858724	0.479332987191712
-5.61501689083285	-0.832539085614877	-0.762525567851831
1819.6715314651	5647.28722552996	-626.39049253362
4378.1129323637	2180.42577733856	1443.09159214924
5117.92624601556	3039.83873773898	2042.8264289523
1976.66600837558	6315.44988221101	-479.3724824241
5417.81917087408	2539.78319381627	-1645.96015770978
5211.47294507578	2624.69802231085	-1770.40762859944
1941.78376375973	6395.68906840284	92.1925934000545
5106.27922678722	2713.86006695316	-1833.25068225161
250.899956762613	524.851436750095	-150.16013709577
7.64691307036201	-1.23612723322891	-5.79765595117189
3311.4470061488	1831.81649161408	-1221.253016532
4633.60420650776	2030.02248595428	1291.16545706725
1286.62862062215	4013.09446788261	-402.354098030558
3611.37103297416	1486.10149489485	-885.105156873347
5042.08739232155	2653.64029122629	1784.50831375109
4609.93440271118	2322.52760944412	1543.18704243205
4650.86633958743	2137.17655684671	-1387.43781154802
1818.32238182549	6049.01709941057	38.5894065575833
1555.47680452031	1832.16114147963	-935.128836824829
1267.87946141156	3919.63340086523	424.022925016458
274.853823667129	562.024933290954	-155.453068544431
621.922902961813	1054.41891215974	-387.802960914278
321.643489554944	117.745623070182	20.096091714351
411.323964231959	962.98403379111	233.498398534324
5234.95368431963	2427.27920419139	1581.92719876932
1648.11520304638	5260.48165812184	-441.6720231407
