-53.0359871425244	-176.786623808415	-27.2147980473673
-179.77956905794	-65.1954480842311	88.0846484447216
500.090263100389	176.37271245769	-21.2224721494823
655.781571269673	1491.92386449482	310.697544722782
807.280205502301	2130.4126575779	-313.16629424242
3441.42088875442	1530.33209166797	-978.271544335777
1420.86326248386	4696.54703049891	159.502018565302
4193.89953937205	1879.83816391759	1223.71099654389
3932.62341948424	2113.16583724086	1432.24305989702
1542.10296336398	4708.94071646088	-626.627140507402
4868.97626315636	1553.03153416945	-545.564788681544
1566.50955067341	5078.72672769056	350.129430492648
3677.10389454791	2704.56345884006	-1726.95101200471
4119.33960990823	1789.26821128015	1130.23455578748
1938.47816536257	4419.9060524521	1218.54119667002
4284.84396831034	2084.46122081135	-1348.73887107942
1642.04548103096	4798.08216034948	-715.41032678628
4621.79164249263	1649.20028744394	817.550163086887
1554.31670414749	5026.25501532586	354.138650905382
4366.75019602155	1690.3456261008	-964.667536976325
4168.45685035892	1716.68571331095	-1041.1832689877
2498.44181416103	1192.94915055993	759.677049934325
1634.55338775565	591.556758647022	-92.4197083661759
439.881890893301	768.022777207788	-267.227336508594
75.1403027450422	26.3358272907807	0.191795335069228
-62.0553401606461	-206.85113386882	9.95998844451312
-235.193218230897	-123.150824036576	-80.0685580868386
1383.99652298038	4283.06304894537	-460.732621230171
3315.03836766701	1706.24393921544	1109.02853809203
3849.69926421897	2330.92480934779	1555.78449145763
1484.99824037578	4790.90137442975	-355.349662924183
4149.07813994028	1904.04925924352	-1237.61620836897
3981.63719565451	2018.96851056903	-1364.08384556369
1460.73592587302	4893.19120766375	1.13963523553193
3944.00589753481	2084.49786804922	-1404.1661835982
107.073587394861	186.295292853858	-26.7285338587661
-32.3885162772858	-233.265975860894	0.139599975639236
2595.2519377411	1383.35735508978	-907.426716830307
3498.98562113833	1613.39631865531	1029.35101410673
985.219528914098	3045.83531588599	-296.271060449307
2711.01182821714	1169.91125600358	-657.379249858079
3813.24184104637	2050.5250906854	1377.12752627769
3486.19856814312	1795.05862088013	1175.19591272813
3591.4603761271	1631.7236200009	-1051.42850019294
1372.06489326337	4600.29730637565	-13.1887435001898
1124.18916848399	1280.04151109242	-651.757829976635
976.250017621956	3001.48664867662	240.912315158796
131.928048253171	208.26192560885	-29.3245474514884
459.156690222015	698.779689013527	-213.918302100797
18.6021585983679	55.706301026663	0.232425344996302
239.392708544668	523.285246950471	68.2497337741194
3938.30470618475	1870.61088680717	1235.71610000688
1247.98136330722	3977.59346041115	-324.753226504158
