13.8588018314041	46.1960061046805	2.15899656517071
75.9079716226576	56.9471790829304	-28.807604698075
1863.44291282869	573.467055644647	-75.9042734320391
1628.81233841688	3945.7236929633	899.263013579829
1948.07342921069	5307.04537504908	-966.122060542477
8985.72138773721	3736.62300279904	-2412.04783851635
3708.92802673369	12219.8534030114	552.73022111384
11026.6895210064	4524.4968167877	2936.44371856552
10375.1965290127	4994.54865055855	3525.26370425542
4069.00164987121	12205.178460239	-1857.33929124002
12869.8789255721	4054.36309081801	-1318.59653199059
4207.14447512876	13531.8785578223	1107.45676321457
9840.50292764861	6253.04481660123	-4439.61302266802
10840.1054396592	4303.11744644434	2687.36001343434
5107.20963779747	10660.5285718075	3536.15355297757
11065.2766600727	4968.60021100245	-3322.15485437612
4252.13483071665	12367.041226552	-1981.45618553062
12106.6494014328	4131.30665989353	1879.62296688304
4118.68779936445	13206.7379443385	1098.65512531345
11417.110637933	4144.06082649082	-2304.73757500915
10926.5681888377	4179.00533241035	-2522.2175571284
6492.38543299053	2878.01940671015	1884.39008473619
4335.49764322452	1341.25520969153	-176.45664721473
1106.51422654921	2191.28990553419	-732.114885325298
320.964743658378	493.580042867797	183.563794464274
22.760337635121	75.8677921170699	0.579898989439642
73.7304849463217	44.5162642051056	28.3296725307298
3582.87778724919	10986.4773123339	-1388.84406921972
8633.18420239807	4016.93638458918	2730.37316615916
10196.121694967	5438.17841351815	3892.51024015283
3869.971056539	12382.0134991434	-1050.41292382944
10808.6411263426	4599.13999735259	-3050.19063218052
10451.0212942886	4777.87008003673	-3338.69387032906
3835.86626781744	12740.3560327624	118.64372376038
10272.4635980284	4901.69183416365	-3456.10823759843
435.382763868997	946.289327864376	-268.070815611281
35.20276908418	80.532386436197	-5.61729082777084
6357.46795569252	3285.36664378128	-2261.42020556837
9144.70297029355	3774.84159032294	2412.49550594495
2523.59181701746	7825.90649548048	-860.471497363816
6987.025549185	2794.21613043599	-1659.96619651184
10021.2631324981	4806.61408404564	3375.96523233344
9086.35173666455	4216.2331714732	2875.58159973739
9164.90018467638	3881.86763545901	-2553.35395885642
3603.83988970289	12022.8277183542	29.2554280562514
2971.30072083639	3359.46562950549	-1799.18719191048
2429.32962510209	7453.73423506401	840.074978332986
497.932942500989	1001.5617323004	-289.573590938874
1136.91972168219	1932.45378291787	-710.36796671194
565.850862509748	196.771535011183	33.8793748689203
745.350042185824	1735.42133218344	429.105434798982
10392.2918995	4468.43586581618	2990.70543338232
3237.66098642493	10274.0342636158	-976.213334723267
