-62.8190567307208	-209.396855769069	-29.8546272007055
-214.651097466075	-81.5251487294719	102.966385743579
564.120110013861	196.489928958172	-25.547766091519
691.518546565355	1583.11312495893	334.16643734239
842.340007327979	2243.68041128653	-338.083129765535
3516.23341925107	1563.78136819068	-997.479433714494
1437.60929816373	4749.98877368959	161.898713715247
4239.14862737872	1902.47422377374	1234.93205791866
3972.51795189083	2136.51165474664	1443.92178164621
1559.39282342823	4751.55120943824	-635.436973323194
4911.85522775315	1567.24757640109	-546.78621820334
1578.83856827968	5115.43749861479	351.881666980187
3704.12409344179	2722.62016676343	-1738.22589241883
4169.37369703878	1812.70402558843	1143.83459463393
1959.14646272938	4472.73254454692	1225.85123455811
4336.52845086866	2104.04646532484	-1354.64612286325
1665.18607076358	4840.92081013079	-727.535234266232
4669.55662862076	1669.15689947989	826.745862580163
1567.44968251841	5065.76725842694	355.866811222255
4421.9666212829	1706.94664693863	-972.351847942585
4226.11051633784	1736.1404324389	-1052.31137483784
2593.49868738041	1236.87937063089	788.305345267032
1734.620245966	614.748372484069	-93.6593966524666
466.132609534041	830.83347422607	-283.072524700755
79.5139897879339	27.1636464713159	1.03972426533581
-73.0376229527398	-243.458743175799	10.2306984268417
-277.863537608458	-145.870987534851	-94.799914804963
1408.65235646349	4356.93703250834	-473.920914018758
3380.46945310756	1741.71401983677	1134.04224536141
3883.00145480209	2352.33006871141	1568.31581405732
1504.18098397781	4844.58708690725	-362.440295697338
4194.96697599816	1926.10285661728	-1247.56616948803
4025.73945139369	2039.50233400052	-1375.07363180958
1480.83584161098	4945.01161837013	-2.99368949216864
3989.71332027203	2106.47771776348	-1416.49303880137
118.884731855694	210.843956219799	-32.9420990268775
-43.9722773154861	-277.436800401771	0.955345881328723
2655.62911267542	1422.76197395815	-935.226628453005
3568.62108808168	1636.99626798871	1045.03619051677
1018.46646443643	3148.37944835369	-311.335936891402
2809.72999750204	1201.34225467558	-680.600457346309
3860.60683695958	2077.43969038054	1393.96540979352
3546.17776611057	1833.06826550792	1203.44620057744
3651.13936772872	1659.02580873549	-1068.53788590102
1391.92411929472	4660.52609362015	-13.4962588018076
1186.63175297587	1357.91066906809	-691.302901983616
1005.13368148108	3089.42971183276	263.166401871379
144.13577784298	231.585778433231	-35.8440980667509
489.674991731232	755.077218064902	-237.383894365949
20.9861019648165	59.7138330266723	0.887761980259431
263.800321568253	579.662599081276	83.9495705787738
3992.18926792109	1897.75878286669	1251.43120184878
1274.48136099147	4059.60290831601	-335.924017450051
