2.5432e-29 0 0
2.6705 0 0
6.9478 0 0
12.011 0 0
16.414 0 0
7.9564 0 0
30.362 0 0
23.838 0 0
1.0959 0 0
10.154 0 0
32.246 0 0
86.646 0 0
248.41 0 0
839.77 0 0
490.56 0 0
20.21 0 0
1045.8 0 0
3.0541e-29 0 0
3.4687 0 0
7.3096 0 0
13.13 0 0
14.976 0 0
6.31 0 0
28.378 0 0
26.02 0 0
3.4722 0 0
7.6486 0 0
29.512 0 0
89.437 0 0
251.35 0 0
836.72 0 0
487.51 0 0
23.725 0 0
1049.2 0 0
2.9802e-36 0 0
3.6004 0 0
8.2249 0 0
14.191 0 0
13.632 0 0
4.6694 0 0
26.485 0 0
28.132 0 0
5.8197 0 0
5.1012 0 0
26.863 0 0
92.268 0 0
254.26 0 0
833.7 0 0
484.19 0 0
26.549 0 0
1052.3 0 0
3.0541e-29 0 0
3.7321 0 0
9.1403 0 0
15.251 0 0
12.289 0 0
3.0288 0 0
24.592 0 0
30.244 0 0
8.1671 0 0
2.5538 0 0
24.213 0 0
95.099 0 0
257.18 0 0
830.68 0 0
480.87 0 0
29.372 0 0
1055.5 0 0
2.5432e-29 0 0
4.5245 0 0
9.5021 0 0
16.371 0 0
10.851 0 0
1.3825 0 0
22.608 0 0
32.426 0 0
10.543 0 0
0.048441 0 0
21.479 0 0
97.89 0 0
260.11 0 0
827.63 0 0
477.82 0 0
32.888 0 0
1058.9 0 0
