4.5822e-30 0 0
1.2568 0 0
7.0715 0 0
19.221 0 0
15.865 0 0
3.7647 0 0
1.6999 0 0
1.5751 0 0
2.4027 0 0
0.86117 0 0
3.9524 0 0
15.407 0 0
223.45 0 0
116.71 0 0
937.77 0 0
1237.8 0 0
533.3 0 0
5.4511e-30 0 0
1.8359 0 0
7.9659 0 0
20.71 0 0
17.667 0 0
4.7479 0 0
0.34357 0 0
0.94005 0 0
2.5795 0 0
1.3366 0 0
3.1 0 0
14.22 0 0
223.58 0 0
124.06 0 0
939.83 0 0
1239 0 0
531.91 0 0
5.3193e-37 0 0
1.9967 0 0
8.4855 0 0
21.057 0 0
18.68 0 0
5.173 0 0
1.0389 0 0
0.10372 0 0
2.5723 0 0
1.5611 0 0
2.2609 0 0
12.573 0 0
222.84 0 0
130.37 0 0
940.99 0 0
1239.3 0 0
529.88 0 0
5.4511e-30 0 0
1.4103 0 0
7.4672 0 0
20.185 0 0
18.297 0 0
5.1196 0 0
1.9794 0 0
1.2962 0 0
2.2052 0 0
1.6321 0 0
1.5701 0 0
10.569 0 0
221.12 0 0
135.81 0 0
941.2 0 0
1238.9 0 0
526.97 0 0
4.5393e-30 0 0
0.47538 0 0
6.0771 0 0
18.156 0 0
17.109 0 0
4.4684 0 0
2.5987 0 0
2.6184 0 0
1.6916 0 0
1.4348 0 0
0.98739 0 0
8.1691 0 0
218.49 0 0
140.4 0 0
940.54 0 0
1237.6 0 0
523.33 0 0
