-3.0718745e-31  -7.962353e-30  -8.143146e-31
-9690.8  -1244.8535  2.0642274e-11
-9755.701  -808.3997  5.986856e-11
-1.0107731e-30  1.5795802e-29  2.4101552e-30
-2.7532806  -2.4815724  -4.494046e-14
-2.2691438  -5.2179627  -2.0341025e-13
-0.6190092  -7.978702  -2.2932508e-13
-1.5138032  -10.763286  5.7773344e-13
-0.27438778  -13.6909485  3.900814e-13
0.008050461  -16.652065  5.750751e-13
0.2539923  -19.716661  -3.053988e-13
0.8795409  -22.876648  -1.1025308e-12
0.86671585  -26.117174  -1.6205288e-12
0.8799738  -29.46506  -3.0421898e-12
0.5089866  -32.9042  -2.627496e-12
-0.43863052  -36.438873  -3.707011e-12
-1.8686407  -40.07093  -3.8985213e-12
-4.0821185  -43.791363  -5.332412e-12
-7.247703  -47.600574  -5.541568e-12
-11.353753  -51.49697  -8.569377e-12
-16.672852  -55.471333  -8.8516035e-12
-23.52503  -59.527008  -1.0664044e-11
-31.526865  -63.663452  -1.0600666e-11
-41.47236  -67.86809  -9.9360615e-12
-53.46677  -72.16237  -8.984235e-12
-66.53071  -76.53318  -7.814894e-12
-82.86291  -80.98165  -7.4681684e-12
-101.458664  -85.54772  -6.552739e-12
-120.86028  -90.18847  -7.302555e-12
-145.38129  -94.96729  -5.2396264e-12
-172.75023  -99.90726  -4.318395e-12
-200.93365  -104.940216  -2.9413423e-12
-234.74527  -110.23143  -2.214487e-12
-274.28464  -115.833275  -3.209529e-13
-320.57803  -121.78126  8.704751e-14
-374.07236  -128.14366  -4.665635e-13
-432.9374  -134.7991  1.4005612e-12
-497.5971  -141.81186  2.7093306e-12
-563.5837  -148.86772  3.64178e-12
-631.2557  -155.97813  3.6565503e-12
-704.5496  -163.55681  5.714343e-12
-779.1783  -171.22414  6.896141e-12
-855.30817  -178.9626  7.809176e-12
-935.40906  -187.07541  9.520018e-12
-1016.9388  -195.30614  1.3180432e-11
-1100.4934  -203.70401  1.6145257e-11
-1186.7955  -212.38416  2.0868415e-11
-1274.7041  -221.21712  2.4959933e-11
-1364.7753  -230.27032  2.943453e-11
-1456.957  -239.55624  2.7691302e-11
-1550.9214  -249.03568  3.2610328e-11
-1646.9265  -258.74966  3.4555744e-11
-1744.8049  -268.68637  3.6313424e-11
-1844.5334  -278.84683  3.6940586e-11
-1946.1584  -289.24594  3.8948976e-11
-2049.5962  -299.8785  3.8885093e-11
-2154.8691  -310.75388  3.880271e-11
-2261.9597  -321.8765  3.4997713e-11
-2370.8506  -333.24973  3.456278e-11
-2481.5474  -344.8808  3.0526703e-11
-2594.0393  -356.77417  3.160444e-11
-2708.3281  -368.93588  3.0348606e-11
-2824.4158  -381.3723  3.5046036e-11
-2942.305  -394.0894  3.3703814e-11
-3062.0012  -407.09372  3.6808192e-11
-3183.5117  -420.3919  3.837026e-11
-3306.844  -433.99042  4.249012e-11
-3432.008  -447.89618  4.230161e-11
-3559.014  -462.1159  4.9822094e-11
-3687.8708  -476.6561  4.6525447e-11
-3818.5903  -491.5235  4.753054e-11
-3951.1812  -506.72427  4.0369957e-11
-4085.653  -522.2646  4.0630197e-11
-4222.0156  -538.15045  3.9109282e-11
-4360.275  -554.3871  4.5083423e-11
-4500.438  -570.9797  4.055491e-11
-4642.5073  -587.9325  4.3283467e-11
-4786.4863  -605.24976  4.0632126e-11
-4932.376  -622.9349  4.7814055e-11
-5080.1724  -640.99023  4.4133225e-11
-5229.873  -659.418  4.6513987e-11
-5381.4688  -678.21906  4.300665e-11
-5534.95  -697.3937  3.9845606e-11
-5690.3057  -716.9412  4.228745e-11
-5847.517  -736.8596  4.156251e-11
-6006.5674  -757.14624  4.5838562e-11
-6167.431  -777.7966  3.079086e-11
-6330.0845  -798.8054  3.599455e-11
-6494.497  -820.166  2.8916439e-11
-6660.635  -841.87  3.115866e-11
-6828.46  -863.90735  3.022298e-11
-6997.93  -886.2663  3.044341e-11
-7168.999  -908.93365  2.1968354e-11
-7341.614  -931.89307  2.3769969e-11
-7515.7217  -955.12836  1.9924491e-11
-7691.2515  -978.6164  1.8404823e-11
-7868.1465  -1002.3383  1.4210557e-11
-8046.317  -1026.2642  1.6826832e-11
-8225.691  -1050.368  1.5086748e-11
-8406.181  -1074.6196  1.2141685e-11
-8587.653  -1098.9719  1.119648e-11
-8770.078  -1123.4104  9.377186e-12
-8953.19  -1147.8462  1.5082007e-11
-9137.074  -1172.2953  1.4193112e-11
-9321.304  -1196.6223  7.838647e-12
-9506.007  -1220.8458  -1.90932e-12
-9692.388  -1234.1727  2.1563213e-11
-9696.997  -1203.1759  2.4348544e-11
-9704.176  -1154.8972  2.8782336e-11
-9713.223  -1094.0625  3.4239313e-11
-9723.25  -1026.6267  4.0264722e-11
-9733.278  -959.19086  4.6290135e-11
-9742.324  -898.3561  5.174711e-11
-9749.503  -850.0774  5.6067213e-11
-9754.112  -819.08057  5.888097e-11
-9572.095  -777.623  5.7779406e-11
-9388.585  -747.1242  6.37897e-11
-9205.652  -717.0443  6.111325e-11
-9023.187  -687.3373  6.707842e-11
-8841.532  -658.09534  6.412794e-11
-8660.695  -629.31165  5.937757e-11
-8480.863  -601.03  5.7037132e-11
-8302.122  -573.267  5.163831e-11
-8124.5737  -546.04193  5.3156465e-11
-7948.3223  -519.37494  5.7389822e-11
-7773.44  -493.27676  5.6260437e-11
-7600.0137  -467.76245  5.462913e-11
-7428.109  -442.84015  5.9484764e-11
-7257.7935  -418.51904  6.321439e-11
-7089.126  -394.80515  5.7840427e-11
-6922.161  -371.70346  5.5751362e-11
-6756.948  -349.21732  5.2004425e-11
-6593.534  -327.34915  5.3743867e-11
-6431.9604  -306.10007  5.180742e-11
-6272.268  -285.47043  5.3814623e-11
-6114.4917  -265.45966  5.4871323e-11
-5958.665  -246.06627  6.3232e-11
-5804.822  -227.28864  5.76162e-11
-5652.9897  -209.12416  5.604266e-11
-5503.1997  -191.57011  5.24206e-11
-5355.4775  -174.6232  6.077915e-11
-5209.849  -158.27972  6.3682726e-11
-5066.341  -142.53603  6.867285e-11
-4924.976  -127.38776  6.764515e-11
-4785.78  -112.83075  6.9279714e-11
-4648.775  -98.86026  6.259047e-11
-4513.984  -85.47145  6.859039e-11
-4381.4307  -72.65932  5.9624874e-11
-4251.1357  -60.418453  6.408094e-11
-4123.122  -48.74332  5.893927e-11
-3997.4111  -37.628  6.003555e-11
-3874.0217  -27.066154  5.5769767e-11
-3752.9758  -17.05133  5.9152225e-11
-3634.2908  -7.576374  5.5323558e-11
-3517.986  1.3660126  5.448034e-11
-3404.0781  9.783862  5.4404963e-11
-3292.5808  17.68561  5.8732116e-11
-3183.5095  25.080233  5.266512e-11
-3076.8745  31.977457  5.2663207e-11
-2972.6853  38.387497  5.1845243e-11
-2870.948  44.321434  5.401388e-11
-2771.6643  49.791077  5.0375103e-11
-2674.8342  54.809002  4.833254e-11
-2580.4507  59.388752  4.741682e-11
-2488.504  63.544724  4.395653e-11
-2398.976  67.29234  4.3263577e-11
-2311.843  70.64803  4.17009e-11
-2227.0737  73.62926  4.2588433e-11
-2144.6282  76.254486  4.008009e-11
-2064.4575  78.543274  3.904408e-11
-1986.5032  80.51601  3.5247652e-11
-1910.697  82.193985  3.384382e-11
-1836.9606  83.59884  3.20723e-11
-1765.2078  84.75273  3.0791984e-11
-1695.3446  85.67729  3.075417e-11
-1627.2749  86.39338  2.6290891e-11
-1560.902  86.92042  2.7823082e-11
-1496.1321  87.275764  2.5530114e-11
-1432.886  87.47306  2.5377273e-11
-1371.0967  87.52434  2.3332638e-11
-1310.7079  87.437904  2.2234407e-11
-1251.6754  87.2219  2.0240545e-11
-1193.9576  86.88222  2.0630804e-11
-1137.5194  86.42477  1.9174343e-11
-1082.3276  85.85431  1.9079007e-11
-1028.3563  85.17422  1.7089163e-11
-975.5881  84.38705  1.64234e-11
-924.00323  83.49568  1.4880666e-11
-873.5926  82.500145  1.41858305e-11
-824.353  81.40168  1.2053241e-11
-776.2783  80.200424  1.1404112e-11
-729.3725  78.895424  8.521336e-12
-683.6417  77.48607  9.29967e-12
-639.093  75.97118  7.498656e-12
-595.73724  74.34912  6.891431e-12
-553.58386  72.61891  5.7927565e-12
-512.6472  70.778015  5.7889596e-12
-472.9462  68.82441  5.3060186e-12
-434.50223  66.755684  4.4317323e-12
-397.34506  64.56852  4.4494838e-12
-361.50952  62.260048  3.883577e-12
-327.03204  59.827274  3.560007e-12
-293.95236  57.26708  2.4066638e-12
-262.31116  54.576305  3.0285618e-12
-232.15198  51.75161  2.429759e-12
-203.51727  48.78937  2.791788e-12
-176.45634  45.6854  1.8452488e-12
-151.0181  42.434803  1.9821232e-12
-127.25062  39.03281  1.5660785e-12
-105.25383  35.469185  1.719388e-12
-84.97298  31.745626  1.0821688e-12
-66.839554  27.826872  8.319835e-13
-50.124004  23.755585  3.146978e-13
-36.7247  19.408321  1.232491e-12
-23.48252  14.945658  -3.5085487e-15
-15.824372  10.103128  5.95876e-13
-8.375756  4.9940586  1.0191178e-14
-2.8550985e-31  1.5259185e-29  2.0558918e-30
1.5400277e-31  1.1890573e-29  1.2292876e-30
1.8258422e-31  7.0205864e-30  4.7070776e-31
-1.12421995e-32  2.0637744e-30  4.1726576e-32
-2.3336495e-31  -2.035782e-30  -9.4029886e-32
-4.053022e-31  -4.9018754e-30  -5.0934476e-32
-5.1396567e-31  -6.602239e-30  9.7533975e-32
-5.481632e-31  -7.44748e-30  3.1642317e-31
-4.842362e-31  -7.801924e-30  5.7111294e-31
-4.842362e-31  -7.801924e-30  -5.7111294e-31
-5.481632e-31  -7.44748e-30  -3.1642317e-31
-5.1396567e-31  -6.602239e-30  -9.7533975e-32
-4.053022e-31  -4.9018754e-30  5.0934476e-32
-2.3336495e-31  -2.035782e-30  9.4029886e-32
-1.12421995e-32  2.0637744e-30  -4.1726576e-32
1.8258422e-31  7.0205864e-30  -4.7070776e-31
1.5400277e-31  1.1890573e-29  -1.2292876e-30
-2.8550985e-31  1.5259185e-29  -2.0558918e-30
-9754.112  -819.08057  5.893781e-11
-9749.503  -850.0774  5.6124057e-11
-9742.324  -898.3561  5.1860797e-11
-9733.278  -959.19086  4.6403822e-11
-9723.25  -1026.6267  4.0264722e-11
-9713.223  -1094.0625  3.4239313e-11
-9704.176  -1154.8972  2.8668649e-11
-9696.997  -1203.1759  2.4405387e-11
-9692.388  -1234.1727  2.1620056e-11
-2.6258807  -2.483158  -0.965653
-2.2924972  -5.2184024  -0.96362746
-0.97939503  -7.9749727  -0.6360652
-2.222378  -10.752996  -1.1242809
-1.6210887  -13.666017  -0.99763554
-2.1154687  -16.606174  -1.1921875
-2.853015  -19.639748  -1.4191064
-3.4651747  -22.75557  -1.5421603
-4.905995  -25.939573  -1.8359253
-6.559929  -29.21477  -2.0811224
-8.807988  -32.56581  -2.361369
-11.805473  -35.99766  -2.687729
-15.463917  -39.51184  -2.9974968
-20.042109  -43.102287  -3.3249826
-25.65945  -46.771797  -3.6661756
-32.32926  -50.519295  -3.9855175
-40.25578  -54.340878  -4.2959867
-49.7  -58.241745  -4.631957
-60.424995  -62.22002  -4.8943143
-72.96788  -66.27369  -5.171915
-87.51781  -70.41906  -5.4838157
-103.42062  -74.64298  -5.643383
-122.086655  -78.961975  -5.902157
-143.1382  -83.39952  -6.1726756
-165.6019  -87.924  -6.2304153
-192.06424  -92.5976  -6.455187
-221.52202  -97.434235  -6.6660924
-252.94768  -102.40172  -6.7078075
-289.09406  -107.60824  -6.838137
-329.92352  -113.076775  -6.865139
-376.17987  -118.84671  -6.8207884
-428.19116  -124.94152  -6.746662
-484.77036  -131.29025  -6.550788
-546.27435  -137.93958  -6.448836
-610.1553  -144.71751  -6.259557
-676.4575  -151.62833  -5.992319
-747.24194  -158.88597  -5.935391
-819.8772  -166.27751  -5.7451854
-894.58417  -173.80818  -5.5031295
-972.7051  -181.64166  -5.4197807
-1052.5791  -189.62514  -5.2263865
-1134.6664  -197.79973  -5.038615
-1219.326  -206.22821  -4.9187317
-1305.7977  -214.83264  -4.7346997
-1394.467  -223.66013  -4.579683
-1485.2468  -232.71593  -4.436863
-1577.9175  -241.9777  -4.2719374
-1672.6473  -251.47406  -4.128639
-1769.301  -261.19727  -3.9811647
-1867.8624  -271.15048  -3.833593
-1968.354  -281.3448  -3.69521
-2070.7107  -291.7782  -3.5547857
-2174.9453  -302.4588  -3.4198034
-2281.0403  -313.39124  -3.288322
-2388.9812  -324.57953  -3.1591568
-2498.7695  -336.0305  -3.034851
-2610.3962  -347.74887  -2.9135728
-2723.861  -359.7409  -2.7963343
-2839.1655  -372.01276  -2.6830919
-2956.3113  -384.5706  -2.573534
-3075.3027  -397.42087  -2.4680452
-3196.1458  -410.57022  -2.3662841
-3318.8462  -424.02515  -2.268291
-3443.412  -437.79242  -2.1739483
-3569.8523  -451.87875  -2.0830696
-3698.1743  -466.2906  -1.9955428
-3828.3877  -481.03458  -1.9111633
-3960.499  -496.11682  -1.8297539
-4094.5166  -511.5435  -1.7511216
-4230.448  -527.32043  -1.6750652
-4368.298  -543.45294  -1.6013936
-4508.072  -559.9462  -1.5299188
-4649.77  -576.80457  -1.4604613
-4793.3955  -594.0321  -1.3928527
-4938.9473  -611.6324  -1.3269441
-5086.4204  -629.6079  -1.262591
-5235.8115  -647.96094  -1.1996878
-5387.11  -666.69244  -1.1381072
-5540.3066  -685.803  -1.0777948
-5695.388  -705.292  -1.0186484
-5852.337  -725.15765  -0.9606413
-6011.135  -745.3976  -0.9037406
-6171.7563  -766.00757  -0.8478651
-6334.177  -786.98267  -0.79314643
-6498.366  -808.3164  -0.7393493
-6664.2905  -830.00073  -0.6868087
-6831.912  -852.0261  -0.6352089
-7001.188  -874.38104  -0.5847699
-7172.0723  -897.0527  -0.5357353
-7344.5127  -920.02515  -0.48718876
-7518.4556  -943.2826  -0.44121423
-7693.8306  -966.80255  -0.39450565
-7870.5806  -990.5662  -0.3515941
-8048.616  -1014.5446  -0.30773625
-8227.867  -1038.7119  -0.26618442
-8408.241  -1063.0383  -0.22851388
-8589.614  -1087.4784  -0.18401276
-8771.943  -1112.0155  -0.1580258
-8954.981  -1136.5663  -0.10585293
-9138.789  -1161.1404  -0.09391074
-9322.971  -1185.6115  -0.038543288
-9507.626  -1209.9915  -0.025523134
-2.2454875  -2.4582272  -1.855243
-2.351526  -5.1534295  -2.0486634
-1.978623  -7.857105  -1.7814677
-4.1173377  -10.570833  -3.192018
-5.1970162  -13.391424  -3.6622982
-7.664782  -16.218897  -4.9178877
-10.85425  -19.109642  -6.42861
-14.520884  -22.046753  -7.9656167
-19.415747  -25.019913  -9.9913
-25.069086  -28.044071  -12.108514
-31.7797  -31.107065  -14.446659
-39.624958  -34.215485  -16.978477
-48.54183  -37.370663  -19.582155
-58.694157  -40.5729  -22.281107
-70.11654  -43.82841  -25.017187
-82.84929  -47.1397  -27.735022
-96.98501  -50.510788  -30.408737
-112.658165  -53.95047  -33.044865
-129.84341  -57.46035  -35.54945
-148.72188  -61.04821  -37.945297
-169.49103  -64.7292  -40.274567
-192.0027  -68.495705  -42.376583
-216.63853  -72.36803  -44.36497
-243.61043  -76.37173  -46.28267
-272.6928  -80.476524  -47.930725
-304.37964  -84.719894  -49.428642
-338.92264  -89.153366  -50.81522
-376.3873  -93.7324  -52.02503
-417.01437  -98.450806  -52.984444
-460.48837  -103.32751  -53.388832
-506.96237  -108.38737  -53.21445
-556.5836  -113.66371  -52.518433
-609.19965  -119.161606  -51.317993
-665.2343  -124.931496  -49.953533
-724.59064  -130.96043  -48.57611
-787.0869  -137.1813  -47.198673
-852.6627  -143.62563  -45.835854
-920.8028  -150.29004  -44.373962
-991.66223  -157.16086  -42.954887
-1065.2511  -164.25716  -41.60362
-1141.1204  -171.56197  -40.17318
-1219.4404  -179.08484  -38.791405
-1300.1525  -186.83507  -37.448673
-1383.0284  -194.80109  -36.072544
-1468.1737  -202.997  -34.74418
-1555.4895  -211.4239  -33.43195
-1644.9017  -220.08087  -32.12404
-1736.4408  -228.97804  -30.854315
-1830.032  -238.11565  -29.599182
-1925.6617  -247.49855  -28.368572
-2023.3188  -257.13293  -27.168852
-2122.968  -267.02155  -25.992382
-2224.6052  -277.17075  -24.847914
-2328.2144  -287.58536  -23.734047
-2433.7842  -298.2707  -22.651575
-2541.3098  -309.2327  -21.603748
-2650.7834  -320.47693  -20.589678
-2762.2024  -332.0095  -19.611177
-2875.5652  -343.83652  -18.66851
-2990.8713  -355.96442  -17.761614
-3108.1213  -368.39944  -16.8908
-3227.318  -381.1482  -16.055378
-3348.463  -394.21704  -15.254858
-3471.5603  -407.61264  -14.488301
-3596.6145  -421.34155  -13.754554
-3723.6277  -435.41003  -13.052363
-3852.6055  -449.82468  -12.380237
-3983.5496  -464.5914  -11.736659
-4116.464  -479.71628  -11.119999
-4251.351  -495.20517  -10.528613
-4388.211  -511.06326  -9.960878
-4527.046  -527.29584  -9.415207
-4667.852  -543.9073  -8.890076
-4810.6284  -560.9019  -8.384066
-4955.371  -578.2834  -7.895862
-5102.072  -596.05457  -7.424286
-5250.7246  -614.218  -6.9683013
-5401.3174  -632.7751  -6.526988
-5553.8374  -651.72675  -6.0996404
-5708.271  -671.0731  -5.6856
-5864.5977  -690.81287  -5.28445
-6022.7993  -710.9443  -4.895881
-6182.849  -731.4638  -4.519605
-6344.722  -752.3674  -4.1557674
-6508.3877  -773.6493  -3.8040333
-6673.8105  -795.3023  -3.4650211
-6840.9536  -817.3178  -3.1384346
-7009.7734  -839.68536  -2.824837
-7180.225  -862.393  -2.5248957
-7352.2554  -885.42615  -2.2375183
-7525.81  -908.76953  -1.9662863
-7700.8223  -932.4028  -1.7064548
-7877.2305  -956.307  -1.4655097
-8054.95  -980.4557  -1.2363694
-8233.908  -1004.8238  -1.0248184
-8414.012  -1029.382  -0.8333406
-8595.145  -1054.0897  -0.64627427
-8777.244  -1078.9247  -0.5032478
-8960.104  -1103.8174  -0.33508217
-9143.726  -1128.762  -0.24721876
-9327.786  -1153.6554  -0.10723472
-9512.317  -1178.4916  -0.055163518
-1.6351256  -2.3221798  -2.551357
-2.372886  -4.83724  -3.3448288
-3.288491  -7.3299737  -3.8543577
-6.4548345  -9.803864  -6.8269725
-9.586159  -12.331171  -9.01431
-14.292939  -14.829522  -12.529617
-20.16532  -17.343288  -16.685564
-27.10684  -19.853867  -21.235947
-35.555695  -22.358284  -26.642872
-45.251877  -24.865276  -32.433125
-56.37807  -27.369036  -38.72282
-68.95351  -29.877207  -45.410767
-82.95737  -32.39264  -52.34725
-98.46472  -34.920338  -59.50504
-115.47575  -37.467793  -66.76393
-134.0244  -40.04138  -74.047104
-154.1453  -42.648968  -81.27695
-175.88478  -45.29969  -88.392685
-199.27885  -48.001934  -95.31899
-224.38501  -50.764305  -102.00252
-251.28342  -53.597595  -108.41777
-280.01453  -56.51034  -114.48918
-310.67044  -59.51088  -120.193634
-343.34756  -62.60809  -125.50825
-378.09036  -65.81027  -130.35689
-414.9924  -69.12218  -134.71188
-454.12228  -72.542694  -138.4968
-495.48795  -76.06815  -141.59845
-539.00244  -79.68335  -143.86772
-584.4572  -83.39201  -145.05821
-631.7592  -87.23666  -145.05447
-680.9622  -91.27054  -143.8946
-732.23413  -95.548416  -141.73466
-785.90247  -100.10594  -138.8987
-842.20795  -104.93805  -135.64447
-901.20624  -110.028206  -132.10959
-962.8678  -115.36619  -128.38715
-1027.1511  -120.95104  -124.53008
-1094.0516  -126.77973  -120.61618
-1163.5  -132.84966  -116.66435
-1235.4182  -139.16032  -112.67718
-1309.7917  -145.71362  -108.70775
-1386.5577  -152.51065  -104.75369
-1465.6602  -159.55312  -100.81729
-1547.0804  -166.84445  -96.93052
-1630.7688  -174.3875  -93.08692
-1716.6923  -182.18536  -89.2961
-1804.8306  -190.24251  -85.57315
-1895.1494  -198.56252  -81.9157
-1987.6298  -207.14995  -78.33485
-2082.2524  -216.00946  -74.83654
-2178.9976  -225.14575  -71.42341
-2277.8525  -234.56398  -68.10345
-2378.8042  -244.2694  -64.87956
-2481.843  -254.26746  -61.755947
-2586.9592  -264.56375  -58.7366
-2694.1467  -275.16412  -55.823322
-2803.3987  -286.07437  -53.018524
-2914.7114  -297.3006  -50.32301
-3028.0818  -308.84903  -47.736874
-3143.5059  -320.72577  -45.259613
-3260.9824  -332.93726  -42.889557
-3380.5088  -345.4897  -40.624596
-3502.084  -358.38956  -38.461758
-3625.7073  -371.6433  -36.397503
-3751.376  -385.25705  -34.427883
-3879.0903  -399.23724  -32.548492
-4008.8464  -413.58984  -30.754694
-4140.643  -428.32092  -29.04168
-4274.478  -443.43637  -27.404566
-4410.346  -458.9415  -25.83853
-4548.245  -474.84177  -24.33887
-4688.1665  -491.14185  -22.901083
-4830.1055  -507.84628  -21.520943
-4974.0537  -524.9593  -20.194519
-5120.0005  -542.4841  -18.918282
-5267.9355  -560.42377  -17.689083
-5417.8447  -578.7804  -16.504166
-5569.713  -597.55554  -15.361244
-5723.524  -616.7501  -14.258371
-5879.2563  -636.3636  -13.1940975
-6036.889  -656.39514  -12.167332
-6196.395  -676.8422  -11.17726
-6357.7476  -697.7018  -10.223695
-6520.916  -718.9691  -9.306211
-6685.864  -740.6381  -8.42546
-6852.5537  -762.7016  -7.581399
-7020.942  -785.1501  -6.7749276
-7190.9824  -807.97296  -6.0071535
-7362.623  -831.15735  -5.277646
-7535.808  -854.6887  -4.5904217
-7710.4727  -878.54926  -3.9417105
-7886.5513  -902.72034  -3.339462
-8063.9644  -927.17847  -2.7775404
-8242.635  -951.8995  -2.2627757
-8422.469  -976.85516  -1.7977258
-8603.362  -1002.0107  -1.3693862
-8785.225  -1027.3376  -1.0157859
-8967.896  -1052.7828  -0.6724293
-9151.312  -1078.3225  -0.4425132
-9335.235  -1103.8815  -0.19810762
-9519.611  -1129.4323  -0.08173697
-0.8911155  -1.9502424  -2.8721302
-2.1908793  -4.006744  -4.7331624
-4.2680545  -5.988624  -6.7912254
-8.073557  -7.902347  -11.687122
-12.732693  -9.796649  -16.378576
-18.900011  -11.6154995  -22.730284
-26.434353  -13.392983  -30.011904
-35.341007  -15.117468  -38.02813
-45.769733  -16.79307  -47.03752
-57.65276  -18.42778  -56.622807
-71.06112  -20.022598  -66.830154
-86.00272  -21.585732  -77.50728
-102.48701  -23.122263  -88.51796
-120.54104  -24.638832  -99.785645
-140.17487  -26.1426  -111.17827
-161.4105  -27.640581  -122.6024
-184.2693  -29.140287  -133.9557
-208.77597  -30.649673  -145.14278
-234.95946  -32.17649  -156.07368
-262.85083  -33.728374  -166.65787
-292.4848  -35.313904  -176.8122
-323.8985  -36.940296  -186.45262
-357.12662  -38.613117  -195.48734
-392.19986  -40.341324  -203.8204
-429.15146  -42.1313  -211.36429
-468.00043  -43.983494  -218.00587
-508.73096  -45.90357  -223.58316
-551.3199  -47.909115  -227.96413
-595.76587  -50.029705  -231.12476
-642.0772  -52.287746  -233.10104
-690.2629  -54.704098  -233.9103
-740.35486  -57.31242  -233.56258
-792.41754  -60.14243  -232.07613
-846.52435  -63.21999  -229.4662
-902.75336  -66.577934  -225.80486
-961.20483  -70.23809  -221.28867
-1021.9728  -74.20067  -216.15477
-1085.0956  -78.453285  -210.54843
-1150.5819  -82.99606  -204.56587
-1218.4432  -87.82879  -198.31937
-1288.6757  -92.94572  -191.89084
-1361.263  -98.34582  -185.33604
-1436.1907  -104.030014  -178.70816
-1513.4404  -109.99726  -172.05072
-1592.9922  -116.249054  -165.39818
-1674.8264  -122.787155  -158.7799
-1758.9242  -129.61354  -152.22238
-1845.2681  -136.73102  -145.74811
-1933.8407  -144.14272  -139.37605
-2024.6268  -151.852  -133.12445
-2117.6125  -159.86278  -127.008575
-2212.7847  -168.1791  -121.04181
-2310.1318  -176.80531  -115.236565
-2409.6445  -185.74606  -109.602745
-2511.3137  -195.00629  -104.14892
-2615.1309  -204.59093  -98.8821
-2721.0896  -214.50539  -93.807175
-2829.1826  -224.75497  -88.927734
-2939.4048  -235.34543  -84.24543
-3051.7515  -246.28256  -79.76034
-3166.2163  -257.5722  -75.47109
-3282.7964  -269.22058  -71.37471
-3401.4856  -281.23367  -67.467064
-3522.2808  -293.61783  -63.74273
-3645.178  -306.3794  -60.195324
-3770.1714  -319.52454  -56.81768
-3897.258  -333.05975  -53.601917
-4026.4312  -346.99112  -50.539783
-4157.686  -361.3249  -47.62269
-4291.0176  -376.06723  -44.84194
-4426.4175  -391.2238  -42.188972
-4563.88  -406.80035  -39.655354
-4703.395  -422.80212  -37.233047
-4844.954  -439.23416  -34.914433
-4988.547  -456.10117  -32.692425
-5134.1606  -473.40707  -30.5606
-5281.7827  -491.15567  -28.513168
-5431.397  -509.34976  -26.54506
-5582.987  -527.99176  -24.651934
-5736.5337  -547.0834  -22.830132
-5892.0156  -566.62506  -21.076773
-6049.41  -586.61694  -19.3896
-6208.689  -607.05756  -17.766996
-6369.824  -627.94476  -16.208065
-6532.785  -649.27515  -14.712137
-6697.533  -671.0437  -13.279524
-6864.0317  -693.24445  -11.910368
-7032.2354  -715.8692  -10.605669
-7202.0977  -738.90875  -9.36668
-7373.5674  -762.3517  -8.193979
-7546.585  -786.1846  -7.0908937
-7721.0894  -810.3918  -6.0561814
-7897.0107  -834.95557  -5.095891
-8074.272  -859.855  -4.207293
-8252.793  -885.0672  -3.3962743
-8432.48  -910.5654  -2.6651504
-8613.235  -936.3195  -2.0084176
-8794.948  -962.2975  -1.449976
-8977.494  -988.459  -0.9533595
-9160.755  -1014.76733  -0.5833349
-9344.5625  -1041.1697  -0.2643761
-9528.788  -1067.6223  -0.08849674
-0.2622193  -1.2108122  -2.6032555
-1.760699  -2.4026978  -5.6411552
-4.391494  -3.4600859  -9.483455
-8.222865  -4.3938007  -15.780903
-13.3876505  -5.2394247  -22.528433
-19.87029  -5.971711  -30.75742
-27.747404  -6.61839  -39.865486
-37.044743  -7.180678  -49.71598
-47.78217  -7.667982  -60.312153
-59.992878  -8.090898  -71.383766
-73.68852  -8.4558735  -82.88887
-88.89104  -8.77177  -94.68775
-105.61727  -9.045683  -106.675186
-123.8847  -9.284528  -118.76227
-143.71387  -9.49514  -130.848
-165.12556  -9.683837  -142.84604
-188.14412  -9.857164  -154.66763
-212.79604  -10.0214  -166.22551
-239.11064  -10.183167  -177.43239
-267.11984  -10.3497095  -188.201
-296.85754  -10.527935  -198.44325
-328.3593  -10.725693  -208.06494
-361.65958  -10.953658  -216.9763
-396.79196  -11.220922  -225.09306
-433.78778  -11.538051  -232.31618
-472.66888  -11.924575  -238.56157
-513.44586  -12.402484  -243.80647
-556.12384  -12.991738  -248.06772
-600.7107  -13.711189  -251.37189
-647.2215  -14.582828  -253.77217
-695.6768  -15.622466  -255.33214
-746.11163  -16.83843  -256.05795
-798.57715  -18.248653  -255.88597
-853.1299  -19.883162  -254.75208
-909.8311  -21.770857  -252.63593
-968.74347  -23.939102  -249.54573
-1029.9174  -26.414062  -245.53519
-1093.3834  -29.214378  -240.73131
-1159.1562  -32.34146  -235.27016
-1227.2435  -35.79792  -229.25539
-1297.6448  -39.587234  -222.79387
-1370.3534  -43.707783  -215.98677
-1445.3605  -48.158447  -208.91444
-1522.6544  -52.93972  -201.65022
-1602.2219  -58.050606  -194.25961
-1684.0499  -63.491386  -186.79742
-1768.1245  -69.26264  -179.313
-1854.4331  -75.36535  -171.84962
-1942.9628  -81.800896  -164.44484
-2033.7017  -88.57126  -157.13211
-2126.639  -95.67862  -149.94038
-2221.7644  -103.12577  -142.89476
-2319.068  -110.915726  -136.01685
-2418.5425  -119.052  -129.32477
-2520.1797  -127.53845  -122.83343
-2623.972  -136.37915  -116.554886
-2729.9138  -145.57866  -110.498146
-2837.998  -155.14166  -104.66975
-2948.22  -165.07327  -99.07355
-3060.5747  -175.37889  -93.71115
-3175.0562  -186.06392  -88.58209
-3291.661  -197.13428  -83.68381
-3410.3828  -208.5958  -79.012146
-3531.218  -220.45467  -74.56134
-3654.1626  -232.71721  -70.32431
-3779.2097  -245.38965  -66.292984
-3906.3562  -258.47855  -62.458332
-4035.5945  -271.99014  -58.810795
-4166.92  -285.93097  -55.34034
-4300.3257  -300.30746  -52.036705
-4435.804  -315.12564  -48.889713
-4573.348  -330.39175  -45.889275
-4712.947  -346.11145  -43.025707
-4854.5913  -362.2903  -40.28974
-4998.271  -378.93372  -37.67271
-5143.972  -396.04614  -35.1667
-5291.681  -413.63214  -32.76448
-5441.3813  -431.69522  -30.459707
-5593.0557  -450.2386  -28.246845
-5746.6855  -469.26477  -26.121208
-5902.2476  -488.77515  -24.079006
-6059.7188  -508.7707  -22.117203
-6219.071  -529.2509  -20.233604
-6380.2744  -550.2147  -18.426718
-6543.2983  -571.6597  -16.695665
-6708.1045  -593.58203  -15.040302
-6874.6543  -615.9768  -13.460817
-7042.903  -638.8371  -11.958072
-7212.8022  -662.1549  -10.533139
-7384.301  -685.9203  -9.187427
-7557.3384  -710.1211  -7.9228845
-7731.854  -734.74347  -6.7410083
-7907.775  -759.7707  -5.6445937
-8085.026  -785.1842  -4.635154
-8263.524  -810.9625  -3.7158139
-8443.177  -837.0807  -2.8890915
-8623.884  -863.51166  -2.1570396
-8805.532  -890.22327  -1.5252216
-8988.005  -917.1817  -0.9933953
-9171.166  -944.34686  -0.57093114
-9354.87  -971.676  -0.25843865
-9538.96  -999.1213  -0.06336647
-0.20169063  -0.028502202  -1.6162494
-1.6443552  0.097035274  -5.1544056
-4.2857976  0.3866121  -9.932476
-8.094315  0.8197568  -16.008493
-13.34431  1.3693047  -22.902815
-19.940756  2.0264802  -30.595469
-28.007147  2.769733  -38.83654
-37.555748  3.5859418  -47.492924
-48.609425  4.4622607  -56.452293
-61.19952  5.386599  -65.598076
-75.33692  6.3492427  -74.84465
-91.04083  7.34117  -84.11525
-108.32598  8.354388  -93.338615
-127.20764  9.381831  -102.45469
-147.70251  10.416871  -111.40591
-169.82837  11.453233  -120.1379
-193.60463  12.484937  -128.59949
-219.05292  13.505645  -136.73883
-246.19571  14.508807  -144.50684
-275.05734  15.487566  -151.85399
-305.66263  16.433762  -158.73137
-338.03317  17.33786  -165.09734
-372.18878  18.190874  -170.91454
-408.14713  18.98073  -176.14728
-445.91107  19.692097  -180.78561
-485.47034  20.313171  -184.84723
-526.81793  20.832531  -188.35223
-569.95184  21.238056  -191.32607
-614.8768  21.51937  -193.795
-661.6188  21.667622  -195.76022
-710.22015  21.669653  -197.20703
-760.718  21.509369  -198.12926
-813.1429  21.172798  -198.53171
-867.5373  20.647795  -198.40834
-923.96936  19.915743  -197.72382
-982.5175  18.951756  -196.4387
-1043.2577  17.72958  -194.53047
-1106.2606  16.224178  -191.99068
-1171.5717  14.409908  -188.84836
-1239.2096  12.272085  -185.16292
-1309.1868  9.799951  -180.99236
-1381.5048  6.9835234  -176.39998
-1456.1561  3.816848  -171.45464
-1533.1301  0.296205  -166.21967
-1612.4133  -3.5822947  -160.75519
-1693.9902  -7.820817  -155.1187
-1777.8451  -12.421485  -149.36203
-1863.9631  -17.386284  -143.53261
-1952.3291  -22.71717  -137.67348
-2042.9292  -28.416182  -131.82281
-2135.7502  -34.48574  -126.014534
-2230.7803  -40.928383  -120.27827
-2328.008  -47.74711  -114.63969
-2427.424  -54.945187  -109.12062
-2529.0195  -62.52632  -103.739365
-2632.7852  -70.49438  -98.51102
-2738.7144  -78.85378  -93.447464
-2846.7988  -87.609024  -88.55787
-2957.033  -96.76507  -83.84876
-3069.4111  -106.32716  -79.32427
-3183.9258  -116.30061  -74.98645
-3300.573  -126.69117  -70.8353
-3419.3457  -137.5046  -66.86922
-3540.2388  -148.74695  -63.085014
-3663.2478  -160.4245  -59.478157
-3788.3652  -172.54337  -56.04311
-3915.587  -185.11008  -52.77333
-4044.9045  -198.1309  -49.66167
-4176.3125  -211.61235  -46.70041
-4309.8037  -225.56088  -43.88147
-4445.3696  -239.9827  -41.19673
-4583.002  -254.88411  -38.63799
-4722.6904  -270.271  -36.19728
-4864.425  -286.14923  -33.866875
-5008.194  -302.52438  -31.639484
-5153.983  -319.40137  -29.508368
-5301.779  -336.78516  -27.46732
-5451.564  -354.67975  -25.510836
-5603.321  -373.08887  -23.634064
-5757.0303  -392.01562  -21.83287
-5912.668  -411.46213  -20.103876
-6070.211  -431.43005  -18.444317
-6229.6304  -451.9198  -16.852224
-6390.897  -472.931  -15.326123
-6553.978  -494.46234  -13.865269
-6718.835  -516.5108  -12.469314
-6885.4297  -539.07275  -11.138499
-7053.7153  -562.1424  -9.873458
-7223.6445  -585.7128  -8.674959
-7395.164  -609.7756  -7.544752
-7568.2144  -634.31976  -6.4833603
-7742.732  -659.333  -5.49414
-7918.645  -684.8004  -4.576594
-8095.8765  -710.70465  -3.7356837
-8274.344  -737.02655  -2.9708796
-8453.951  -763.7426  -2.2855597
-8634.601  -790.828  -1.6858116
-8816.178  -818.2533  -1.162618
-8998.559  -845.9851  -0.7447644
-9181.619  -873.98975  -0.3919783
-9365.195  -902.22095  -0.17416513
-9549.151  -930.6423  -0.012523783
-1.2914239  1.5302929  -0.07634703
-3.1978393  3.3078887  -2.8388205
-6.192782  5.199905  -6.9254875
-11.194314  7.163298  -10.893118
-17.534153  9.203725  -15.763089
-25.673708  11.27457  -20.659176
-35.44839  13.373231  -25.815475
-46.922653  15.479655  -31.03347
-60.10218  17.583996  -36.26276
-74.96817  19.677412  -41.472164
-91.536865  21.75081  -46.598072
-109.79339  23.798391  -51.6231
-129.74184  25.813496  -56.510036
-151.3774  27.79111  -61.238174
-174.69868  29.72613  -65.78509
-199.70471  31.6139  -70.13111
-226.3932  33.449776  -74.25941
-254.76225  35.229134  -78.154015
-284.80807  36.947273  -81.80162
-316.52512  38.599037  -85.19102
-349.90262  40.179176  -88.31604
-384.92786  41.68284  -91.17322
-421.58377  43.10366  -93.76326
-459.84155  44.4359  -96.099106
-499.67352  45.676468  -98.19724
-541.06354  46.820465  -100.06932
-584.00146  47.86339  -101.72736
-628.4943  48.801094  -103.17487
-674.5655  49.626904  -104.40578
-722.2396  50.332462  -105.41667
-771.54486  50.909664  -106.20216
-822.5118  51.348953  -106.758766
-875.1721  51.641117  -107.087166
-929.5625  51.775272  -107.184906
-985.72144  51.740482  -107.05047
-1043.7017  51.52449  -106.67589
-1103.5774  51.110695  -106.04237
-1165.4307  50.477768  -105.13243
-1229.3484  49.604538  -103.9301
-1295.4081  48.466522  -102.43044
-1363.6638  47.043526  -100.64577
-1434.1582  45.318485  -98.59439
-1506.9233  43.27568  -96.29984
-1581.9772  40.901947  -93.7921
-1659.3308  38.186726  -91.10236
-1738.9896  35.12018  -88.2621
-1820.9535  31.694204  -85.30277
-1905.2205  27.901281  -82.2541
-1991.7858  23.734642  -79.143845
-2080.6433  19.187836  -75.9977
-2171.7864  14.254796  -72.8388
-2265.2073  8.929493  -69.687874
-2360.898  3.206129  -66.563225
-2458.8506  -2.9212008  -63.480774
-2559.0579  -9.458379  -60.454185
-2661.51  -16.411205  -57.495033
-2766.2004  -23.785675  -54.61282
-2873.1194  -31.587711  -51.815304
-2982.259  -39.823368  -49.108467
-3093.612  -48.498802  -46.496704
-3207.1682  -57.620033  -43.983074
-3322.9207  -67.19336  -41.56924
-3440.8591  -77.224915  -39.25581
-3560.9756  -87.720985  -37.042286
-3683.2617  -98.68792  -34.927273
-3807.707  -110.13189  -32.90866
-3934.3035  -122.05932  -30.983593
-4063.0398  -134.47633  -29.148754
-4193.9067  -147.38922  -27.400358
-4326.894  -160.80428  -25.734308
-4461.9897  -174.72739  -24.146358
-4599.1836  -189.1647  -22.632105
-4738.461  -204.12184  -21.187223
-4879.81  -219.60454  -19.807425
-5023.2173  -235.61821  -18.488596
-5168.665  -252.16777  -17.226912
-5316.1387  -269.25815  -16.01879
-5465.618  -286.89343  -14.861053
-5617.085  -305.07758  -13.75084
-5770.518  -323.814  -12.685735
-5925.892  -343.1051  -11.663728
-6083.183  -362.95316  -10.683176
-6242.361  -383.35904  -9.742937
-6403.3945  -404.32318  -8.842093
-6566.252  -425.845  -7.980299
-6730.893  -447.92252  -7.157282
-6897.279  -470.5529  -6.373333
-7065.363  -493.7316  -5.6288323
-7235.0957  -517.453  -4.924221
-7406.4253  -541.7097  -4.2610373
-7579.29  -566.49255  -3.638753
-7753.626  -591.7902  -3.0611856
-7929.363  -617.59  -2.525557
-8106.42  -643.8756  -2.0383396
-8284.717  -670.6304  -1.5958709
-8464.156  -697.83234  -1.2023554
-8644.637  -725.4581  -0.86378664
-8826.053  -753.4829  -0.56433445
-9008.261  -781.8702  -0.34574887
-9191.17  -810.5987  -0.1405078
-9374.564  -839.6094  -0.056611292
-9558.376  -868.88947  0.039380804
-3.822093  3.1904716  1.2976875
-7.505086  6.6277757  0.14361306
-12.02842  10.036178  -2.1433597
-20.085247  13.341158  -3.4420753
-29.132963  16.635382  -5.6026163
-40.679886  19.827969  -7.3783298
-53.90674  22.960386  -9.337402
-69.08338  26.006222  -11.206532
-86.0773  28.97048  -13.049509
-104.85648  31.849411  -14.841219
-125.40564  34.640408  -16.565308
-147.67635  37.343033  -18.22364
-171.65202  39.95505  -19.804276
-197.30023  42.475586  -21.30581
-224.59816  44.903168  -22.723013
-253.51984  47.23657  -24.05333
-284.0396  49.474598  -25.294647
-316.1308  51.616077  -26.445675
-349.76453  53.659866  -27.50655
-384.9093  55.605072  -28.479187
-421.5324  57.45117  -29.366747
-459.5992  59.197254  -30.174072
-499.07162  60.843548  -30.909405
-539.9203  62.390995  -31.579374
-582.1259  63.83879  -32.18814
-625.67566  65.186966  -32.739437
-670.5711  66.434326  -33.23244
-716.81946  67.57803  -33.665653
-764.42914  68.61542  -34.038223
-813.41614  69.54288  -34.34729
-863.7927  70.355835  -34.59401
-915.57837  71.05066  -34.778187
-968.8051  71.62064  -34.896206
-1023.5012  72.059235  -34.948257
-1079.699  72.35952  -34.934616
-1137.4363  72.51343  -34.854507
-1196.7566  72.511635  -34.706856
-1257.7214  72.34329  -34.48646
-1320.4033  71.99279  -34.187195
-1384.8866  71.4436  -33.80198
-1451.2599  70.67552  -33.325737
-1519.6011  69.668846  -32.759483
-1589.9814  68.40461  -32.106983
-1662.4646  66.86434  -31.374569
-1737.1039  65.03032  -30.571072
-1813.9447  62.886353  -29.706
-1893.0249  60.416645  -28.789408
-1974.3759  57.606693  -27.831333
-2058.022  54.4426  -26.841497
-2143.983  50.91141  -25.828983
-2232.273  47.00073  -24.802313
-2322.9019  42.69894  -23.769215
-2415.8765  37.99495  -22.736622
-2511.1997  32.878235  -21.71074
-2608.8728  27.338732  -20.696941
-2708.8926  21.366934  -19.699953
-2811.256  14.95358  -18.723751
-2915.956  8.090008  -17.77166
-3022.9856  0.76771045  -16.846405
-3132.3367  -7.0214086  -15.950066
-3243.998  -15.285122  -15.084316
-3357.9597  -24.031038  -14.250245
-3474.209  -33.266335  -13.448549
-3592.7336  -42.998123  -12.679512
-3713.5215  -53.233322  -11.943077
-3836.5571  -63.97843  -11.238879
-3961.828  -75.24003  -10.566243
-4089.3176  -87.024284  -9.924336
-4219.012  -99.33737  -9.312084
-4350.8965  -112.18531  -8.728278
-4484.9526  -125.57374  -8.171635
-4621.1665  -139.50844  -7.640754
-4759.5195  -153.99467  -7.134265
-4899.994  -169.03773  -6.6507564
-5042.573  -184.64279  -6.188874
-5187.2363  -200.81439  -5.7473392
-5333.9644  -217.55719  -5.3249297
-5482.7344  -234.87518  -4.9205794
-5633.525  -252.7722  -4.5332985
-5786.313  -271.2517  -4.1622705
-5941.071  -290.31628  -3.8068027
-6097.773  -309.9684  -3.466332
-6256.3867  -330.2094  -3.140507
-6416.882  -351.04025  -2.828986
-6579.2227  -372.46097  -2.5317464
-6743.37  -394.47034  -2.248641
-6909.284  -417.0665  -1.9799217
-7076.917  -440.24588  -1.725708
-7246.2197  -464.00397  -1.4861445
-7417.139  -488.3346  -1.2622021
-7589.6147  -513.2301  -1.0528946
-7763.58  -538.68024  -0.86125964
-7938.9673  -564.6745  -0.6838685
-8115.693  -591.19714  -0.5264633
-8293.68  -618.2345  -0.38420564
-8472.827  -645.76544  -0.26111868
-8653.033  -673.7685  -0.16085862
-8834.202  -702.22314  -0.068442084
-9016.166  -731.08905  -0.021769773
-9198.879  -760.3588  0.045379464
-9382.06  -789.95734  0.02873721
-9565.725  -819.9001  0.06371121
-6.9100504  4.495687  1.3990041
-13.114884  9.157755  1.3547976
-19.759974  13.625641  0.6088452
-31.395733  17.797613  0.7231784
-43.477287  21.881733  0.24739043
-58.64876  25.740316  0.1037569
-75.34759  29.470133  -0.18670098
-94.14848  33.034733  -0.40278655
-114.71782  36.459404  -0.63208187
-137.07402  39.74264  -0.8437724
-161.14575  42.89047  -1.0456835
-186.87991  45.906517  -1.2366887
-214.23746  48.79345  -1.4159733
-243.17177  51.55417  -1.5842174
-273.64526  54.190723  -1.7409322
-305.6176  56.70531  -1.8864251
-339.05142  59.099808  -2.0206723
-373.9086  61.376133  -2.1439507
-410.15173  63.536304  -2.2567322
-447.74582  65.58248  -2.359447
-486.65698  67.51645  -2.4527595
-526.85333  69.34076  -2.5381756
-568.31177  71.057625  -2.6164064
-611.01404  72.66815  -2.688016
-654.94617  74.17432  -2.7537796
-700.1021  75.576614  -2.8133893
-746.4757  76.875336  -2.866942
-794.0655  78.07087  -2.9141965
-842.8731  79.16242  -2.9547262
-892.8986  80.14937  -2.9894154
-944.1543  81.03082  -3.0175598
-996.65533  81.8034  -3.0387616
-1050.4155  82.46516  -3.053871
-1105.461  83.01225  -3.0621908
-1161.8214  83.43966  -3.0635757
-1219.5282  83.74196  -3.058389
-1278.6191  83.91312  -3.0465364
-1339.1367  83.94519  -3.028004
-1401.1346  83.82988  -3.0019836
-1464.6768  83.55514  -2.9678836
-1529.839  83.10781  -2.9249012
-1596.7084  82.47099  -2.8724017
-1665.3739  81.626526  -2.8108654
-1735.9243  80.55489  -2.7409136
-1808.4465  79.23583  -2.6632164
-1883.0209  77.64862  -2.5788677
-1959.7197  75.773056  -2.4889104
-2038.6084  73.58906  -2.3943532
-2119.742  71.077484  -2.2962327
-2203.1677  68.2198  -2.1955392
-2288.924  64.998535  -2.093145
-2377.042  61.397026  -1.9898891
-2467.5452  57.399628  -1.886532
-2560.451  52.99155  -1.7837356
-2655.772  48.158886  -1.6820986
-2753.514  42.888615  -1.5821583
-2853.681  37.168457  -1.484338
-2956.27  30.986954  -1.3890349
-3061.278  24.333258  -1.2965562
-3168.6982  17.197132  -1.2071627
-3278.5198  9.569108  -1.1210551
-3390.7324  1.4400926  -1.0383656
-3505.3218  -7.1983056  -0.9591925
-3622.2734  -16.354197  -0.8835981
-3741.5728  -26.03518  -0.811585
-3863.201  -36.24833  -0.7431352
-3987.1416  -47.000607  -0.6781971
-4113.375  -58.298344  -0.6166876
-4241.8823  -70.14781  -0.55851674
-4372.6455  -82.554955  -0.5035538
-4505.6416  -95.52525  -0.45167708
-4640.8525  -109.064285  -0.40274456
-4778.256  -123.17705  -0.35662007
-4917.83  -137.86853  -0.3131525
-5059.554  -153.14357  -0.2722119
-5203.405  -169.00647  -0.23366334
-5349.3594  -185.46165  -0.19738941
-5497.392  -202.51285  -0.16327962
-5647.4795  -220.16379  -0.13123739
-5799.595  -238.4179  -0.10118947
-5953.7104  -257.2778  -0.07307447
-6109.7974  -276.74606  -0.046835713
-6267.8228  -296.8243  -0.02246982
-6427.754  -317.5138  7.6323515e-05
-6589.556  -338.81503  0.020736324
-6753.1885  -360.72736  0.039576616
-6918.6104  -383.2495  0.056472924
-7085.774  -406.37872  0.07143972
-7254.6304  -430.11136  0.084491044
-7425.1255  -454.44208  0.09522177
-7597.1997  -479.3644  0.10438239
-7770.786  -504.86887  0.110369824
-7945.8184  -530.9467  0.115497656
-8122.21  -557.58264  0.116471544
-8299.888  -584.76514  0.11666887
-8478.749  -612.4738  0.113621
-8658.69  -640.68866  0.10593517
-8839.624  -669.3922  0.10239905
-9021.368  -698.5414  0.081112035
-9203.905  -728.1393  0.08222503
-9386.907  -758.09827  0.042728674
-9570.46  -788.4561  0.046820734
-9507.626  -1209.9915  0.025523134
-9322.971  -1185.6115  0.038543288
-9138.789  -1161.1404  0.09391074
-8954.981  -1136.5663  0.10585293
-8771.943  -1112.0155  0.1580258
-8589.614  -1087.4784  0.18401276
-8408.241  -1063.0383  0.22851388
-8227.867  -1038.7119  0.26618442
-8048.616  -1014.5446  0.30773625
-7870.5806  -990.5662  0.3515941
-7693.8306  -966.80255  0.39450565
-7518.4556  -943.2826  0.44121423
-7344.5127  -920.02515  0.48718876
-7172.0723  -897.0527  0.5357353
-7001.188  -874.38104  0.5847699
-6831.912  -852.0261  0.6352089
-6664.2905  -830.00073  0.6868087
-6498.366  -808.3164  0.7393493
-6334.177  -786.98267  0.79314643
-6171.7563  -766.00757  0.8478651
-6011.135  -745.3976  0.9037406
-5852.337  -725.15765  0.9606413
-5695.388  -705.292  1.0186484
-5540.3066  -685.803  1.0777948
-5387.11  -666.69244  1.1381072
-5235.8115  -647.96094  1.1996878
-5086.4204  -629.6079  1.262591
-4938.9473  -611.6324  1.3269441
-4793.3955  -594.0321  1.3928527
-4649.77  -576.80457  1.4604613
-4508.072  -559.9462  1.5299188
-4368.298  -543.45294  1.6013936
-4230.448  -527.32043  1.6750652
-4094.5166  -511.5435  1.7511216
-3960.499  -496.11682  1.8297539
-3828.3877  -481.03458  1.9111633
-3698.1743  -466.2906  1.9955428
-3569.8523  -451.87875  2.0830696
-3443.412  -437.79242  2.1739483
-3318.8462  -424.02515  2.268291
-3196.1458  -410.57022  2.3662841
-3075.3027  -397.42087  2.4680452
-2956.3113  -384.5706  2.573534
-2839.1655  -372.01276  2.6830919
-2723.861  -359.7409  2.7963343
-2610.3962  -347.74887  2.9135728
-2498.7695  -336.0305  3.034851
-2388.9812  -324.57953  3.1591568
-2281.0403  -313.39124  3.288322
-2174.9453  -302.4588  3.4198034
-2070.7107  -291.7782  3.5547857
-1968.354  -281.3448  3.69521
-1867.8624  -271.15048  3.833593
-1769.301  -261.19727  3.9811647
-1672.6473  -251.47406  4.128639
-1577.9175  -241.9777  4.2719374
-1485.2468  -232.71593  4.436863
-1394.467  -223.66013  4.579683
-1305.7977  -214.83264  4.7346997
-1219.326  -206.22821  4.9187317
-1134.6664  -197.79973  5.038615
-1052.5791  -189.62514  5.2263865
-972.7051  -181.64166  5.4197807
-894.58417  -173.80818  5.5031295
-819.8772  -166.27751  5.7451854
-747.24194  -158.88597  5.935391
-676.4575  -151.62833  5.992319
-610.1553  -144.71751  6.259557
-546.27435  -137.93958  6.448836
-484.77036  -131.29025  6.550788
-428.19116  -124.94152  6.746662
-376.17987  -118.84671  6.8207884
-329.92352  -113.076775  6.865139
-289.09406  -107.60824  6.838137
-252.94768  -102.40172  6.7078075
-221.52202  -97.434235  6.6660924
-192.06424  -92.5976  6.455187
-165.6019  -87.924  6.2304153
-143.1382  -83.39952  6.1726756
-122.086655  -78.961975  5.902157
-103.42062  -74.64298  5.643383
-87.51781  -70.41906  5.4838157
-72.96788  -66.27369  5.171915
-60.424995  -62.22002  4.8943143
-49.7  -58.241745  4.631957
-40.25578  -54.340878  4.2959867
-32.32926  -50.519295  3.9855175
-25.65945  -46.771797  3.6661756
-20.042109  -43.102287  3.3249826
-15.463917  -39.51184  2.9974968
-11.805473  -35.99766  2.687729
-8.807988  -32.56581  2.361369
-6.559929  -29.21477  2.0811224
-4.905995  -25.939573  1.8359253
-3.4651747  -22.75557  1.5421603
-2.853015  -19.639748  1.4191064
-2.1154687  -16.606174  1.1921875
-1.6210887  -13.666017  0.99763554
-2.222378  -10.752996  1.1242809
-0.97939503  -7.9749727  0.6360652
-2.2924972  -5.2184024  0.96362746
-2.6258807  -2.483158  0.965653
-9512.317  -1178.4916  0.055163518
-9327.786  -1153.6554  0.10723472
-9143.726  -1128.762  0.24721876
-8960.104  -1103.8174  0.33508217
-8777.244  -1078.9247  0.5032478
-8595.145  -1054.0897  0.64627427
-8414.012  -1029.382  0.8333406
-8233.908  -1004.8238  1.0248184
-8054.95  -980.4557  1.2363694
-7877.2305  -956.307  1.4655097
-7700.8223  -932.4028  1.7064548
-7525.81  -908.76953  1.9662863
-7352.2554  -885.42615  2.2375183
-7180.225  -862.393  2.5248957
-7009.7734  -839.68536  2.824837
-6840.9536  -817.3178  3.1384346
-6673.8105  -795.3023  3.4650211
-6508.3877  -773.6493  3.8040333
-6344.722  -752.3674  4.1557674
-6182.849  -731.4638  4.519605
-6022.7993  -710.9443  4.895881
-5864.5977  -690.81287  5.28445
-5708.271  -671.0731  5.6856
-5553.8374  -651.72675  6.0996404
-5401.3174  -632.7751  6.526988
-5250.7246  -614.218  6.9683013
-5102.072  -596.05457  7.424286
-4955.371  -578.2834  7.895862
-4810.6284  -560.9019  8.384066
-4667.852  -543.9073  8.890076
-4527.046  -527.29584  9.415207
-4388.211  -511.06326  9.960878
-4251.351  -495.20517  10.528613
-4116.464  -479.71628  11.119999
-3983.5496  -464.5914  11.736659
-3852.6055  -449.82468  12.380237
-3723.6277  -435.41003  13.052363
-3596.6145  -421.34155  13.754554
-3471.5603  -407.61264  14.488301
-3348.463  -394.21704  15.254858
-3227.318  -381.1482  16.055378
-3108.1213  -368.39944  16.8908
-2990.8713  -355.96442  17.761614
-2875.5652  -343.83652  18.66851
-2762.2024  -332.0095  19.611177
-2650.7834  -320.47693  20.589678
-2541.3098  -309.2327  21.603748
-2433.7842  -298.2707  22.651575
-2328.2144  -287.58536  23.734047
-2224.6052  -277.17075  24.847914
-2122.968  -267.02155  25.992382
-2023.3188  -257.13293  27.168852
-1925.6617  -247.49855  28.368572
-1830.032  -238.11565  29.599182
-1736.4408  -228.97804  30.854315
-1644.9017  -220.08087  32.12404
-1555.4895  -211.4239  33.43195
-1468.1737  -202.997  34.74418
-1383.0284  -194.80109  36.072544
-1300.1525  -186.83507  37.448673
-1219.4404  -179.08484  38.791405
-1141.1204  -171.56197  40.17318
-1065.2511  -164.25716  41.60362
-991.66223  -157.16086  42.954887
-920.8028  -150.29004  44.373962
-852.6627  -143.62563  45.835854
-787.0869  -137.1813  47.198673
-724.59064  -130.96043  48.57611
-665.2343  -124.931496  49.953533
-609.19965  -119.161606  51.317993
-556.5836  -113.66371  52.518433
-506.96237  -108.38737  53.21445
-460.48837  -103.32751  53.388832
-417.01437  -98.450806  52.984444
-376.3873  -93.7324  52.02503
-338.92264  -89.153366  50.81522
-304.37964  -84.719894  49.428642
-272.6928  -80.476524  47.930725
-243.61043  -76.37173  46.28267
-216.63853  -72.36803  44.36497
-192.0027  -68.495705  42.376583
-169.49103  -64.7292  40.274567
-148.72188  -61.04821  37.945297
-129.84341  -57.46035  35.54945
-112.658165  -53.95047  33.044865
-96.98501  -50.510788  30.408737
-82.84929  -47.1397  27.735022
-70.11654  -43.82841  25.017187
-58.694157  -40.5729  22.281107
-48.54183  -37.370663  19.582155
-39.624958  -34.215485  16.978477
-31.7797  -31.107065  14.446659
-25.069086  -28.044071  12.108514
-19.415747  -25.019913  9.9913
-14.520884  -22.046753  7.9656167
-10.85425  -19.109642  6.42861
-7.664782  -16.218897  4.9178877
-5.1970162  -13.391424  3.6622982
-4.1173377  -10.570833  3.192018
-1.978623  -7.857105  1.7814677
-2.351526  -5.1534295  2.0486634
-2.2454875  -2.4582272  1.855243
-9519.611  -1129.4323  0.08173697
-9335.235  -1103.8815  0.19810762
-9151.312  -1078.3225  0.4425132
-8967.896  -1052.7828  0.6724293
-8785.225  -1027.3376  1.0157859
-8603.362  -1002.0107  1.3693862
-8422.469  -976.85516  1.7977258
-8242.635  -951.8995  2.2627757
-8063.9644  -927.17847  2.7775404
-7886.5513  -902.72034  3.339462
-7710.4727  -878.54926  3.9417105
-7535.808  -854.6887  4.5904217
-7362.623  -831.15735  5.277646
-7190.9824  -807.97296  6.0071535
-7020.942  -785.1501  6.7749276
-6852.5537  -762.7016  7.581399
-6685.864  -740.6381  8.42546
-6520.916  -718.9691  9.306211
-6357.7476  -697.7018  10.223695
-6196.395  -676.8422  11.17726
-6036.889  -656.39514  12.167332
-5879.2563  -636.3636  13.1940975
-5723.524  -616.7501  14.258371
-5569.713  -597.55554  15.361244
-5417.8447  -578.7804  16.504166
-5267.9355  -560.42377  17.689083
-5120.0005  -542.4841  18.918282
-4974.0537  -524.9593  20.194519
-4830.1055  -507.84628  21.520943
-4688.1665  -491.14185  22.901083
-4548.245  -474.84177  24.33887
-4410.346  -458.9415  25.83853
-4274.478  -443.43637  27.404566
-4140.643  -428.32092  29.04168
-4008.8464  -413.58984  30.754694
-3879.0903  -399.23724  32.548492
-3751.376  -385.25705  34.427883
-3625.7073  -371.6433  36.397503
-3502.084  -358.38956  38.461758
-3380.5088  -345.4897  40.624596
-3260.9824  -332.93726  42.889557
-3143.5059  -320.72577  45.259613
-3028.0818  -308.84903  47.736874
-2914.7114  -297.3006  50.32301
-2803.3987  -286.07437  53.018524
-2694.1467  -275.16412  55.823322
-2586.9592  -264.56375  58.7366
-2481.843  -254.26746  61.755947
-2378.8042  -244.2694  64.87956
-2277.8525  -234.56398  68.10345
-2178.9976  -225.14575  71.42341
-2082.2524  -216.00946  74.83654
-1987.6298  -207.14995  78.33485
-1895.1494  -198.56252  81.9157
-1804.8306  -190.24251  85.57315
-1716.6923  -182.18536  89.2961
-1630.7688  -174.3875  93.08692
-1547.0804  -166.84445  96.93052
-1465.6602  -159.55312  100.81729
-1386.5577  -152.51065  104.75369
-1309.7917  -145.71362  108.70775
-1235.4182  -139.16032  112.67718
-1163.5  -132.84966  116.66435
-1094.0516  -126.77973  120.61618
-1027.1511  -120.95104  124.53008
-962.8678  -115.36619  128.38715
-901.20624  -110.028206  132.10959
-842.20795  -104.93805  135.64447
-785.90247  -100.10594  138.8987
-732.23413  -95.548416  141.73466
-680.9622  -91.27054  143.8946
-631.7592  -87.23666  145.05447
-584.4572  -83.39201  145.05821
-539.00244  -79.68335  143.86772
-495.48795  -76.06815  141.59845
-454.12228  -72.542694  138.4968
-414.9924  -69.12218  134.71188
-378.09036  -65.81027  130.35689
-343.34756  -62.60809  125.50825
-310.67044  -59.51088  120.193634
-280.01453  -56.51034  114.48918
-251.28342  -53.597595  108.41777
-224.38501  -50.764305  102.00252
-199.27885  -48.001934  95.31899
-175.88478  -45.29969  88.392685
-154.1453  -42.648968  81.27695
-134.0244  -40.04138  74.047104
-115.47575  -37.467793  66.76393
-98.46472  -34.920338  59.50504
-82.95737  -32.39264  52.34725
-68.95351  -29.877207  45.410767
-56.37807  -27.369036  38.72282
-45.251877  -24.865276  32.433125
-35.555695  -22.358284  26.642872
-27.10684  -19.853867  21.235947
-20.16532  -17.343288  16.685564
-14.292939  -14.829522  12.529617
-9.586159  -12.331171  9.01431
-6.4548345  -9.803864  6.8269725
-3.288491  -7.3299737  3.8543577
-2.372886  -4.83724  3.3448288
-1.6351256  -2.3221798  2.551357
-9528.788  -1067.6223  0.08849674
-9344.5625  -1041.1697  0.2643761
-9160.755  -1014.76733  0.5833349
-8977.494  -988.459  0.9533595
-8794.948  -962.2975  1.449976
-8613.235  -936.3195  2.0084176
-8432.48  -910.5654  2.6651504
-8252.793  -885.0672  3.3962743
-8074.272  -859.855  4.207293
-7897.0107  -834.95557  5.095891
-7721.0894  -810.3918  6.0561814
-7546.585  -786.1846  7.0908937
-7373.5674  -762.3517  8.193979
-7202.0977  -738.90875  9.36668
-7032.2354  -715.8692  10.605669
-6864.0317  -693.24445  11.910368
-6697.533  -671.0437  13.279524
-6532.785  -649.27515  14.712137
-6369.824  -627.94476  16.208065
-6208.689  -607.05756  17.766996
-6049.41  -586.61694  19.3896
-5892.0156  -566.62506  21.076773
-5736.5337  -547.0834  22.830132
-5582.987  -527.99176  24.651934
-5431.397  -509.34976  26.54506
-5281.7827  -491.15567  28.513168
-5134.1606  -473.40707  30.5606
-4988.547  -456.10117  32.692425
-4844.954  -439.23416  34.914433
-4703.395  -422.80212  37.233047
-4563.88  -406.80035  39.655354
-4426.4175  -391.2238  42.188972
-4291.0176  -376.06723  44.84194
-4157.686  -361.3249  47.62269
-4026.4312  -346.99112  50.539783
-3897.258  -333.05975  53.601917
-3770.1714  -319.52454  56.81768
-3645.178  -306.3794  60.195324
-3522.2808  -293.61783  63.74273
-3401.4856  -281.23367  67.467064
-3282.7964  -269.22058  71.37471
-3166.2163  -257.5722  75.47109
-3051.7515  -246.28256  79.76034
-2939.4048  -235.34543  84.24543
-2829.1826  -224.75497  88.927734
-2721.0896  -214.50539  93.807175
-2615.1309  -204.59093  98.8821
-2511.3137  -195.00629  104.14892
-2409.6445  -185.74606  109.602745
-2310.1318  -176.80531  115.236565
-2212.7847  -168.1791  121.04181
-2117.6125  -159.86278  127.008575
-2024.6268  -151.852  133.12445
-1933.8407  -144.14272  139.37605
-1845.2681  -136.73102  145.74811
-1758.9242  -129.61354  152.22238
-1674.8264  -122.787155  158.7799
-1592.9922  -116.249054  165.39818
-1513.4404  -109.99726  172.05072
-1436.1907  -104.030014  178.70816
-1361.263  -98.34582  185.33604
-1288.6757  -92.94572  191.89084
-1218.4432  -87.82879  198.31937
-1150.5819  -82.99606  204.56587
-1085.0956  -78.453285  210.54843
-1021.9728  -74.20067  216.15477
-961.20483  -70.23809  221.28867
-902.75336  -66.577934  225.80486
-846.52435  -63.21999  229.4662
-792.41754  -60.14243  232.07613
-740.35486  -57.31242  233.56258
-690.2629  -54.704098  233.9103
-642.0772  -52.287746  233.10104
-595.76587  -50.029705  231.12476
-551.3199  -47.909115  227.96413
-508.73096  -45.90357  223.58316
-468.00043  -43.983494  218.00587
-429.15146  -42.1313  211.36429
-392.19986  -40.341324  203.8204
-357.12662  -38.613117  195.48734
-323.8985  -36.940296  186.45262
-292.4848  -35.313904  176.8122
-262.85083  -33.728374  166.65787
-234.95946  -32.17649  156.07368
-208.77597  -30.649673  145.14278
-184.2693  -29.140287  133.9557
-161.4105  -27.640581  122.6024
-140.17487  -26.1426  111.17827
-120.54104  -24.638832  99.785645
-102.48701  -23.122263  88.51796
-86.00272  -21.585732  77.50728
-71.06112  -20.022598  66.830154
-57.65276  -18.42778  56.622807
-45.769733  -16.79307  47.03752
-35.341007  -15.117468  38.02813
-26.434353  -13.392983  30.011904
-18.900011  -11.6154995  22.730284
-12.732693  -9.796649  16.378576
-8.073557  -7.902347  11.687122
-4.2680545  -5.988624  6.7912254
-2.1908793  -4.006744  4.7331624
-0.8911155  -1.9502424  2.8721302
-9538.96  -999.1213  0.06336647
-9354.87  -971.676  0.25843865
-9171.166  -944.34686  0.57093114
-8988.005  -917.1817  0.9933953
-8805.532  -890.22327  1.5252216
-8623.884  -863.51166  2.1570396
-8443.177  -837.0807  2.8890915
-8263.524  -810.9625  3.7158139
-8085.026  -785.1842  4.635154
-7907.775  -759.7707  5.6445937
-7731.854  -734.74347  6.7410083
-7557.3384  -710.1211  7.9228845
-7384.301  -685.9203  9.187427
-7212.8022  -662.1549  10.533139
-7042.903  -638.8371  11.958072
-6874.6543  -615.9768  13.460817
-6708.1045  -593.58203  15.040302
-6543.2983  -571.6597  16.695665
-6380.2744  -550.2147  18.426718
-6219.071  -529.2509  20.233604
-6059.7188  -508.7707  22.117203
-5902.2476  -488.77515  24.079006
-5746.6855  -469.26477  26.121208
-5593.0557  -450.2386  28.246845
-5441.3813  -431.69522  30.459707
-5291.681  -413.63214  32.76448
-5143.972  -396.04614  35.1667
-4998.271  -378.93372  37.67271
-4854.5913  -362.2903  40.28974
-4712.947  -346.11145  43.025707
-4573.348  -330.39175  45.889275
-4435.804  -315.12564  48.889713
-4300.3257  -300.30746  52.036705
-4166.92  -285.93097  55.34034
-4035.5945  -271.99014  58.810795
-3906.3562  -258.47855  62.458332
-3779.2097  -245.38965  66.292984
-3654.1626  -232.71721  70.32431
-3531.218  -220.45467  74.56134
-3410.3828  -208.5958  79.012146
-3291.661  -197.13428  83.68381
-3175.0562  -186.06392  88.58209
-3060.5747  -175.37889  93.71115
-2948.22  -165.07327  99.07355
-2837.998  -155.14166  104.66975
-2729.9138  -145.57866  110.498146
-2623.972  -136.37915  116.554886
-2520.1797  -127.53845  122.83343
-2418.5425  -119.052  129.32477
-2319.068  -110.915726  136.01685
-2221.7644  -103.12577  142.89476
-2126.639  -95.67862  149.94038
-2033.7017  -88.57126  157.13211
-1942.9628  -81.800896  164.44484
-1854.4331  -75.36535  171.84962
-1768.1245  -69.26264  179.313
-1684.0499  -63.491386  186.79742
-1602.2219  -58.050606  194.25961
-1522.6544  -52.93972  201.65022
-1445.3605  -48.158447  208.91444
-1370.3534  -43.707783  215.98677
-1297.6448  -39.587234  222.79387
-1227.2435  -35.79792  229.25539
-1159.1562  -32.34146  235.27016
-1093.3834  -29.214378  240.73131
-1029.9174  -26.414062  245.53519
-968.74347  -23.939102  249.54573
-909.8311  -21.770857  252.63593
-853.1299  -19.883162  254.75208
-798.57715  -18.248653  255.88597
-746.11163  -16.83843  256.05795
-695.6768  -15.622466  255.33214
-647.2215  -14.582828  253.77217
-600.7107  -13.711189  251.37189
-556.12384  -12.991738  248.06772
-513.44586  -12.402484  243.80647
-472.66888  -11.924575  238.56157
-433.78778  -11.538051  232.31618
-396.79196  -11.220922  225.09306
-361.65958  -10.953658  216.9763
-328.3593  -10.725693  208.06494
-296.85754  -10.527935  198.44325
-267.11984  -10.3497095  188.201
-239.11064  -10.183167  177.43239
-212.79604  -10.0214  166.22551
-188.14412  -9.857164  154.66763
-165.12556  -9.683837  142.84604
-143.71387  -9.49514  130.848
-123.8847  -9.284528  118.76227
-105.61727  -9.045683  106.675186
-88.89104  -8.77177  94.68775
-73.68852  -8.4558735  82.88887
-59.992878  -8.090898  71.383766
-47.78217  -7.667982  60.312153
-37.044743  -7.180678  49.71598
-27.747404  -6.61839  39.865486
-19.87029  -5.971711  30.75742
-13.3876505  -5.2394247  22.528433
-8.222865  -4.3938007  15.780903
-4.391494  -3.4600859  9.483455
-1.760699  -2.4026978  5.6411552
-0.2622193  -1.2108122  2.6032555
-9549.151  -930.6423  0.012523783
-9365.195  -902.22095  0.17416513
-9181.619  -873.98975  0.3919783
-8998.559  -845.9851  0.7447644
-8816.178  -818.2533  1.162618
-8634.601  -790.828  1.6858116
-8453.951  -763.7426  2.2855597
-8274.344  -737.02655  2.9708796
-8095.8765  -710.70465  3.7356837
-7918.645  -684.8004  4.576594
-7742.732  -659.333  5.49414
-7568.2144  -634.31976  6.4833603
-7395.164  -609.7756  7.544752
-7223.6445  -585.7128  8.674959
-7053.7153  -562.1424  9.873458
-6885.4297  -539.07275  11.138499
-6718.835  -516.5108  12.469314
-6553.978  -494.46234  13.865269
-6390.897  -472.931  15.326123
-6229.6304  -451.9198  16.852224
-6070.211  -431.43005  18.444317
-5912.668  -411.46213  20.103876
-5757.0303  -392.01562  21.83287
-5603.321  -373.08887  23.634064
-5451.564  -354.67975  25.510836
-5301.779  -336.78516  27.46732
-5153.983  -319.40137  29.508368
-5008.194  -302.52438  31.639484
-4864.425  -286.14923  33.866875
-4722.6904  -270.271  36.19728
-4583.002  -254.88411  38.63799
-4445.3696  -239.9827  41.19673
-4309.8037  -225.56088  43.88147
-4176.3125  -211.61235  46.70041
-4044.9045  -198.1309  49.66167
-3915.587  -185.11008  52.77333
-3788.3652  -172.54337  56.04311
-3663.2478  -160.4245  59.478157
-3540.2388  -148.74695  63.085014
-3419.3457  -137.5046  66.86922
-3300.573  -126.69117  70.8353
-3183.9258  -116.30061  74.98645
-3069.4111  -106.32716  79.32427
-2957.033  -96.76507  83.84876
-2846.7988  -87.609024  88.55787
-2738.7144  -78.85378  93.447464
-2632.7852  -70.49438  98.51102
-2529.0195  -62.52632  103.739365
-2427.424  -54.945187  109.12062
-2328.008  -47.74711  114.63969
-2230.7803  -40.928383  120.27827
-2135.7502  -34.48574  126.014534
-2042.9292  -28.416182  131.82281
-1952.3291  -22.71717  137.67348
-1863.9631  -17.386284  143.53261
-1777.8451  -12.421485  149.36203
-1693.9902  -7.820817  155.1187
-1612.4133  -3.5822947  160.75519
-1533.1301  0.296205  166.21967
-1456.1561  3.816848  171.45464
-1381.5048  6.9835234  176.39998
-1309.1868  9.799951  180.99236
-1239.2096  12.272085  185.16292
-1171.5717  14.409908  188.84836
-1106.2606  16.224178  191.99068
-1043.2577  17.72958  194.53047
-982.5175  18.951756  196.4387
-923.96936  19.915743  197.72382
-867.5373  20.647795  198.40834
-813.1429  21.172798  198.53171
-760.718  21.509369  198.12926
-710.22015  21.669653  197.20703
-661.6188  21.667622  195.76022
-614.8768  21.51937  193.795
-569.95184  21.238056  191.32607
-526.81793  20.832531  188.35223
-485.47034  20.313171  184.84723
-445.91107  19.692097  180.78561
-408.14713  18.98073  176.14728
-372.18878  18.190874  170.91454
-338.03317  17.33786  165.09734
-305.66263  16.433762  158.73137
-275.05734  15.487566  151.85399
-246.19571  14.508807  144.50684
-219.05292  13.505645  136.73883
-193.60463  12.484937  128.59949
-169.82837  11.453233  120.1379
-147.70251  10.416871  111.40591
-127.20764  9.381831  102.45469
-108.32598  8.354388  93.338615
-91.04083  7.34117  84.11525
-75.33692  6.3492427  74.84465
-61.19952  5.386599  65.598076
-48.609425  4.4622607  56.452293
-37.555748  3.5859418  47.492924
-28.007147  2.769733  38.83654
-19.940756  2.0264802  30.595469
-13.34431  1.3693047  22.902815
-8.094315  0.8197568  16.008493
-4.2857976  0.3866121  9.932476
-1.6443552  0.097035274  5.1544056
-0.20169063  -0.028502202  1.6162494
-9558.376  -868.88947  -0.039380804
-9374.564  -839.6094  0.056611292
-9191.17  -810.5987  0.1405078
-9008.261  -781.8702  0.34574887
-8826.053  -753.4829  0.56433445
-8644.637  -725.4581  0.86378664
-8464.156  -697.83234  1.2023554
-8284.717  -670.6304  1.5958709
-8106.42  -643.8756  2.0383396
-7929.363  -617.59  2.525557
-7753.626  -591.7902  3.0611856
-7579.29  -566.49255  3.638753
-7406.4253  -541.7097  4.2610373
-7235.0957  -517.453  4.924221
-7065.363  -493.7316  5.6288323
-6897.279  -470.5529  6.373333
-6730.893  -447.92252  7.157282
-6566.252  -425.845  7.980299
-6403.3945  -404.32318  8.842093
-6242.361  -383.35904  9.742937
-6083.183  -362.95316  10.683176
-5925.892  -343.1051  11.663728
-5770.518  -323.814  12.685735
-5617.085  -305.07758  13.75084
-5465.618  -286.89343  14.861053
-5316.1387  -269.25815  16.01879
-5168.665  -252.16777  17.226912
-5023.2173  -235.61821  18.488596
-4879.81  -219.60454  19.807425
-4738.461  -204.12184  21.187223
-4599.1836  -189.1647  22.632105
-4461.9897  -174.72739  24.146358
-4326.894  -160.80428  25.734308
-4193.9067  -147.38922  27.400358
-4063.0398  -134.47633  29.148754
-3934.3035  -122.05932  30.983593
-3807.707  -110.13189  32.90866
-3683.2617  -98.68792  34.927273
-3560.9756  -87.720985  37.042286
-3440.8591  -77.224915  39.25581
-3322.9207  -67.19336  41.56924
-3207.1682  -57.620033  43.983074
-3093.612  -48.498802  46.496704
-2982.259  -39.823368  49.108467
-2873.1194  -31.587711  51.815304
-2766.2004  -23.785675  54.61282
-2661.51  -16.411205  57.495033
-2559.0579  -9.458379  60.454185
-2458.8506  -2.9212008  63.480774
-2360.898  3.206129  66.563225
-2265.2073  8.929493  69.687874
-2171.7864  14.254796  72.8388
-2080.6433  19.187836  75.9977
-1991.7858  23.734642  79.143845
-1905.2205  27.901281  82.2541
-1820.9535  31.694204  85.30277
-1738.9896  35.12018  88.2621
-1659.3308  38.186726  91.10236
-1581.9772  40.901947  93.7921
-1506.9233  43.27568  96.29984
-1434.1582  45.318485  98.59439
-1363.6638  47.043526  100.64577
-1295.4081  48.466522  102.43044
-1229.3484  49.604538  103.9301
-1165.4307  50.477768  105.13243
-1103.5774  51.110695  106.04237
-1043.7017  51.52449  106.67589
-985.72144  51.740482  107.05047
-929.5625  51.775272  107.184906
-875.1721  51.641117  107.087166
-822.5118  51.348953  106.758766
-771.54486  50.909664  106.20216
-722.2396  50.332462  105.41667
-674.5655  49.626904  104.40578
-628.4943  48.801094  103.17487
-584.00146  47.86339  101.72736
-541.06354  46.820465  100.06932
-499.67352  45.676468  98.19724
-459.84155  44.4359  96.099106
-421.58377  43.10366  93.76326
-384.92786  41.68284  91.17322
-349.90262  40.179176  88.31604
-316.52512  38.599037  85.19102
-284.80807  36.947273  81.80162
-254.76225  35.229134  78.154015
-226.3932  33.449776  74.25941
-199.70471  31.6139  70.13111
-174.69868  29.72613  65.78509
-151.3774  27.79111  61.238174
-129.74184  25.813496  56.510036
-109.79339  23.798391  51.6231
-91.536865  21.75081  46.598072
-74.96817  19.677412  41.472164
-60.10218  17.583996  36.26276
-46.922653  15.479655  31.03347
-35.44839  13.373231  25.815475
-25.673708  11.27457  20.659176
-17.534153  9.203725  15.763089
-11.194314  7.163298  10.893118
-6.192782  5.199905  6.9254875
-3.1978393  3.3078887  2.8388205
-1.2914239  1.5302929  0.07634703
-9565.725  -819.9001  -0.06371121
-9382.06  -789.95734  -0.02873721
-9198.879  -760.3588  -0.045379464
-9016.166  -731.08905  0.021769773
-8834.202  -702.22314  0.068442084
-8653.033  -673.7685  0.16085862
-8472.827  -645.76544  0.26111868
-8293.68  -618.2345  0.38420564
-8115.693  -591.19714  0.5264633
-7938.9673  -564.6745  0.6838685
-7763.58  -538.68024  0.86125964
-7589.6147  -513.2301  1.0528946
-7417.139  -488.3346  1.2622021
-7246.2197  -464.00397  1.4861445
-7076.917  -440.24588  1.725708
-6909.284  -417.0665  1.9799217
-6743.37  -394.47034  2.248641
-6579.2227  -372.46097  2.5317464
-6416.882  -351.04025  2.828986
-6256.3867  -330.2094  3.140507
-6097.773  -309.9684  3.466332
-5941.071  -290.31628  3.8068027
-5786.313  -271.2517  4.1622705
-5633.525  -252.7722  4.5332985
-5482.7344  -234.87518  4.9205794
-5333.9644  -217.55719  5.3249297
-5187.2363  -200.81439  5.7473392
-5042.573  -184.64279  6.188874
-4899.994  -169.03773  6.6507564
-4759.5195  -153.99467  7.134265
-4621.1665  -139.50844  7.640754
-4484.9526  -125.57374  8.171635
-4350.8965  -112.18531  8.728278
-4219.012  -99.33737  9.312084
-4089.3176  -87.024284  9.924336
-3961.828  -75.24003  10.566243
-3836.5571  -63.97843  11.238879
-3713.5215  -53.233322  11.943077
-3592.7336  -42.998123  12.679512
-3474.209  -33.266335  13.448549
-3357.9597  -24.031038  14.250245
-3243.998  -15.285122  15.084316
-3132.3367  -7.0214086  15.950066
-3022.9856  0.76771045  16.846405
-2915.956  8.090008  17.77166
-2811.256  14.95358  18.723751
-2708.8926  21.366934  19.699953
-2608.8728  27.338732  20.696941
-2511.1997  32.878235  21.71074
-2415.8765  37.99495  22.736622
-2322.9019  42.69894  23.769215
-2232.273  47.00073  24.802313
-2143.983  50.91141  25.828983
-2058.022  54.4426  26.841497
-1974.3759  57.606693  27.831333
-1893.0249  60.416645  28.789408
-1813.9447  62.886353  29.706
-1737.1039  65.03032  30.571072
-1662.4646  66.86434  31.374569
-1589.9814  68.40461  32.106983
-1519.6011  69.668846  32.759483
-1451.2599  70.67552  33.325737
-1384.8866  71.4436  33.80198
-1320.4033  71.99279  34.187195
-1257.7214  72.34329  34.48646
-1196.7566  72.511635  34.706856
-1137.4363  72.51343  34.854507
-1079.699  72.35952  34.934616
-1023.5012  72.059235  34.948257
-968.8051  71.62064  34.896206
-915.57837  71.05066  34.778187
-863.7927  70.355835  34.59401
-813.41614  69.54288  34.34729
-764.42914  68.61542  34.038223
-716.81946  67.57803  33.665653
-670.5711  66.434326  33.23244
-625.67566  65.186966  32.739437
-582.1259  63.83879  32.18814
-539.9203  62.390995  31.579374
-499.07162  60.843548  30.909405
-459.5992  59.197254  30.174072
-421.5324  57.45117  29.366747
-384.9093  55.605072  28.479187
-349.76453  53.659866  27.50655
-316.1308  51.616077  26.445675
-284.0396  49.474598  25.294647
-253.51984  47.23657  24.05333
-224.59816  44.903168  22.723013
-197.30023  42.475586  21.30581
-171.65202  39.95505  19.804276
-147.67635  37.343033  18.22364
-125.40564  34.640408  16.565308
-104.85648  31.849411  14.841219
-86.0773  28.97048  13.049509
-69.08338  26.006222  11.206532
-53.90674  22.960386  9.337402
-40.679886  19.827969  7.3783298
-29.132963  16.635382  5.6026163
-20.085247  13.341158  3.4420753
-12.02842  10.036178  2.1433597
-7.505086  6.6277757  -0.14361306
-3.822093  3.1904716  -1.2976875
-9570.46  -788.4561  -0.046820734
-9386.907  -758.09827  -0.042728674
-9203.905  -728.1393  -0.082225025
-9021.368  -698.5414  -0.081112035
-8839.624  -669.3922  -0.10239905
-8658.69  -640.68866  -0.10593517
-8478.749  -612.4738  -0.113621
-8299.888  -584.76514  -0.11666887
-8122.21  -557.58264  -0.116471544
-7945.8184  -530.9467  -0.115497656
-7770.786  -504.86887  -0.110369824
-7597.1997  -479.3644  -0.10438239
-7425.1255  -454.44208  -0.09522177
-7254.6304  -430.11136  -0.084491044
-7085.774  -406.37872  -0.07143972
-6918.6104  -383.2495  -0.056472924
-6753.1885  -360.72736  -0.039576616
-6589.556  -338.81503  -0.020736324
-6427.754  -317.5138  -7.632341e-05
-6267.8228  -296.8243  0.02246982
-6109.7974  -276.74606  0.046835713
-5953.7104  -257.2778  0.07307447
-5799.595  -238.4179  0.10118947
-5647.4795  -220.16379  0.13123739
-5497.392  -202.51285  0.16327962
-5349.3594  -185.46165  0.19738941
-5203.405  -169.00647  0.23366334
-5059.554  -153.14357  0.2722119
-4917.83  -137.86853  0.3131525
-4778.256  -123.17705  0.35662007
-4640.8525  -109.064285  0.40274456
-4505.6416  -95.52525  0.45167708
-4372.6455  -82.554955  0.5035538
-4241.8823  -70.14781  0.55851674
-4113.375  -58.298344  0.6166876
-3987.1416  -47.000607  0.6781971
-3863.201  -36.24833  0.7431352
-3741.5728  -26.03518  0.811585
-3622.2734  -16.354197  0.8835981
-3505.3218  -7.1983056  0.9591925
-3390.7324  1.4400926  1.0383656
-3278.5198  9.569108  1.1210551
-3168.6982  17.197132  1.2071627
-3061.278  24.333258  1.2965562
-2956.27  30.986954  1.3890349
-2853.681  37.168457  1.484338
-2753.514  42.888615  1.5821583
-2655.772  48.158886  1.6820986
-2560.451  52.99155  1.7837356
-2467.5452  57.399628  1.886532
-2377.042  61.397026  1.9898891
-2288.924  64.998535  2.093145
-2203.1677  68.2198  2.1955392
-2119.742  71.077484  2.2962327
-2038.6084  73.58906  2.3943532
-1959.7197  75.773056  2.4889104
-1883.0209  77.64862  2.5788677
-1808.4465  79.23583  2.6632164
-1735.9243  80.55489  2.7409136
-1665.3739  81.626526  2.8108654
-1596.7084  82.47099  2.8724017
-1529.839  83.10781  2.9249012
-1464.6768  83.55514  2.9678836
-1401.1346  83.82988  3.0019836
-1339.1367  83.94519  3.028004
-1278.6191  83.91312  3.0465364
-1219.5282  83.74196  3.058389
-1161.8214  83.43966  3.0635757
-1105.461  83.01225  3.0621908
-1050.4155  82.46516  3.053871
-996.65533  81.8034  3.0387616
-944.1543  81.03082  3.0175598
-892.8986  80.14937  2.9894154
-842.8731  79.16242  2.9547262
-794.0655  78.07087  2.9141965
-746.4757  76.875336  2.866942
-700.1021  75.576614  2.8133893
-654.94617  74.17432  2.7537796
-611.01404  72.66815  2.688016
-568.31177  71.057625  2.6164064
-526.85333  69.34076  2.5381756
-486.65698  67.51645  2.4527595
-447.74582  65.58248  2.359447
-410.15173  63.536304  2.2567322
-373.9086  61.376133  2.1439507
-339.05142  59.099808  2.0206723
-305.6176  56.70531  1.8864251
-273.64526  54.190723  1.7409322
-243.17177  51.55417  1.5842174
-214.23746  48.79345  1.4159733
-186.87991  45.906517  1.2366887
-161.14575  42.89047  1.0456835
-137.07402  39.74264  0.8437724
-114.71782  36.459404  0.63208187
-94.14848  33.034733  0.40278655
-75.34759  29.470133  0.18670098
-58.64876  25.740316  -0.1037569
-43.477287  21.881733  -0.24739043
-31.395733  17.797613  -0.7231784
-19.759974  13.625641  -0.6088452
-13.114884  9.157755  -1.3547976
-6.9100504  4.495687  -1.3990041
