0	0	0
0	0	0
0	0	0
0	0	0
0	0	0
0	0	0
0	0	0
0	0	0
0	0	0
0	0	0
0	0	0
0	0	0
0	0	0
0	0	0
0	0	0
0	0	0
0	0	0
0.050324141570806	0	0.0763174959678626
0.0301793381030708	-0.0101899807636564	0.0708464866438632
-0.0110128587775666	-0.0267150721605343	0.0558659082334199
-0.0620347584606455	-0.0515952792556037	0.0335844796549721
-0.118207689930725	-0.0858562211361466	0.00702105511894268
-0.171079354312002	-0.127320288220364	-0.020034238145856
-0.211140238216415	-0.17013285905344	-0.0435551748601525
-0.230332944115392	-0.205239299915372	-0.0602781987060225
-0.223912570488386	-0.222266420027417	-0.0664757488111828
-0.194712377546114	-0.214437165398455	-0.0605496509668368
-0.152275381633277	-0.182699795349013	-0.0437082689410872
-0.107650724455409	-0.134342708192769	-0.0197868752785212
-0.0683717423171355	-0.0787659224362708	0.00787767922316067
-0.0386665328306146	-0.0260966571233406	0.0350307170427688
-0.0191698980541866	0.0144954916145517	0.0575584263024201
-0.00787931056606351	0.0338908143419061	0.0721085470881792
0	0.0350763215952404	0.0765334715384052
0.27640744954339	0	0.145415745583865
0.218816816155679	-0.020776372841842	0.135492030959269
0.104013774310306	-0.0580544408549179	0.106783350084674
-0.0560318683166112	-0.122827943027416	0.0636640273942842
-0.242139814789905	-0.22014666661119	0.0123241137970704
-0.424689951254662	-0.34440645543428	-0.0396964668694303
-0.571279862102611	-0.477971142327027	-0.0845296600462942
-0.654956804458039	-0.593438499200144	-0.115230462980819
-0.660181692386046	-0.658570471505279	-0.126437255791366
-0.590618697188783	-0.648221764133861	-0.115877018475052
-0.470622843975256	-0.557604343935526	-0.085172870482386
-0.334001394657514	-0.404366802147504	-0.0396123837969823
-0.209021156757639	-0.217742490866871	0.013629635315389
-0.112892323407764	-0.0313534098792955	0.0663232243715782
-0.0508237591525537	0.122532768689697	0.11043015048484
-0.0179003079740693	0.213591589877773	0.139389385311059
0	0.223689036117645	0.149477460239974
0.668938600854744	0	0.207397233509516
0.574756151852052	-0.0255044708814663	0.192990223623296
0.377746674450851	-0.0784467151243031	0.151358151589206
0.0929941615831121	-0.1787841102489	0.0886437858648733
-0.242591560462752	-0.3352306976827	0.0140317419051846
-0.575375012592908	-0.537781717308947	-0.0613919206670071
-0.847895614471842	-0.755727008096281	-0.126186772454034
-1.01244841381583	-0.94170118284436	-0.170270450043504
-1.04344999231503	-1.04235590547731	-0.186420227186328
-0.946251647336593	-1.01534853512868	-0.17175071897011
-0.759370508201608	-0.850170769202901	-0.128243082295043
-0.537778205363103	-0.57257132771437	-0.062758174154769
-0.331297898508796	-0.232573717237399	0.0144711565381123
-0.172172437546346	0.109817302358915	0.0914293611793883
-0.0715397593011318	0.396158712351507	0.156275005061117
-0.0219518287696669	0.573200904805269	0.199228163375415
0	0.601988707512171	0.214295902375249
1.16427094233219	0	0.263044151524315
1.03847887706144	-0.0279506429076925	0.244441329928778
0.746563086828615	-0.0959140591581165	0.19087249958019
0.319869607520887	-0.232796009809658	0.110225200830322
-0.183833224515094	-0.450346998530558	0.0144038147586059
-0.684622979183338	-0.733078324167544	-0.0822975681404992
-1.09840471126473	-1.03591041741331	-0.165241880176433
-1.35613752649012	-1.29054150675511	-0.221617017805152
-1.42132711391927	-1.42120795213598	-0.242500708350644
-1.30078356160795	-1.36748153994121	-0.224324473474662
-1.04828157417757	-1.11347376522772	-0.169351299588396
-0.741154448612981	-0.694162508848296	-0.0858745917330204
-0.451526776063311	-0.181031237392757	0.0132402046054245
-0.228114742675618	0.336875683758465	0.112600415890926
-0.0890653542995152	0.771330654358543	0.196798193928369
-0.024233339987345	1.04458651624298	0.252935849884741
0	1.10606208141555	0.272696533445274
1.72910746794798	0	0.312780461804065
1.57246625356798	-0.0305648797790758	0.290388628613533
1.17177791982749	-0.115740085352675	0.226081444938907
0.583024510066556	-0.29424999813461	0.129399059146613
-0.110783074906883	-0.580587516508927	0.014724811214516
-0.800416693892246	-0.952712129326063	-0.100805346226871
-1.37285856208094	-1.34955154443989	-0.199787818353856
-1.7364330635398	-1.68014821487199	-0.26707887407851
-1.84222067564504	-1.84392356602414	-0.292282319725738
-1.69766664598314	-1.7596755022185	-0.271152634688994
-1.37328378843023	-1.4052453928639	-0.206209061082554
-0.971373123327433	-0.826183116771589	-0.10689098673731
-0.588643007982292	-0.117069098223299	0.0117033335551913
-0.292617073378788	0.600521271464985	0.131249058547809
-0.109923555788301	1.20399302135768	0.233094658198542
-0.0274084245842042	1.58897912511968	0.301375634006639
0	1.69733884771603	0.325541469583648
2.35321008696756	0	0.356714054875025
2.16130713211947	-0.0339382247466675	0.330942363512967
1.63947565110331	-0.138883557670599	0.25716192780258
0.869294026651343	-0.364833273818529	0.146414934478743
-0.0364041413357691	-0.728911654247828	0.0153187625373175
-0.935825688982808	-1.20155116873571	-0.116525238625893
-1.68463125523388	-1.70408098610378	-0.229383336349964
-2.16694862021757	-2.12099608896854	-0.306173052579896
-2.31935362445201	-2.32403067864525	-0.335204281816552
-2.1486570886167	-2.20760130793666	-0.311669813874355
-1.74371832478376	-1.74199432623585	-0.238284519882887
-1.23532189656045	-0.985410262033746	-0.125322403257934
-0.747376748432998	-0.0574376178895076	0.0102822273158455
-0.368536990591999	0.884714047134951	0.147724093650352
-0.135414302316345	1.67992735457165	0.265448033844895
-0.0317228482072618	2.19456882940308	0.344760761068377
0	2.35878738438609	0.372925520207263
3.03103148246161	0	0.39483634058498
2.79755461440239	-0.0379199142914955	0.366087247132633
2.14420545774624	-0.164704126346274	0.284079900525484
1.17608129863498	-0.443097539278059	0.161236612485074
0.039523122488932	-0.892879044035126	0.0161424118424552
-1.08842074521781	-1.47623263577694	-0.129521724437234
-2.0301419481425	-2.09564145913905	-0.254126502075758
-2.64397579532852	-2.6093599915247	-0.339035688980468
-2.84959497825772	-2.85855281044307	-0.371437061384521
-2.65099542523198	-2.70904266375759	-0.34605955561144
-2.15669081645259	-2.12181069991603	-0.26567378679291
-1.53058028707223	-1.17104174309235	-0.141242905304702
-0.926168677319987	-0.00345079333130697	0.00892050944606149
-0.454952329894389	1.18620352935665	0.161983145091621
-0.164833082650507	2.19522020286639	0.293829080596602
-0.0366867225350429	2.85710009580135	0.383056299810075
0	3.08160767749846	0.414757039397852
3.75484267002704	0	0.427101638948225
3.47383119006326	-0.0423759047114354	0.395786467526416
2.68001711565302	-0.192720978821428	0.306778865736027
1.50088981303747	-0.527551936735674	0.173787623132933
0.118498355713242	-1.06942817314674	0.017102701283996
-1.25336383603236	-1.77196819042343	-0.139926051689052
-2.40296822499061	-2.51839422434889	-0.274173293210353
-3.16076447574395	-3.13901900849352	-0.365860177628609
-3.42724996684201	-3.44197498209859	-0.401140036028572
-3.1993657215942	-3.25858568148073	-0.374552441569302
-2.6071262536694	-2.5396369906613	-0.288525087275246
-1.85324209668627	-1.37968816742801	-0.154770983286496
-1.12283613361201	0.0449163949171412	0.00751263147665802
-0.550886778762454	1.50193471102045	0.173921022175956
-0.197601372354444	2.74553704440985	0.318153048496558
-0.042066112881936	3.5707984083018	0.416194715124128
0	3.85777084994363	0.450996751381449
4.51543780852865	0	0.453504999150887
4.18190165614371	-0.047372987480621	0.420003313872567
3.23930865071003	-0.222971023294849	0.325230881547701
1.83919045382152	-0.617407615263924	0.184019386498008
0.20037945648128	-1.2561416266289	0.0181378794630306
-1.42680618238691	-2.08438522323664	-0.147816058619393
-2.79765159663741	-2.9668632621635	-0.289717887156056
-3.71220175960356	-3.7051096604209	-0.386834224757082
-4.04913496383708	-4.07138617825294	-0.424308241700143
-3.78946115140656	-3.85242395348499	-0.397227709862368
-3.09040577864915	-2.99102621741189	-0.307006254998422
-2.19990424470463	-1.60899743274307	-0.165951349353426
-1.33584158014797	0.0861757578676538	0.00603713953347311
-0.6562018525782	1.8266684327657	0.18353171629934
-0.2341839889155	3.32356124639928	0.338351535448583
-0.0481066852108157	4.32808153487797	0.444145270891819
0	4.68017964272352	0.481599068814494
5.30337629983929	0	0.474028109274082
4.91343316351912	-0.0529076225333135	0.438706869967905
3.81446285152099	-0.255441779851926	0.339366822533245
2.18579755957671	-0.712160195247623	0.191931682246902
0.28406719759228	-1.45101562103301	0.0192111884376361
-1.60582092341138	-2.40959834999585	-0.153238782824714
-3.20900987924811	-3.4359560898734	-0.300779339553888
-4.2945598581213	-4.30329832838067	-0.402082687532817
-4.71523488319721	-4.74546771777686	-0.441476294275233
-4.41857348292343	-4.48978545087978	-0.413980469449269
-3.60185805615918	-3.47203560060523	-0.321125775440203
-2.56715511921671	-1.85700522123867	-0.174760465550932
-1.56362622689829	0.118377823461627	0.00451922275288403
-0.770720024497892	2.15449252763337	0.190718112960001
-0.274658547084702	3.92058340572979	0.354225931182082
-0.0549614678175567	5.11944903400224	0.466817261555493
0	5.5412948043833	0.506653972518219
6.10947155788393	0	0.488658099634829
5.6596572234452	-0.0589315737045991	0.451778798194053
4.39793508312095	-0.289876071961027	0.349011929804461
2.53613403942843	-0.810901368423168	0.197430888465962
0.368802545096911	-1.65177213311588	0.0202836512964552
-1.7874017833199	-2.74353266039858	-0.156239941462336
-3.63194084919778	-3.92043712357613	-0.307427743070751
-4.90440318308712	-4.93004070202249	-0.411422880669174
-5.42409052614078	-5.46260454656769	-0.452847258339743
-5.08460524451682	-5.16947135809652	-0.425144662957904
-4.13681097750208	-3.97847635479765	-0.330826056802002
-2.95119082287857	-2.12115875570058	-0.181132868979429
-1.8042881916572	0.139906276945195	0.00297239170168396
-0.894393723345191	2.47820371171056	0.195344179215589
-0.320089495335669	4.52544152673188	0.365439907196577
-0.0631978369936147	5.93469977313079	0.483978011309385
0	6.4326080293544	0.525854822737162
6.92343401484391	0	0.49725367700375
6.40963260839189	-0.0659075674627593	0.459050634216135
4.98046959437873	-0.326518052009146	0.353970386116708
2.88528797913258	-0.912643067503711	0.200317302676567
0.454146146681734	-1.85579289343232	0.0212804313301178
-1.96822512488073	-3.08170026218505	-0.156861400284705
-4.06046826193542	-4.41415206453197	-0.309676504789172
-5.53741011295651	-5.5800102684963	-0.415133148425963
-6.17174151140089	-6.2214183298571	-0.457907208055242
-5.78348566663202	-5.88713376644865	-0.430834294188103
-4.69022131233434	-4.50518414952931	-0.336065106209269
-3.34785051561937	-2.39814115192574	-0.185011602583786
-2.05563220729258	0.149990614835799	0.00142560961421548
-1.02705062378925	2.79178215345839	0.197387229378672
-0.371843143234114	5.12656316072688	0.372147251968892
-0.0755991784296983	6.75981575838121	0.495029008030186
0	7.34397731477564	0.538592686578511
7.73416204554592	0	0.499004910795161
7.15174233175398	-0.0755905561789173	0.460536764764093
5.55112556549533	-0.366471274105764	0.354153151244664
3.22722232666283	-1.01698271648292	0.200467002897789
0.539107002965851	-2.06068024996894	0.0220883371049714
-2.14539246370642	-3.41979375222885	-0.155197660566598
-4.48874990697603	-4.91114463929287	-0.30758117461917
-6.18579392628726	-6.24634298835367	-0.413136893334395
-6.95246721999192	-7.01559708549502	-0.456536697311439
-6.50995168802137	-6.63715770263748	-0.430601542560979
-5.25658286190388	-5.04658310688437	-0.336788892737388
-3.75265111754082	-2.68436927618345	-0.186374623607061
-2.31480831247876	0.14896422195305	-9.02436244782653e-05
-1.16759185697991	3.09125383287033	0.196830575779405
-0.429299205423977	5.71849621598607	0.374225721510917
-0.0902948776724034	7.5846494966216	0.499547696997731
0	8.26194885385781	0.543945759727368
8.53070163260797	0	0.493301907951113
7.87691724500573	-0.087083295259701	0.455602737070298
6.10219314969074	-0.409677057234524	0.349728348800288
3.55643447221532	-1.12322928845275	0.197872992278399
0.622071648703671	-2.2642219594581	0.0226153809104263
-2.31714341969854	-3.75389883469261	-0.15136826623851
-4.91187337917606	-5.40560127630644	-0.301228770017363
-6.84233076378576	-6.92166792037622	-0.405404648077455
-7.75885734251744	-7.83670179039042	-0.448452724023548
-7.25707077127504	-7.4131725574591	-0.423984317896829
-5.83043353708269	-5.59838937630883	-0.332916787580655
-4.16107186794612	-2.97704637240839	-0.185220574757805
-2.57829580339754	0.137796946679761	-0.00156497484500297
-1.31363226789148	3.37486725564472	0.193618496251178
-0.49091381312278	6.29659266467903	0.371159907406847
-0.10533000924184	8.40626440584855	0.497009919381266
0	9.17946830395079	0.541585453586237
9.30463918903378	0	0.480109546298915
8.57809534092038	-0.0988112678306576	0.44356606088795
6.63036878950368	-0.454803663290037	0.340613695005828
3.86969221315453	-1.22987529363179	0.192524899248784
0.701562129590861	-2.46404964700293	0.0227974774429106
-2.48263879961056	-4.0803449130759	-0.1454621464317
-5.3259902001506	-5.89189303229403	-0.290627860760194
-7.49804331377531	-7.59635634490372	-0.391734731421836
-8.58278043321529	-8.67467775047403	-0.433547388322684
-8.01714257397651	-8.20928119257184	-0.410800506263684
-6.40608483823499	-6.15708952087212	-0.324297412956908
-4.5685671708186	-3.27407329879574	-0.181489096698134
-2.84225454844169	0.117368560115287	-0.00299423644882707
-1.46205154953415	3.64177402549499	0.187634116166939
-0.554812054114249	6.85498126491988	0.362558088510926
-0.12054497998411	9.21732122230325	0.487005615310954
0	10.0916406452206	0.531323753621215
10.0502801069117	0	0.4595858102734
9.24952000739284	-0.110309626954131	0.424570788521207
7.13265430644031	-0.499581356740537	0.326284406883349
4.16540457507443	-1.33443921893459	0.184371115350997
0.776636184009888	-2.65732440971218	0.0226138328172752
-2.64079704581661	-4.39506588610751	-0.137506968678671
-5.7267358662669	-6.3636556140948	-0.275742886824456
-8.14156168710946	-8.25883086407743	-0.372012476297901
-9.40885170462858	-9.51368494200041	-0.41166375808465
-8.78015488836781	-9.0157280445215	-0.391125178996322
-6.97703358390094	-6.71773777581751	-0.310718529093257
-4.97015820200034	-3.57290333188417	-0.175023034340662
-3.10274596981312	0.088355789413784	-0.00432677635657847
-1.61006250419979	3.89000343921153	0.17879594530724
-0.619755573213778	7.38652620370599	0.348164383321733
-0.136205329386066	10.0032307356905	0.469398504223822
0	10.9847337509265	0.512900014200541
10.7586165227416	0	0.431824324388983
9.88447280028785	-0.120859554250217	0.398769923561913
7.60423156492498	-0.542519415424752	0.306655363662927
4.4416514740033	-1.43444275396886	0.173323482540658
0.846655219008193	-2.84090283589341	0.0220010046686248
-2.78987040681361	-4.69354399061603	-0.127566168657532
-6.10776246340982	-6.81332767194599	-0.25667250379654
-8.76001367904	-8.89633903639075	-0.346423132201535
-10.2160194098226	-10.3341281602284	-0.382998135506309
-9.53153834323887	-9.8154181826015	-0.365250886130164
-7.53483296255679	-7.27198707325938	-0.292099750880086
-5.35992728112532	-3.86944691797288	-0.165693967312653
-3.35550570029336	0.0517073278717813	-0.00548243497171828
-1.75499504881537	4.11677087912132	0.167128038632383
-0.684952399308845	7.88239899963681	0.327848990977813
-0.152804037831827	10.7472889889297	0.444057999450108
0	11.8392585402193	0.486160690550632
11.4153404425187	0	0.397060803362341
10.4724258636362	-0.130626417125911	0.366416389712038
8.03859976365451	-0.582795692963082	0.281850946368341
4.69520686602332	-1.52794627960492	0.159387478789815
0.910669709687994	-3.01176241495657	0.0209026031219831
-2.92790783283289	-4.97105833936599	-0.115763208018202
-6.46241331621346	-7.23294696163857	-0.233647001638469
-9.3400183598598	-9.49539281942973	-0.315347712706373
-10.9836361704515	-11.1154942670024	-0.348144682999528
-10.2539156558565	-10.5881112860262	-0.333679534097616
-8.0691829621059	-7.80945860334358	-0.268562569314367
-5.73096488069501	-4.15832274829317	-0.153479575815498
-3.59577217048097	0.0090931053962546	-0.00637696917792166
-1.89374877387134	4.3201594381867	0.152769732829165
-0.748974255131145	8.33563353692511	0.3018202855595
-0.17090239342569	11.435086643957	0.410585699900682
0	12.6366345799752	0.450772057630929
12.0066240756712	0	0.355704474321315
11.0017678734911	-0.139866294067008	0.327887368120442
8.42849810649537	-0.619919662534636	0.252167274135964
4.9221047665305	-1.61340925703674	0.142678223838405
0.967444240917135	-3.16710067896636	0.0192893799395481
-3.05299518958991	-5.22297152575871	-0.10226842963092
-6.78429408809916	-7.61473224444216	-0.206999649183449
-9.86898401057807	-10.0430439792571	-0.279341020033075
-11.6920796559659	-11.8379945836735	-0.3078364049727
-10.9287170756604	-11.3131569070016	-0.296836693294976
-8.56859230323829	-8.31781978997776	-0.240348959875151
-6.07584901350595	-4.43307859617188	-0.138419946151974
-3.81845424712604	-0.0371282411046397	-0.00692668101664158
-2.02278229215263	4.49918761520736	0.13590157486959
-0.809315083923804	8.74215097183162	0.270338886952906
-0.188600392601433	12.0569542310066	0.369268043230182
0	13.3629434255738	0.406250869813186
12.5212804544496	0	0.307752285822527
11.4631591263149	-0.149057013252985	0.283734169115692
8.76747299911605	-0.653516944721417	0.218018558663061
5.11848699368419	-1.68952957472264	0.123411780045427
1.01566728477449	-3.30439087874713	0.0171650018225278
-3.16336717180268	-5.4449179409734	-0.0872921810609474
-7.06743045170304	-7.95131041682522	-0.17715704084955
-10.335517416296	-10.5273237787423	-0.238997108383543
-12.3234436755414	-12.4832368074274	-0.26296179611083
-11.5381669762649	-11.9707712710986	-0.255282293196792
-9.0207954620233	-8.78320186631602	-0.207880836597317
-6.38668858262169	-4.68612882875731	-0.120646553233009
-4.01836411681409	-0.084037595763632	-0.00706960449612612
-2.13866920533838	4.65299165123144	0.116751065977544
-0.863828541747737	9.09754215821008	0.233787968722114
-0.2048151273685	12.6044701952971	0.320585525640677
0	14.0067179941384	0.353264102299431
12.9514049056648	0	0.253738079805589
11.8508722496252	-0.157352576631343	0.234284554677923
9.05097888644273	-0.682763438203724	0.179974505377954
5.28112146664671	-1.75499878708691	0.101905381581065
1.05411651262757	-3.42135805327223	0.0145709210367953
-3.25746875818493	-5.63296502408686	-0.0710731733181634
-7.30643403167796	-8.2359610003803	-0.144623467575106
-10.7294301813984	-10.9373515634771	-0.19505044308978
-12.8617515265809	-13.0345663482334	-0.214360878769571
-12.0664051903402	-12.5430904136255	-0.209661563417719
-9.41382034560116	-9.19187524956556	-0.171642055785836
-6.65555891560363	-4.90936157496229	-0.100378309063921
-4.19038110324501	-0.128298857234596	-0.00677046857767517
-2.23821103775893	4.78081006300489	0.0956054883912722
-0.910916426533494	9.39639797558292	0.192705337543358
-0.218970500643104	13.0671913282166	0.26520942032668
0	14.5556314611436	0.292731111127104
13.290225425126	0	0.194544531286434
12.1608704990983	-0.164041771499778	0.180241887761385
9.27533547952549	-0.70677124785494	0.138554564774743
5.40699845873515	-1.80877022610896	0.0785095716325877
1.08125146927644	-3.51628536462943	0.011560790453772
-3.33444206923502	-5.78399883339168	-0.053880336296712
-7.49704657935847	-8.46313492310874	-0.109983706264796
-11.0416210934611	-11.2633943192038	-0.14828554090456
-13.2927088049999	-13.4768763248571	-0.162855702235424
-12.4994986435007	-13.0142835473872	-0.160669067564782
-9.73633784578324	-9.53060334469976	-0.132172365997126
-6.87452968710018	-5.09406328743736	-0.0778912497799877
-4.32928349570581	-0.16558091375985	-0.00600620686573594
-2.31819508357356	4.88294243411951	0.0728146424997285
-0.948930385608531	9.63477001827572	0.147795934261956
-0.2305896795615	13.4358465861549	0.204214320638458
0	14.9972248259327	0.225783776278421
13.5306204775421	0	0.131158635036658
12.3870517967434	-0.168958431021659	0.122402560088811
9.43509589450182	-0.725396325815564	0.094363745990941
5.49191956149502	-1.85048186144905	0.053517450408649
1.09459257150272	-3.58835409075176	0.00815416395342439
-3.39424277915454	-5.89598929372926	-0.0360342411378409
-7.63618873041087	-8.62872667951194	-0.0738673901312897
-11.2652089570902	-11.4980380911707	-0.0996460051109092
-13.6041772218853	-13.7976830371415	-0.109317286573423
-12.8245262801623	-13.3696532502475	-0.108912033829083
-9.97738814702587	-9.78634097390602	-0.0900025427937252
-7.03552413691235	-5.23066407688026	-0.0534628525832453
-4.42957827142916	-0.189996761943799	-0.00471148487477382
-2.37516940601855	4.9617704582938	0.048839043958259
-0.97601548078048	9.81161226076899	0.0999371250798667
-0.238993799570951	13.7057730904239	0.138875494022449
0	15.3223623730278	0.153696831463483
13.6694090842891	0	0.0651173256521259
12.5244536949298	-0.171513228698247	0.0617574229604073
9.52636219055372	-0.738041396749047	0.047987543108775
5.53471520415522	-1.87901139611319	0.0272088846802745
1.09496959348943	-3.63576119406464	0.00428288893680199
-3.43418251834944	-5.96618008491205	-0.01793698039358
-7.71855874056689	-8.72802298455878	-0.0369578662667352
-11.392565396106	-11.6340143368633	-0.0499837228849782
-13.7832585047635	-13.9828834112376	-0.0543229524336668
-13.0327378253742	-13.5997830231089	-0.0554955565723832
-10.1283129158254	-9.94927976924937	-0.0457398642058284
-7.13249878977706	-5.31263804385695	-0.0273414444187384
-4.48774101895011	-0.19876975760764	-0.00270890905326443
-2.40730793638024	5.01725644145748	0.0243321337516769
-0.991318290443662	9.92527280887281	0.0502412977930814
-0.243881002204827	13.8753202843098	0.0705332591731187
0	15.5245474139377	0.0778444457000067
13.7235401579182	0	0
12.5879740339746	-0.168077305472437	0
9.58465765096083	-0.733930315918155	0
5.58428341451055	-1.87583288909972	0
1.13520662537092	-3.6329318330412	0
-3.40528773408521	-5.96513602059522	0
-7.7053755479001	-8.73276985430844	0
-11.3991662757028	-11.6500661020771	0
-13.80801895291	-14.0108717819508	0
-13.1007658385871	-13.675166622442	0
-10.1908186884009	-10.0241280180807	0
-7.18333949301694	-5.37244756211081	0
-4.52693802265064	-0.242895855270614	0
-2.43525951746644	4.99059733354496	0
-1.00884762440873	9.92053679976849	0
-0.251603816757286	13.9045733925007	0
0	15.5751565863649	0
