0	0	0
0	0	0
0	0	0
0	0	0
0	0	0
0	0	0
0	0	0
0	0	0
0	0	0
0	0	0
0	0	0
0	0	0
0	0	0
0	0	0
0	0	0
0	0	0
0	0	0
0.00133389954242231	0	0.00207819291699668
0.00078688577474463	-0.000274638563745551	0.00193263380425806
-0.000300075769281834	-0.000716466700727026	0.00153403383466354
-0.0016421468639207	-0.00137828966044226	0.00093926012194948
-0.00313721624870402	-0.00229387139328384	0.000226390022924828
-0.00456851363393188	-0.00341291588106927	-0.000504383949363257
-0.005673466343645	-0.00458049175786399	-0.00114384311073945
-0.00621833989438856	-0.00554621028724271	-0.00160089494727849
-0.00606149630904531	-0.00601947738464845	-0.00177125241494147
-0.00527349142398962	-0.00580724318544308	-0.00160966046893723
-0.00411612052493064	-0.00493297292950411	-0.00114948681323797
-0.00289618853780049	-0.00359958768476509	-0.000497019119910978
-0.00182767913322399	-0.00207848240573199	0.00025421080513045
-0.00102841603986407	-0.000659628235732719	0.00098716364618652
-0.000509960592933274	0.00040946326804993	0.00159129687789367
-0.000210078058631291	0.000903940415507857	0.00197906048208038
0	0.000886318141832281	0.00209526300100195
0.00739748431312024	0	0.00395578493653597
0.00583954636106575	-0.000558966296502263	0.00369413087521782
0.00281630733152974	-0.00155053873387079	0.002932481177262
-0.00140578161316166	-0.0032684739325002	0.001782287637841
-0.00636951282412514	-0.00586522624531465	0.000402261738300685
-0.0113049392347361	-0.0092126910257202	-0.00100926314280993
-0.0153221630746503	-0.0128443629340047	-0.0022378690086029
-0.0176504023899019	-0.0160055416068229	-0.00308699645317191
-0.0178335118369676	-0.0177972502634913	-0.00340027750734123
-0.01595622052087	-0.0175136166942662	-0.0031093704851861
-0.0126889861164868	-0.0150203600321626	-0.00226080417679554
-0.00896623981918841	-0.0108098535160595	-0.0010075511962147
-0.00557832762163717	-0.00572016072081733	0.000445777520293831
-0.00299748544934021	-0.000703070042374647	0.00187119652328966
-0.00134814923957807	0.0033707972463837	0.00305364536679329
-0.0004759426852708	0.0057373283591883	0.00382423177713503
0	0.00588491476818489	0.00409180075398873
0.0179596779515125	0	0.00562906509530412
0.0154187249674166	-0.000685127355983931	0.00525196501622493
0.0102490312483814	-0.00208446511057325	0.00415159053921851
0.00274901195817746	-0.00473103509444905	0.00248346347180805
-0.00619803340658491	-0.00889129236261486	0.000481607548252169
-0.0152018761137385	-0.0143420698336287	-0.00156362851701583
-0.0226842578620801	-0.0202769971970058	-0.00334058177638591
-0.02727170207199	-0.0253898009088174	-0.00456236239314282
-0.0281941681383343	-0.0281774539218484	-0.00501512031193424
-0.0255668492626325	-0.0274374499107757	-0.0046097036438589
-0.0204582564101856	-0.0228730649389377	-0.0034042037348373
-0.014406487536313	-0.015223376795841	-0.00160084413312083
-0.00880873763461696	-0.00593734288793831	0.000506259501300541
-0.00454577332797563	0.0032806848630744	0.00258409328213709
-0.00188392382296857	0.0108545816811331	0.00431737907025722
-0.000580749162340162	0.0154409204562042	0.00545660646523812
0	0.0160120982162641	0.0058571244385642
0.0313144126915051	0	0.00712116803633195
0.027938048826137	-0.000749057651091591	0.00663623189452843
0.0202950950575744	-0.00253384022469555	0.00522588383706921
0.00906918883702866	-0.0061247919162616	0.00308735573960452
-0.00435493055087706	-0.0118887086702901	0.000522131444838905
-0.0179126361857704	-0.0194855160833269	-0.00209686606671706
-0.0292949918978036	-0.0277411448458753	-0.00437118172589719
-0.0364988892672276	-0.0347699945567863	-0.00593483374787008
-0.0384015927564471	-0.0384172208449591	-0.00652077142174302
-0.0351369066963256	-0.0369458560774751	-0.00601700789829321
-0.0282086872010361	-0.0299029206699859	-0.00449153596702702
-0.0198044236615244	-0.0183168364243808	-0.00219237925934848
-0.0119549629791424	-0.00428168139389087	0.000508485861737959
-0.00598566740700789	0.00966440975961686	0.00318468005884458
-0.00232674160041621	0.0211428618777	0.00542812795171068
-0.000637815285590613	0.0281962692070167	0.00691227128247128
0	0.0295714139032796	0.0074362961658732
0.046574588472311	0	0.00844608697902064
0.042400219176303	-0.000816401883250192	0.00786403927320002
0.031921992976012	-0.00303992933301099	0.00617777224232599
0.0164380284098629	-0.007700378902155	0.00362186879622571
-0.00204815607407829	-0.0152582917726471	0.000557982125087751
-0.0207202661525876	-0.0252334813476054	-0.0025686042960046
-0.0364803966370475	-0.0360483530420479	-0.00528420256455497
-0.0466560772329363	-0.0451940435941482	-0.00715401042207443
-0.0497202646813242	-0.0497910233237235	-0.00786284169308941
-0.0457989729791256	-0.0474838751502785	-0.00727507038180395
-0.0368783703526084	-0.0376364337685841	-0.00546833939823489
-0.0258751291872082	-0.0216108712294939	-0.00273014285669643
-0.0155181738096304	-0.00220158057810498	0.000499444106169109
-0.00763502740194443	0.0171204747012151	0.00371256102742712
-0.00285217263583077	0.0330522763956554	0.00641793633981324
-0.000718503055964686	0.0429751698202759	0.00821701494078117
0	0.0455433932472922	0.00885446782975883
0.0634827036051795	0	0.00960738882437029
0.058406673222379	-0.000902964242616342	0.00893960081733542
0.044768880152209	-0.0036277744103642	0.00701289998645587
0.0245103575479555	-0.00950085534592622	0.00409422411409573
0.00038155937116693	-0.0190736632757827	0.000597769327737921
-0.02396320214443	-0.0317040699155139	-0.00296938264066861
-0.0445783533084976	-0.0453766688658248	-0.00606995874326881
-0.0580806751149651	-0.0569145259353106	-0.00821026332980721
-0.0624743435342061	-0.0626306568613523	-0.00903036200460014
-0.0578387625891417	-0.059442158936595	-0.00837258887623217
-0.0466930467120299	-0.0464914574241875	-0.00632307058965172
-0.0327863291509991	-0.0255379395349751	-0.00320242917560911
-0.0196164200013795	-0.000136139395285026	0.000490393946842894
-0.00956751883827618	0.025225738274383	0.00417782925473278
-0.00349456528273536	0.0462124878488209	0.00729532122426087
-0.00082910554812062	0.0594821117235018	0.0093770693996217
0	0.0634917358165009	0.0101152514006849
0.0819117768372445	0	0.0106051774766516
0.0757755518048213	-0.00100469243720981	0.00986313874726368
0.0587045390171316	-0.00427976776648245	0.00773064023525426
0.0332282154802389	-0.0114855008968729	0.00450344797436537
0.00295061106155956	-0.0232644809945533	0.000640194163299645
-0.0275628598814053	-0.0387968666439563	-0.00330106819387214
-0.0534740259684587	-0.0556055584513361	-0.00673121523304789
-0.0706509631790805	-0.0698094013773911	-0.00910756663606453
-0.076557019164172	-0.076832849057657	-0.0100285876645064
-0.0711592887476869	-0.0727375406738239	-0.00931525644482322
-0.0575542620000736	-0.0563934761046121	-0.00705876959571791
-0.0404578184456625	-0.0300564334731137	-0.00361150159714263
-0.0241992705282606	0.00189504263647267	0.000479670267751576
-0.0117549266799505	0.0339072329382678	0.0045793402199255
-0.0042340471027994	0.0605370709548227	0.00805945766919573
-0.000956332191174393	0.077628157996724	0.0103912405143855
0	0.0832045177987923	0.0112166600424848
0.101674833644796	0	0.0114391809078129
0.09432480346003	-0.00111803651214067	0.0106345743816159
0.0735812525007852	-0.0049828409829137	0.00833002264197349
0.0425335602383041	-0.0136132179439958	0.00484755919402748
0.0057075109549307	-0.0277452817886344	0.000682661408574654
-0.0313782347789614	-0.0463756429098997	-0.00356703356085879
-0.0629788971706211	-0.0665642200218103	-0.00727164125496836
-0.0841662936449938	-0.0836925473295818	-0.00985043871100329
-0.0917957214397373	-0.0922291372468655	-0.0108614659231284
-0.0855975264172365	-0.0872033764019663	-0.0101090004068581
-0.0693068205203667	-0.0671846028949769	-0.00767912894954516
-0.0487709303884456	-0.0350561709197988	-0.0039605051080109
-0.0292001313210055	0.00390750951660707	0.000464291458518761
-0.0141674172350865	0.043096930143597	0.00491427822703004
-0.00505402073178673	0.0759280396242371	0.00870820043598441
-0.00109387113065777	0.0972816430091386	0.0112579461493927
0	0.104489390831553	0.0121584075919806
0.122541642731396	0	0.0121107588737065
0.113845613674749	-0.00124488551506958	0.0112542006128544
0.0892017855134396	-0.00573800018717319	0.00881123050037236
0.0523080464319255	-0.0158625596252582	0.00512555204596907
0.00865166996579479	-0.0324496314120193	0.000723460798429818
-0.0352984663703206	-0.054317656364553	-0.00376918580571624
-0.0729318462369948	-0.0780929855854147	-0.00769582941402795
-0.098468869572513	-0.0984132423017064	-0.010443274773405
-0.108082560208495	-0.108718031206005	-0.0115289338698061
-0.101015988984172	-0.102714441816793	-0.0107556976535071
-0.0818080708067448	-0.0787234297036518	-0.0081882135621832
-0.0576219043107166	-0.0404575525302529	-0.0042506010250391
-0.0345708110144809	0.00587173319742573	0.000443517617474734
-0.0167978293854337	0.0526635330706889	0.00518268662831081
-0.00596572986944191	0.0922029489396408	0.00924041183398415
-0.00124828218887823	0.118258895395439	0.0119772192545656
0	0.127177380075383	0.0129401798542075
0.144271530051796	0	0.0126211837663007
0.1341228225334	-0.00138527591574269	0.011722664433133
0.105364302301716	-0.00654511338637603	0.00917346513964376
0.0624101179027391	-0.0182206258994527	0.00533782423166218
0.0117509412414187	-0.0373243052667946	0.000761578640856604
-0.0392421807012414	-0.0625161085821205	-0.00390861933403983
-0.083180957318992	-0.0900443229837952	-0.00800356484327218
-0.113435779540787	-0.113832879820689	-0.0108887785370399
-0.12538885374722	-0.126234515546383	-0.0120459645375162
-0.117315081501561	-0.119221877404926	-0.011252750970815
-0.0949143927512163	-0.0908821446925021	-0.00858565835167787
-0.0669092087259386	-0.0461955985302423	-0.0044810910971015
-0.0402645102714812	0.00773991499002438	0.000417840001740073
-0.0196386548343655	0.0624519615572964	0.00538223190868793
-0.00696995236945684	0.109136791408458	0.0096518186674245
-0.00142347985854887	0.140320116110935	0.0125481731729491
0	0.151084436153403	0.0135657253380817
0.166625776034336	0	0.0129719760078323
0.15492468335255	-0.00153804046062124	0.0120384712840343
0.121864230645522	-0.00739771313963442	0.00941317265591187
0.0727099810933291	-0.0206647880773025	0.00548225592814231
0.0149768383234807	-0.0423112930468981	0.000795964217520234
-0.0431312092219314	-0.0708628622011406	-0.00398634094298285
-0.093579094963161	-0.102269539689071	-0.00819588528116828
-0.128950356596801	-0.129832498309358	-0.0111813502392978
-0.143643546707584	-0.144701732882956	-0.0124180835665848
-0.134408362030222	-0.13666186519285	-0.0116091668041523
-0.108483500669538	-0.103527312319121	-0.00886914660063387
-0.0765247376317545	-0.0521953208642754	-0.00465007254833324
-0.0462283941443139	0.00946561009224351	0.000387402584740091
-0.0226868644414492	0.0722640245064733	0.00550962969855692
-0.00809372828511075	0.126429899890068	0.00993497403120089
-0.00163451161765283	0.16320092261788	0.0129665440231427
0	0.175996080822843	0.0140286213088514
0.189327807392203	0	0.0131614968229949
0.175952245732255	-0.00171559173554223	0.012199282688014
0.138442362867752	-0.00830293989984199	0.00952654577187137
0.0830625718806718	-0.0231714452544977	0.00555395792487329
0.0183039862969209	-0.0473461574406686	0.000824642167572114
-0.0468847565547549	-0.0792430488280576	-0.0040031933415505
-0.103960179817474	-0.114600042592401	-0.00827202860557895
-0.144872996497009	-0.146246482734368	-0.0113271356438554
-0.162706754746347	-0.164047371208156	-0.0126308528315295
-0.15215809307139	-0.154887162395888	-0.0118268505076371
-0.122366854942638	-0.116503088761045	-0.00903648141527033
-0.0863558818571803	-0.0583683942960192	-0.0047557862162453
-0.0524059591823258	0.0110163170198963	0.000352746431819873
-0.0259385422631084	0.0819242243964006	0.00556451702826739
-0.00937262034884389	0.143762066655434	0.0100956788314912
-0.00195568936204438	0.186522762118192	0.0132192926278363
0	0.201647247396879	0.0143150300933631
0.212070970807659	0	0.0131703113419871
0.196880590666548	-0.00196501365933066	0.0122077269183263
0.15478429122676	-0.00929102020761857	0.00951281869804909
0.0932846243573448	-0.0257337383408352	0.0055501827470921
0.0216861548558863	-0.0523727169924836	0.00084465371251764
-0.0504396772637095	-0.0875506480467991	-0.00396146225973714
-0.114168522965559	-0.126878176743292	-0.00823239394919385
-0.160976687414869	-0.162874400775119	-0.0113217314815489
-0.182395137492972	-0.184070152567192	-0.0126785885418607
-0.170396605478686	-0.173718693935521	-0.0118918140127442
-0.136408220616694	-0.129648117883194	-0.0090849521113915
-0.0962865754129937	-0.0646269338020221	-0.00479739471833921
-0.0587274464040006	0.0123816377895271	0.000314487551351508
-0.0293668712269214	0.0913076465196563	0.00554655382715447
-0.0107906159358333	0.160978527475862	0.0101313997096699
-0.00233655567532066	0.210011514101489	0.0132972175634471
0	0.227676817577967	0.0144036443291899
0.234547514624945	0	0.0129842873362343
0.217453704477227	-0.00226212712352243	0.0120483738390233
0.170662329960594	-0.0103615644671816	0.00937744936967904
0.103203332016168	-0.0283378884406104	0.00547121592709109
0.0250557611803897	-0.0573413493554837	0.000853631604758654
-0.0537691034328785	-0.0956931886403698	-0.00386420173991439
-0.124080760286694	-0.138955579607265	-0.00807836628987939
-0.177055870719065	-0.1795079160982	-0.0111618108233839
-0.202483513527036	-0.204515165480549	-0.0125500585451814
-0.188915430944874	-0.192961435889428	-0.0117888015334872
-0.150456152973119	-0.142841487303753	-0.009011301947036
-0.106203535681934	-0.0709107746356565	-0.00477473468971152
-0.0651083361837052	0.0135633468040085	0.000272698884471133
-0.0329126201704426	0.100347256978864	0.00545421487622671
-0.0123064669789345	0.177947533488539	0.0100289837725383
-0.00272529347687218	0.233595399278772	0.0131870079927721
0	0.253906744902809	0.0142873271130403
0.256519342392425	0	0.0126041179993491
0.237469718062175	-0.00256464941052523	0.0117040018245708
0.185971641051246	-0.011481048724754	0.00911845300555487
0.112708781786646	-0.0309488130240676	0.00531699178611615
0.0283474110869957	-0.062199095207632	0.000849946590400983
-0.056875437666844	-0.103587056942627	-0.00371374156381843
-0.133611658871507	-0.150695368020678	-0.00780945272800769
-0.192870237414817	-0.195890701594471	-0.0108386064369976
-0.222733954452698	-0.225090732265444	-0.0122374930132547
-0.207490168415714	-0.212438980592074	-0.0115097075374494
-0.164358957069689	-0.155991896543492	-0.00881045778974094
-0.115996286927379	-0.0771846572268081	-0.00468616795487308
-0.0714575214236877	0.0145576833299728	0.000227281431969934
-0.0364987815371501	0.108997579281731	0.00528426335107965
-0.0138701144515186	0.194497804041896	0.00977874528558962
-0.00311742829994936	0.257073737028312	0.0128795853776207
0	0.280208652897518	0.0139622865762227
0.277826035441658	0	0.0120351188055049
0.256758895113167	-0.00286047078533396	0.0111792125130066
0.200614490299163	-0.0125909947964043	0.00872192152737221
0.12173837514451	-0.0335055912902685	0.00508619769337161
0.0315111010019261	-0.0668806949931707	0.000833117826886841
-0.0597581583360918	-0.11114096366372	-0.00351076739706038
-0.142674522365715	-0.161950874284169	-0.00742396238335749
-0.208138575121724	-0.211736730897542	-0.0103451291951953
-0.242745729057979	-0.245383183329421	-0.0117283614390434
-0.225856371810304	-0.231895175671269	-0.0110514712503203
-0.177955522876165	-0.168985709292101	-0.00847533583679836
-0.125548274161655	-0.0834092497431584	-0.00452739389211072
-0.0776832340090431	0.0153520003708565	0.000179404237829948
-0.0400583801678879	0.117177098761577	0.00503445787933288
-0.0154500709701199	0.210409309731764	0.00937471925869991
-0.00351905249114125	0.28002193103233	0.0123746054131928
0	0.306173078817349	0.0134252637448298
0.298205665511697	0	0.0112814002188914
0.275114623422645	-0.00313109071669641	0.0104789019342524
0.214436973212696	-0.0136537303164324	0.00818595398499575
0.130220123435346	-0.0359472824510251	0.00477659266057478
0.0345060527192709	-0.0713128538610861	0.000801536511258242
-0.0624025457206568	-0.118254996216656	-0.0032568790022814
-0.151143002762884	-0.172555990549064	-0.00692362598008077
-0.222567907848391	-0.226755283290902	-0.00968240334794125
-0.262008125008456	-0.264922172842047	-0.0110179065910081
-0.243667950102228	-0.250918457866174	-0.0104141216860595
-0.191052563257824	-0.181641324252862	-0.00800153860353545
-0.134725945694555	-0.0895137364622813	-0.00429460718880845
-0.0836878945050911	0.0159366410072665	0.000131121381679045
-0.0435290686522319	0.124775571646231	0.00470546209765332
-0.0170279283165047	0.225400580492587	0.00881436394984672
-0.00394279525869922	0.301931748853561	0.0116718842867487
0	0.331201240809698	0.0126770410221973
0.317226748143294	0	0.0103511579621632
0.292208002291267	-0.00338172836968823	0.0096110593990351
0.227232105147214	-0.0146493653608439	0.00751440005692608
0.138044055355962	-0.0382269278047431	0.00438855742905079
0.0372829644252202	-0.0754254545598651	0.000753829566995425
-0.0647913767602837	-0.124826437736938	-0.00295524650207041
-0.158894039756258	-0.182343763777854	-0.00631382181340407
-0.235875805651025	-0.240658988012744	-0.00885718460890139
-0.280053866036743	-0.283246697166651	-0.0101129951608755
-0.260538501651833	-0.269048738683504	-0.00960259656437169
-0.203426720246732	-0.193745937312274	-0.0073895805796665
-0.143377674065972	-0.0954028621071421	-0.00398655818067338
-0.0893639055334507	0.0163175817637593	8.47853317108151e-05
-0.0468391306868097	0.131702645075627	0.00430107976399508
-0.018570283979399	0.239234302894702	0.00810380211631608
-0.00440398517372763	0.322346004090656	0.010762922039239
0	0.354709900210745	0.0117125691343247
0.33445792692742	0	0.00925633124429984
0.307671285236928	-0.00361975056167491	0.00858666980076117
0.238768013718872	-0.0155666176935823	0.00671566371628981
0.145078466676586	-0.0403078344090884	0.00392545502843357
0.0397845084503275	-0.079154198485451	0.000689413565003614
-0.0669100847674017	-0.130756352139733	-0.00261026624845637
-0.165819267026494	-0.191158540678301	-0.00560294277444117
-0.247818571819242	-0.2531911654322	-0.00788200529776827
-0.296467648718306	-0.299941196941711	-0.00902630960506517
-0.276075976981146	-0.285842038616365	-0.00862062728203595
-0.214840949993467	-0.205054766444123	-0.00664301361823887
-0.151346049610072	-0.100962148469899	-0.00360346904358249
-0.094597561362204	0.0165169120689174	4.29336685817896e-05
-0.0499063593930862	0.137893039765714	0.00382629459741519
-0.0200166854316469	0.251753141611455	0.00725014579257097
-0.00485263402661518	0.340943048619708	0.0096562353635948
0	0.376251219855281	0.0105207460932495
0.349539125546958	0	0.00799662304904351
0.321201750496495	-0.00385837590418917	0.00742054428740824
0.248836152189475	-0.0163970687055815	0.0058009921299666
0.151194774462731	-0.04215944458525	0.00339329912755999
0.0419516760499288	-0.0824419162659483	0.000608638192215721
-0.068748119513472	-0.135953406043153	-0.00222737791687626
-0.171824826327301	-0.198858603914286	-0.00480217287696521
-0.258195220562824	-0.264130990233288	-0.00677177668065751
-0.310895824066663	-0.314644567025712	-0.00777765981206215
-0.289924588346056	-0.300893218120719	-0.00747780188852754
-0.225051826160056	-0.215296337133818	-0.00577052694057134
-0.158468108697195	-0.106053974735505	-0.00314789503382105
-0.0992744751237707	0.0165707581563774	7.68781803346487e-06
-0.0526519742205872	0.143284437310531	0.00328742959533124
-0.0213161773998479	0.262788774121791	0.0062637409779266
-0.00526083638755845	0.357433781835433	0.00836498898700828
0	0.395443931130295	0.00912021389258305
0.362207095836068	0	0.00658523594026901
0.332606936777786	-0.00407529090155676	0.00612064376218847
0.257285892194739	-0.0171201760821449	0.00478539484320476
0.156283514003383	-0.0437507825209683	0.00280071420944022
0.0437293773718573	-0.0852375496012963	0.000512905704646087
-0.0702988430347407	-0.140336860167165	-0.00181277255514007
-0.176831400953289	-0.20531910568428	-0.00392511567299366
-0.266840021560967	-0.273289612064502	-0.00554657329679731
-0.323044242109702	-0.32705113886269	-0.00638888238349506
-0.301782718530923	-0.313851844990448	-0.00618901945023725
-0.233830730491883	-0.224209805716625	-0.00478346098330073
-0.164584027041199	-0.11053004337517	-0.00262480349448286
-0.103282991953236	0.016526975951299	-1.93987061240204e-05
-0.0550034450319584	0.147817271027823	0.00269248123822425
-0.0224321780114525	0.272140982530299	0.00515895194958286
-0.00561366695564782	0.371463136168061	0.00690719407123228
0	0.411869356280829	0.00753591729476015
0.372230045422409	0	0.0050442198707486
0.341747685782438	-0.00425172595525147	0.00470472513936009
0.263993827338351	-0.0177134867158433	0.00368230121877206
0.160243080501508	-0.0450573032146283	0.00215713039012713
0.0450558326615658	-0.0875034869886959	0.000403967455991844
-0.0715711353589672	-0.143845017987583	-0.00137345865615523
-0.180784835226302	-0.210441767559043	-0.00298792998002796
-0.273611453144546	-0.280504871604981	-0.00422918840146292
-0.332667288254814	-0.336900935048845	-0.00488468651360137
-0.311396084142973	-0.324417676592889	-0.00477369692791604
-0.24096816171574	-0.23154829307199	-0.00369593211040037
-0.169535041488707	-0.114224005397203	-0.00204085236428059
-0.106509202852979	0.0164637048411214	-3.69579132425175e-05
-0.0568882338923443	0.151463798475546	0.0020511961371248
-0.0233277781592599	0.279650727304418	0.00395430404117791
-0.00589917946726892	0.382709694504952	0.00531068236443089
0	0.425102215453074	0.00579749624225649
0.379360894441872	0	0.0033979694407052
0.348427223522668	-0.0043825111785888	0.00319304555392456
0.268786503801893	-0.0181732588327085	0.00250737395482409
0.162940610803685	-0.0460708876463129	0.0014703871450902
0.0458464401859948	-0.0892233520075821	0.0002826701523163
-0.0725908184385819	-0.146440738989852	-0.000917828010289845
-0.183653394437296	-0.214158699337844	-0.00200827812143017
-0.278413698052411	-0.28566267172361	-0.00284814197789275
-0.339570352720738	-0.343997498843397	-0.0032946929227724
-0.318532149219974	-0.332314313349431	-0.00325202358069034
-0.246262296518077	-0.23706428775911	-0.00252317647205424
-0.173156628272184	-0.116938339761105	-0.00140299889230382
-0.108831756157849	0.016507894483	-4.23932280859523e-05
-0.058228024692412	0.154259480967375	0.00137636151212702
-0.0239620279656086	0.28524584741237	0.00267264843246473
-0.00610122002079178	0.390997529503162	0.00360760282175085
0	0.434828566406844	0.00393682641065596
0.383483071544224	0	0.0016853525140417
0.352495638616101	-0.00445019392457337	0.00161044731036272
0.271545705470687	-0.0184824013525426	0.00127534735129237
0.164340286328185	-0.0467619248681235	0.000747789962095868
0.0461199449388221	-0.0903528714174778	0.000147477442758004
-0.0732995599749079	-0.148064030388505	-0.000456383685605249
-0.185329914892424	-0.21637860550822	-0.0010053143125366
-0.281115207515	-0.288641639490639	-0.00143054971363282
-0.343550357257503	-0.348114088833252	-0.00164241890450869
-0.323053349568382	-0.33739531656656	-0.00166201925116231
-0.249557377873873	-0.240580204558129	-0.00128430563014302
-0.175328061186858	-0.118546668538975	-0.000718037245521299
-0.110176516125328	0.0167028978982462	-3.01595463159896e-05
-0.0589856312823272	0.156169152493421	0.000686075725969324
-0.0243215591294839	0.288829569651955	0.0013431006261967
-0.00621664722076478	0.396231531389847	0.00183112877804318
0	0.440817379006649	0.00198801522248853
0.385122038841334	0	0
0.354421999385198	-0.00435930935839208	0
0.273330215331491	-0.0183676203229714	0
0.165875272327081	-0.0466621530695067	0
0.0474121222601342	-0.0902411528258017	0
-0.0722940834865449	-0.147966165413928	0
-0.184744901506292	-0.2163991773106	0
-0.281123800576719	-0.288969797884129	0
-0.344240177594195	-0.348911438548416	0
-0.324545759534309	-0.339080315866676	0
-0.250951531488406	-0.242313003060054	0
-0.176526289466407	-0.12003041373028	0
-0.111136357966852	0.0155298520004983	0
-0.0596808439968476	0.15542194723369	0
-0.0247619175036219	0.288668276739112	0
-0.00641792095319421	0.397020770918602	0
0	0.442121868129319	0
