0	0	0
0	0	0
0	0	0
0	0	0
0	0	0
0	0	0
0	0	0
0	0	0
0	0	0
0	0	0
0	0	0
0	0	0
0	0	0
0	0	0
0	0	0
0	0	0
0	0	0
0.0406622249740032	0	0.0619963750159509
0.0243015548452279	-0.00826099316918991	0.0575742699702373
-0.00894370057269689	-0.0216346805446479	0.0454661523677439
-0.0500833930616692	-0.041745141326684	0.0274443633315591
-0.0954820210521854	-0.0694614608379405	0.00593281416122762
-0.1383725731537	-0.103076667406171	-0.0160103184791729
-0.171017387003387	-0.137871401454226	-0.0351165713717628
-0.18677431082846	-0.166467086850049	-0.048718371245905
-0.181687005867181	-0.180369532335904	-0.0537672672691506
-0.158013825998722	-0.174014597887366	-0.0489526229867874
-0.123513015605124	-0.148144273516175	-0.0352585385937978
-0.087223846284829	-0.108739006463211	-0.0158148774538801
-0.0553247370800161	-0.0635437229810979	0.00664886312497546
-0.0312592865931351	-0.0208661614563972	0.028668074231879
-0.0155005822583952	0.0118754777837633	0.0469105436227487
-0.00637492018698331	0.0274219911232432	0.0586773675614499
0	0.0280950771399077	0.0622453535259667
0.223724078509913	0	0.118103240397145
0.176995124279816	-0.0168364067235295	0.110096377123799
0.0843975559773366	-0.0469700090377772	0.0869068210665716
-0.0447234464936015	-0.099292391732425	0.0520363076136715
-0.195223946443587	-0.178005513700161	0.010447015217988
-0.343305545482686	-0.278727876045768	-0.0317820309830031
-0.462604658709488	-0.387231632782807	-0.0682567369588263
-0.530963975666423	-0.481192294051168	-0.0932853474900342
-0.535503808060818	-0.534250241307203	-0.102445024879187
-0.479104555193958	-0.525835080790297	-0.0938479193909501
-0.381574175411083	-0.451989879058638	-0.0688267389926108
-0.270538302214046	-0.327215596424029	-0.031733988166249
-0.169093230635054	-0.175540991225691	0.0115425645783522
-0.0912332850358246	-0.0245009189285839	0.0542911627569383
-0.041067565217341	0.0997712054399184	0.0900051332503149
-0.0144724746659192	0.17303936737937	0.113416665033638
0	0.180485350627149	0.121565481592478
0.541741962153856	0	0.168365851628146
0.465378257259742	-0.0206606234287221	0.156758406962759
0.306619039536	-0.0633950200854924	0.123155999471364
0.0769854590206554	-0.144345476917626	0.0724683133674851
-0.19436786345087	-0.270791572825617	0.0120490011330079
-0.46437159336446	-0.434950754239861	-0.0491704534987234
-0.68625585269799	-0.612078667758453	-0.101892097067848
-0.820730522881334	-0.763562322125391	-0.137843774735483
-0.846476960513229	-0.845685851148358	-0.151049462605882
-0.767635882835278	-0.823711018632094	-0.139099450527419
-0.615614474259692	-0.68900296758366	-0.103628460062132
-0.435419986935572	-0.462823280155172	-0.0503039259307642
-0.267804186814327	-0.186398454416371	0.012463902691844
-0.138971431148377	0.0910789254867277	0.074874020675831
-0.0577162732243185	0.322267599459552	0.127348842930582
-0.0177290453697364	0.464612273081416	0.162049324807338
0	0.486722335909565	0.174223799669112
0.943173241828349	0	0.213430665349377
0.841308993162198	-0.0226300556353406	0.198455322951511
0.606209209441308	-0.0774102762578386	0.155252966885184
0.262218537988675	-0.187712251398998	0.0901118361822361
-0.145032083346664	-0.36341036952591	0.0125516625638654
-0.551413652543236	-0.592495826019293	-0.0659193595096144
-0.888464123656892	-0.838699782529653	-0.133405556448943
-1.09920115294192	-1.046310318669	-0.179386297727988
-1.15306479443489	-1.15311275883245	-0.19646362210676
-1.05523900043171	-1.10939782219791	-0.181648979079945
-0.849671050181239	-0.902118090549121	-0.136818884125008
-0.59979571592949	-0.56027348690297	-0.0688431467009384
-0.364676381123598	-0.142941450153072	0.0116920466245277
-0.183885533675935	0.276802241156859	0.0922308440081511
-0.0717331772607975	0.627481090849046	0.160322216335154
-0.0195504907833003	0.847004162189557	0.205642850866383
0	0.895139128774396	0.221600024120181
1.40109024888765	0	0.253656894028805
1.27445749339079	-0.0247283028561123	0.235642408837681
0.9518680627459	-0.0932918384075674	0.183821936521197
0.477296794050728	-0.236987304961647	0.105776694982815
-0.0836135804382457	-0.468059024187589	0.012992871954814
-0.643265502226466	-0.769449864155826	-0.0807433372104801
-1.10966552801915	-1.09210058793269	-0.161286883326646
-1.40703614050939	-1.36180714804509	-0.216188667946923
-1.49427097202559	-1.49584747047961	-0.236806226501374
-1.37691224844981	-1.42729825698165	-0.21957215629021
-1.11268931661743	-1.13796081703399	-0.1665862318702
-0.785635035170791	-0.665708397662361	-0.08569603670696
-0.475002886947808	-0.0888731104358045	0.0106547829630121
-0.235602210068152	0.492708990641247	0.107515286479921
-0.0884039166659763	0.979719929422248	0.189827550349907
-0.0220930440875299	1.2888856458489	0.244912213999366
0	1.37458497098388	0.264405045625633
1.90730625835197	0	0.289136592283032
1.75243010387471	-0.0274337413741	0.268416909424014
1.33239661297684	-0.11181206242454	0.209011714309867
0.711600951669813	-0.293523657832713	0.119667975640697
-0.0205689923860976	-0.587097124625916	0.0136342382759396
-0.750432215281473	-0.969674329679126	-0.0933329560210239
-1.36055892341666	-1.3781651071141	-0.185192366591134
-1.75509107955622	-1.71836305382992	-0.247880858113261
-1.88061947250904	-1.88465788271516	-0.271648924990341
-1.74199747435722	-1.78992378438363	-0.252435434186155
-1.41208155401587	-1.40974626673548	-0.19251694685462
-0.998408064535701	-0.792602915058121	-0.100478112290969
-0.602556943840321	-0.0376941614153825	0.00969299990405441
-0.296415809554515	0.72584883788207	0.121013991118282
-0.108777528964501	1.36752990698992	0.216100038700653
-0.0255535835160771	1.78081629954625	0.280033841712962
0	1.9113824408005	0.30272283345906
2.457459414398	0	0.319865691909901
2.26929958422279	-0.0306242992950425	0.296770911305969
1.74346254389888	-0.132450240764338	0.23079678020303
0.963088377602757	-0.356137807421142	0.131756378284309
0.0443389765584261	-0.718516896361888	0.0144397858369253
-0.8708592197466	-1.1903769841467	-0.103741594384475
-1.63812145675516	-1.69365751433066	-0.205203092197747
-2.14022318599582	-2.11282264712657	-0.274576573496413
-2.30943402061102	-2.31698926883279	-0.301135734835547
-2.14811754358272	-2.195332295921	-0.280393758142476
-1.74537172401441	-1.71578028376753	-0.21469279516373
-1.23605427168214	-0.940177863925056	-0.113251502445165
-0.746018983303877	0.00962654026822389	0.00876002985538228
-0.365557519423015	0.97366624423169	0.132692671274501
-0.13227774241537	1.78784136944169	0.239116185266111
-0.0295343438379438	2.31949270867562	0.310978899091903
0	2.49853883556011	0.336483100189192
3.04541000248143	0	0.345813754344853
2.81918151146855	-0.0341917693247124	0.320680667955216
2.18030792764722	-0.154816842890175	0.249134890822937
1.22977896694067	-0.423616863868928	0.141980388464022
0.112369714146932	-0.859816883224587	0.0153334462033072
-1.00055330385045	-1.4276242046495	-0.112074954078461
-1.93704069656127	-2.03375116085129	-0.221443119127478
-2.55683980242103	-2.54002387936378	-0.296429992828188
-2.77597989584026	-2.78824822772833	-0.325395777470459
-2.59083836688938	-2.63900408661924	-0.303634206538871
-2.10832524925129	-2.05182285844576	-0.233233388935163
-1.49531528011384	-1.10556057115824	-0.124112500390747
-0.903566874114962	0.0532003371364516	0.00776936219504839
-0.442213918704152	1.23375965767347	0.142466208788599
-0.158430091397556	2.23723820490175	0.258808530314621
-0.0338457241912457	2.90036508331391	0.337695033908361
0	3.12967763915036	0.365659786466158
3.66379894659177	0	0.366986384922615
3.39547366898183	-0.0381908980423763	0.340124518382294
2.63680504421732	-0.178942971371809	0.264009017467604
1.50801182506989	-0.49532159395339	0.150302257092945
0.183423147020294	-1.00902761732794	0.0162646767824743
-1.13634206646944	-1.6778314361492	-0.118395292036378
-2.25278902913607	-2.39391723842313	-0.234066805679026
-3.0006640634253	-2.99589439359995	-0.313590956386706
-3.27754010564811	-3.29593310619515	-0.344427729296718
-3.06653207868071	-3.11770917353306	-0.322221592466197
-2.4970743060199	-2.4141237523965	-0.248273379030141
-1.77334504827304	-1.28673015310753	-0.133097687136999
-1.07390597135061	0.0918888211689098	0.00670235075754469
-0.526251029445348	1.50193094621604	0.15033075489893
-0.18760439901085	2.7098603224444	0.275125983271219
-0.0386867202615089	3.5173952943697	0.360163275053901
0	3.79916722628901	0.390222533798054
4.30505162785241	0	0.383379760183384
3.99147172813349	-0.0426197201491992	0.355086444648507
3.10678880423222	-0.20482097927273	0.275369327836215
1.79356169360924	-0.570848821946743	0.156723878983956
0.256589602506858	-1.16452740224511	0.0172032334950104
-1.27582642958754	-1.93782473149595	-0.12274000455255
-2.58106742751649	-2.76994353276567	-0.243085985094289
-3.46852127648573	-3.47677266317477	-0.326158531851149
-3.81392702948594	-3.83879256748422	-0.358671116349946
-3.57283314776798	-3.63064243076833	-0.336074854670599
-2.90770505458603	-2.79933405254825	-0.259817508464397
-2.06730169809837	-1.4819998288528	-0.140188222346257
-1.2557348708774	0.124147500131451	0.00557785861622769
-0.617507280902408	1.77340368890652	0.156208849506111
-0.219856625169843	3.1986878038542	0.287913849345747
-0.0441804962473075	4.1629612736221	0.378319866844799
0	4.50099838029536	0.410253100967038
4.96177076915439	0	0.39499477601084
4.60008878760125	-0.0474401378765617	0.365480523001115
3.58412590572676	-0.23224649368676	0.283080713954621
2.08267025968427	-0.649475103554987	0.161171370607871
0.331202360473542	-1.32448856930426	0.0181171753575593
-1.41657440333825	-2.20429891683221	-0.125145059343258
-2.91765188843707	-3.1575131256908	-0.24855301929151
-3.95745549458224	-3.97961905758156	-0.333982525003754
-4.38375513758999	-4.41530510119912	-0.36829417004855
-4.10784550463076	-4.17662620844165	-0.345467704612172
-3.33630417471911	-3.20390326951649	-0.267815928027332
-2.37404620712223	-1.68923620298534	-0.145330770340042
-1.44749280714979	0.148658398953704	0.00440498027118867
-0.715932396416615	2.04230723043845	0.15999174379371
-0.256040845015011	3.69466239710261	0.296908504426852
-0.0507859522253417	4.82883786228536	0.391988236942349
0	5.22834967576059	0.425514476224525
5.62561845958618	0	0.401729490995988
5.21242583194683	-0.0530272346323318	0.371182650371853
4.06124805410845	-0.261422145029789	0.286992485006148
2.371273280636	-0.73041955544731	0.163485275106278
0.40682080397598	-1.48682533306254	0.0189457285191592
-1.55593338623966	-2.47364167949689	-0.125642863391507
-3.2576337945942	-3.55158989375393	-0.250472424381891
-4.46378614516937	-4.49994580039434	-0.337282233040986
-4.98359444544084	-5.0241210888268	-0.372880396624425
-4.66807395894037	-4.75192739105646	-0.350488556228483
-3.77867312201387	-3.62350552310614	-0.272229399736925
-2.69017902153117	-1.90572675013812	-0.148478240366994
-1.64740725388392	0.164737136581156	0.00320516953057826
-0.821390454260262	2.30367718734449	0.161661591029724
-0.297258369035361	4.18833929630286	0.302243374377511
-0.0607557119295279	5.50363781542672	0.400700853176642
0	5.97303557794397	0.435528358001568
6.2875516565434	0	0.402940746391345
5.81899155459659	-0.0608026910399105	0.372216690466822
4.52916713794753	-0.293246802706026	0.287041082966982
2.65435161944027	-0.813381816496615	0.163567972666687
0.48252161991157	-1.64964616842146	0.019597267088471
-1.69163520463227	-2.74241365392451	-0.124308612905178
-3.59625246718012	-3.94733047378264	-0.248882718664566
-4.98104530839132	-5.0320442071352	-0.335982700093609
-5.60859707540568	-5.65990031098071	-0.372321408970763
-5.24905789844705	-5.35178703196086	-0.350765675279822
-4.23026019286937	-4.0535071133423	-0.27300740691822
-3.01207083726579	-2.12858802751411	-0.149611578381123
-1.8532033161558	0.172547379140603	0.00200159240304614
-0.933008087177176	2.55418056530577	0.161204615530942
-0.343012366011976	4.6752380022254	0.303823135545735
-0.0725738352055968	6.17911391318155	0.404127450617437
0	6.72414123903436	0.439567696659176
6.93861768035544	0	0.398146573411655
6.41236223790237	-0.070039672126597	0.368077215900633
4.98151522964243	-0.327681325752883	0.283367399592492
2.92729933779497	-0.897833071101432	0.161415936691749
0.556849886939608	-1.81122095378642	0.019997411504389
-1.82237202492755	-3.00751599554211	-0.12123843414923
-3.92954653212025	-4.34004149267062	-0.243848517919355
-5.50324649773418	-5.56981679952835	-0.330045327906075
-6.25254826690156	-6.31558020633107	-0.366368594707306
-5.84499373280087	-5.97084465834648	-0.345909822951355
-4.68656633256434	-4.49034997454849	-0.270078593124559
-3.33608659319877	-2.35561487626996	-0.148729161608256
-2.06208547059699	0.172735832795597	0.00080076059886556
-1.04888421139822	2.79227351052303	0.158574784497484
-0.392055885072032	5.15153678169943	0.301233762910536
-0.0846611482337804	6.85291106400283	0.401847904730093
0	7.4759968080147	0.437376055848336
7.57192982942814	0	0.387326938368334
6.98674197622509	-0.0794632226168029	0.358216962515854
5.41552301477259	-0.363661208074498	0.275905684104722
3.1873630994398	-0.982586994224136	0.15702162036543
0.628451291348796	-1.9697001072831	0.0200943393575383
-1.94761555044042	-3.26606669948749	-0.116504337865869
-4.25448129029679	-4.72522472890219	-0.235372039847403
-6.02304815219926	-6.10540405741055	-0.319285768038496
-6.90866626324531	-6.98280549324609	-0.35490635551399
-6.44946994201437	-6.60414442019264	-0.335755352426198
-5.14294257833952	-4.9311519852418	-0.263314342679367
-3.65859633964164	-2.58520934608656	-0.145782250693517
-2.27101514033704	0.165853705535427	-0.000395663289081745
-1.16653566201496	3.01712786474232	0.153676261568607
-0.442874236209354	5.61238881596964	0.294162116670344
-0.0968876487986986	7.51904575804453	0.393540572579766
0	8.22463652465518	0.428807905644722
8.18282919076435	0	0.370615048441572
7.53737717394756	-0.0886993549351692	0.342755919211561
5.82866679123274	-0.399363000929816	0.264231632961563
3.4331406535131	-1.06566998177266	0.150343507910554
0.696410502200549	-2.12285670701594	0.0198713051654076
-2.0666713766508	-3.51488832053659	-0.110128692952288
-4.56769398058875	-5.09785952110462	-0.22341920321187
-6.53131866206925	-6.62951097161789	-0.30358444939469
-7.56447254297923	-7.64872026875975	-0.337753967329163
-7.05433192804076	-7.24374589976258	-0.320330644060767
-5.5941610366128	-5.37197471581632	-0.252533426545888
-3.97566055116716	-2.81546854963274	-0.140643173232044
-2.47689051035663	0.152262375299848	-0.0015479940482303
-1.28375673695369	3.22697498957224	0.146442126851341
-0.494476724006384	6.05184755904547	0.282405166888797
-0.109462702966295	8.16550420787958	0.379112018387049
0	8.95869842369379	0.413670828742879
8.7639017446272	0	0.348094368196331
8.05867806224739	-0.0971707084852041	0.321821372560681
6.21691274174981	-0.433593041197593	0.248278102711549
3.66296365902638	-1.14511001057822	0.141310867128324
0.760063912782036	-2.26821961499855	0.0192772352363576
-2.17833795826614	-3.75046726538137	-0.102162426051613
-4.86432130618021	-5.45205307332291	-0.208062847340862
-7.01790923148063	-7.13207942378156	-0.283061864568775
-8.20316863961628	-8.29770857336735	-0.315000110513773
-7.64799662365664	-7.87603224743189	-0.299817955913591
-6.03355861414071	-5.80628662100797	-0.237654357892704
-4.28264130204505	-3.04331557808603	-0.133205450188027
-2.67636910358801	0.132511957675977	-0.00259239400322547
-1.39844623788904	3.41935219905862	0.136891404208884
-0.546240278584057	6.46251622822914	0.265861905568815
-0.122782244928332	8.77842540258967	0.358472407020817
0	9.66197854417798	0.391864061470716
9.30329235367704	0	0.319964001088841
8.54186617216832	-0.105015740498582	0.295623443274803
6.57482577767603	-0.465697642447102	0.228148263157856
3.8740926879266	-1.21936826684003	0.129929419581655
0.818495218063075	-2.40341647756906	0.018267137058572
-2.28127662764756	-3.96914995782606	-0.0927046942308351
-5.13934969949421	-5.78167423289008	-0.189482736685449
-7.47244810976156	-7.60263708836096	-0.257998074201501
-8.8085200656308	-8.91365679788871	-0.287056627988326
-8.21685622192161	-8.48509446509258	-0.274559774321884
-6.45312044890309	-6.22608611117666	-0.218754125018269
-4.57416583538602	-3.26471030820766	-0.123446262535387
-2.86573204543332	0.10770755632866	-0.0034603934044983
-1.5081679013303	3.5924853014253	0.125137009788817
-0.597037922317371	6.83848588170476	0.244703072640805
-0.137302369012255	9.3457641396196	0.331308531178736
0	10.3189753609334	0.363135163639917
9.78947021581401	0	0.286558353172808
8.97724145989812	-0.112444272008366	0.264471056129442
6.89633523580611	-0.495289566241977	0.204084086954007
4.0631808684682	-1.28722634871137	0.116293950742673
0.870555104526546	-2.52625352190765	0.0168184846949986
-2.37419614735369	-4.16736687921805	-0.081892292934763
-5.38805514809245	-6.08080496737008	-0.167943531088741
-7.88536434305658	-8.03130106876698	-0.228820199759454
-9.3653191663563	-9.48124602978118	-0.254457967318696
-8.74655027979362	-9.05491135894927	-0.244838872972705
-6.84401484904336	-6.62195500070946	-0.196004512005922
-4.8445144523994	-3.47482790430425	-0.111391640822437
-3.04101648932322	0.079490306035811	-0.00408251938991055
-1.61013625785821	3.74536285103827	0.111326002880324
-0.644879637242361	7.17621055784552	0.219139920168825
-0.15148957572504	9.85937194508121	0.297854974679255
0	10.9180299338574	0.327100100763019
10.2130489964774	0	0.247871994184969
9.35697428638932	-0.11984456443496	0.228810003123114
7.17603591870007	-0.522074006027575	0.176421534926809
4.22697144450335	-1.34765724019138	0.100580773256397
0.915035602444565	-2.63475900374479	0.0149358613251191
-2.45593015908971	-4.34177522026871	-0.0698940892837515
-5.60609968439958	-6.34389986443535	-0.143787460717649
-8.24818329596914	-8.40909977339446	-0.195996245194283
-9.85988945025718	-9.98644077764022	-0.217882989100782
-9.22351266410118	-9.57032251620832	-0.211060422634599
-7.19690860963619	-6.98336144678601	-0.169724238657088
-5.08765114801869	-3.66799635203229	-0.0971405718826207
-3.19819868296752	0.049942089206618	-0.00440562233555402
-1.70166067902939	3.87707264567023	0.0956442209937448
-0.688064998854849	7.47187309607758	0.189482974207225
-0.164472940810462	10.3121135063687	0.258500899210859
0	11.4494841911091	0.284300906019667
10.567349937706	0	0.204330321625624
9.67623889005793	-0.126532087207723	0.188901006778132
7.41010515989839	-0.54539168513895	0.14562046536228
4.36272853155182	-1.39962711400187	0.0830476966702508
0.950810610616505	-2.72716109089313	0.0126548581080753
-2.5254725873909	-4.48937824143519	-0.0569017260954934
-5.78962819281853	-6.56595333914049	-0.117422168113398
-8.55348369678176	-8.72801745453276	-0.160118777964448
-10.2802039229938	-10.4167095467686	-0.177995337278192
-9.63579755987202	-10.0177983738657	-0.173720021222191
-7.50278130079119	-7.29996437181995	-0.140289105925929
-5.29755590217159	-3.838162348714	-0.0808632952391676
-3.33331914744299	0.0214804203005231	-0.00439699260470375
-1.78023531571579	3.98678991873329	0.078326604909244
-0.725334907838326	7.72082583093673	0.156167524186738
-0.175788726171353	10.6951600599269	0.213788799896386
0	11.9029208915403	0.235481956470596
10.8466237649374	0	0.156639474505775
9.93162307838647	-0.131930968865141	0.145307850357938
7.59544094549403	-0.564531022941079	0.112098933784476
4.46790654582119	-1.44231054173091	0.063979124439955
0.976507457532074	-2.80213023285272	0.0100212066691929
-2.58236033892156	-4.6078231199839	-0.043131265650344
-5.93566908647978	-6.74288081304501	-0.0893234639029293
-8.79473981062264	-8.98098642449987	-0.121832509504005
-10.6156640148149	-10.7608485374145	-0.135471229497908
-9.97302493621915	-10.3854637643055	-0.133377701446963
-7.75316903270928	-7.56185307266143	-0.108130244304754
-5.46822463893487	-3.97879134628419	-0.062777676009123
-3.44234039376272	-0.00265095352903357	-0.00403261591947842
-1.84334370595068	4.07457230874807	0.0596594735576293
-0.755394570757275	7.91962124491609	0.119762862834646
-0.185055428617792	11.0006479657293	0.164583154155227
0	12.2678070684003	0.181555313351504
11.0448201559936	0	0.105588699417957
10.1180242698756	-0.135901937891768	0.0986698567006307
7.72749159862403	-0.579376701643107	0.0763440705670429
4.53899890279484	-1.47542520739996	0.0436127059415067
0.990006329053665	-2.85904613481153	0.00705311902691065
-2.62675507750346	-4.69560300229761	-0.0288405426318858
-6.04213160657823	-6.87170249091864	-0.0600058730544254
-8.96715204323191	-9.16274325760949	-0.0819234491874323
-10.8574398979638	-11.0098042759237	-0.0910579906040064
-10.2255980972903	-10.6623151294983	-0.0905479034512087
-7.93990987333756	-7.75925613229281	-0.0736833798727465
-5.5935278328784	-4.0826122103708	-0.0431050596779263
-3.52100077095605	-0.0179006820291581	-0.00325333901415217
-1.88827757322121	4.14220773442621	0.0400195493405955
-0.776789642095913	8.06721358341461	0.0809767285995828
-0.191734349078621	11.2245600895004	0.11190639218406
0	12.5364123711784	0.123541522357703
11.1592230364207	0	0.0524124537231221
10.2313338724115	-0.137959645645992	0.0497806439317959
7.80303435020458	-0.589438772514776	0.0388253249078443
4.57504672491501	-1.49806304052197	0.0221745165973999
0.991961823909235	-2.89647528434579	0.00369762547184499
-2.65658504136895	-4.75059071130413	-0.0143529883934705
-6.10499903618771	-6.94887707129626	-0.0300280659055926
-9.06518240727577	-9.2680420618188	-0.0411119096105388
-10.9963321534374	-11.1534734848399	-0.0452867644840922
-10.3871594588342	-10.8415129857818	-0.0461824716453389
-8.05661639393437	-7.88493369888729	-0.0374623041687175
-5.6689085214927	-4.14474358135868	-0.0220480998466226
-3.56659573414009	-0.0222312018699614	-0.00190951807233172
-1.91363397358221	4.18948153611364	0.0199407219007194
-0.788883839413668	8.16201062321048	0.0407072136904611
-0.195608190755409	11.3653244208343	0.0568306076782997
0	12.7031989698722	0.0625402719359309
11.2039958100289	0	0
10.2839999323542	-0.135174635965611	0
7.85150603081738	-0.586059274123112	0
4.6164655370193	-1.49534181287233	0
1.02597243617578	-2.89385056308138	0
-2.63157951973456	-4.74914408770882	0
-6.09270263242089	-6.9518740734677	0
-9.06942225295244	-9.28034366727936	0
-11.0166884742652	-11.1766250477245	0
-10.4402805254716	-10.9006323788184	0
-8.10510578156345	-7.94337536474983	0
-5.70889410328706	-4.19218883527979	0
-3.59778723195836	-0.0579197385221461	0
-1.93601103504965	4.16752392528784	0
-0.802958528694915	8.15778714515399	0
-0.201847004485185	11.3889505359623	0
0	12.7440752232878	0
