0	0	0
0	0	0
0	0	0
0	0	0
0	0	0
0	0	0
0	0	0
0	0	0
0	0	0
0	0	0
0	0	0
0	0	0
0	0	0
0	0	0
0	0	0
0	0	0
0	0	0
0.033192339649609	0	0.0508144861107294
0.0197857305610411	-0.00676047890236566	0.0472033397691717
-0.00733047105884713	-0.0176910111394663	0.0373158313142398
-0.0408646537800181	-0.034113205031854	0.0225916549645875
-0.0779365348846306	-0.056761558599038	0.00500085051971064
-0.113056255253903	-0.0842734004871687	-0.0129622153564181
-0.139871300417479	-0.112800673850229	-0.02862014252946
-0.152880299951765	-0.13628131317721	-0.0397771639811925
-0.148783228707573	-0.1477150330839	-0.0439229857026079
-0.12941058073935	-0.14251212604719	-0.0399763263540985
-0.101119909262682	-0.121260161790457	-0.0287450677263355
-0.0713550754522958	-0.0888926711319916	-0.0128028377383089
-0.0452143218393978	-0.0518195961533669	0.00560232223136226
-0.0255279661969443	-0.0169021705229485	0.0236258837397789
-0.0126597383648602	0.00979300248883731	0.038542446068557
-0.00520864165310872	0.0224068774013187	0.0481545111667784
0	0.0227738376125269	0.0510625457766074
0.182877021621675	0	0.0967862385838129
0.144610230413692	-0.0137742246511337	0.0902567202133997
0.0691136068814556	-0.0383820919007661	0.0713288455932076
-0.036183464446916	-0.0810883776772946	0.042842209954926
-0.159128152428668	-0.145396369617777	0.00882468232990829
-0.280367102408564	-0.227814856478956	-0.0257688240571562
-0.378265505093459	-0.316739631232972	-0.0556965071608531
-0.434510257384608	-0.393836376539558	-0.0762635328775966
-0.438399260061458	-0.437403966306679	-0.0838041104319573
-0.392245422459721	-0.430508052199862	-0.076745693301296
-0.312285170228504	-0.369854062946732	-0.0561892819475934
-0.22125542988578	-0.26742239196189	-0.025737406791521
-0.138161731796689	-0.143067009037964	0.0097481858834919
-0.0744858506355216	-0.0194949379745419	0.0447508342590624
-0.033524770761773	0.0819137555623205	0.0739518921094327
-0.0118190513819378	0.141534972327945	0.0930714560843932
0	0.147160839451302	0.0997225672477213
0.443032532777834	0	0.137928241269195
0.380527932080539	-0.0168986915859535	0.128473005083258
0.251168534094886	-0.0517606320099897	0.101061975128802
0.063957826250775	-0.117774506112809	0.0596721161801775
-0.157697019019953	-0.221024236881719	0.0102668134246831
-0.378786777758349	-0.355332402058178	-0.0398785062896177
-0.56092507013998	-0.500538860483874	-0.0831414791033563
-0.671598579792481	-0.62492110465181	-0.112693112390393
-0.69302494026532	-0.69243260145527	-0.123568772601346
-0.628483609583508	-0.67440845693557	-0.113752611000515
-0.503773877719246	-0.563700334756663	-0.0846003866997364
-0.355988673282339	-0.377934181109901	-0.0408157052018535
-0.218687976624826	-0.151242037962594	0.0106483186924046
-0.113358961275653	0.075783263516935	0.0617349355338297
-0.047061061938785	0.264410405685831	0.104620604478226
-0.0144670128271339	0.380179450898383	0.132944836228647
0	0.397501620287212	0.142884333891114
0.771513385530896	0	0.174777312110869
0.68820937952754	-0.0185023908190486	0.162586397547892
0.496722611601268	-0.0631443298050627	0.12736561582034
0.216339567129372	-0.153015217422921	0.0741988017515677
-0.116299432656615	-0.296398654716341	0.0107987545892076
-0.449095966971675	-0.483786305980437	-0.0534653842015097
-0.725858320380046	-0.685664240403824	-0.108842326214026
-0.899367236489658	-0.856249281081889	-0.146641474739999
-0.944042360638294	-0.944163787530021	-0.160706682728357
-0.863929757501315	-0.908301181229717	-0.148532199733408
-0.69519559632741	-0.737870930202481	-0.111680278789636
-0.490191170848241	-0.456983676515133	-0.0558648338867056
-0.297598608376102	-0.114651957129943	0.0101542161947284
-0.149849235611508	0.228784943243526	0.0760559325808303
-0.0584162832323469	0.514849565353846	0.131677177299318
-0.0159404355209963	0.693283163304229	0.168651191399761
0	0.731609524021416	0.181673704173713
1.14632329329746	0	0.207637157248307
1.04288721630896	-0.020207066063509	0.192978824729184
0.780199749005237	-0.0760280669716652	0.150758298978588
0.393413911079736	-0.193016503827025	0.0870893200126834
-0.0647104304280863	-0.381478102430676	0.0112678686862985
-0.523034558915666	-0.62792509273569	-0.0654888893088719
-0.906068761480057	-0.892485052990427	-0.131585662975321
-1.15096090480063	-1.11417919306376	-0.176730385718354
-1.22321839084675	-1.22461859913841	-0.193716938640232
-1.12708055398193	-1.16837813520745	-0.179546350152323
-0.910123229075998	-0.930409580068578	-0.135973622416001
-0.641768945902318	-0.542267744384754	-0.0695443405604095
-0.387373325241991	-0.0690390168316031	0.0094317503884405
-0.191823469116544	0.406812730156664	0.0886634394788902
-0.071914762192211	0.8040374516673	0.15586939285949
-0.0180020917829128	1.05527065297943	0.20078518971962
0	1.12406694013322	0.216679873018921
1.56083289170418	0	0.236585834291715
1.43448194082942	-0.022403721785392	0.219734719665592
1.09248766878946	-0.0910408557544475	0.171365159919074
0.586525252719833	-0.23887644614242	0.0985133103496507
-0.0114546166660586	-0.478169536735411	0.0118876625641949
-0.609144770362592	-0.790857155499526	-0.0756999241491036
-1.11022370740788	-1.12573017034134	-0.151098818521163
-1.43515026644623	-1.40539784808735	-0.202670254925417
-1.53904242874594	-1.54248388037023	-0.222265171889736
-1.42546249327213	-1.46475732229683	-0.206455556706476
-1.15452237789751	-1.15202602026028	-0.157152845359173
-0.815128517641305	-0.644736213707214	-0.08154490965422
-0.491062733280273	-0.0254036108345341	0.00875937001424689
-0.241145981305251	0.599302256781468	0.0997945517603465
-0.0884122104892914	1.12264720543117	0.177393040950536
-0.0208117230331037	1.45850128620274	0.22949329077054
0	1.56376441603784	0.247975847042303
2.01155748655589	0	0.261621605827239
1.858212767958	-0.0249925327938043	0.24285025591934
1.43009751744399	-0.107755428800131	0.189166550825125
0.794043992174516	-0.289620440310837	0.108446834235077
0.0437003294813827	-0.584812063682522	0.0126281572243774
-0.705693589414604	-0.970258057182142	-0.0841427764189034
-1.33577656335656	-1.3826855444769	-0.167448905037712
-1.74927876630025	-1.72723892511064	-0.224555816705508
-1.88923815665899	-1.8955804054485	-0.246472395296398
-1.75704292154522	-1.79575881510125	-0.229390021213812
-1.42628672153583	-1.40124366329125	-0.175286970371711
-1.00852398539462	-0.763672629822713	-0.0919185680551309
-0.607553586648061	0.0155213416485777	0.00809830047601721
-0.297174685893922	0.804214191335384	0.109421241430991
-0.107433803008266	1.46823451454278	0.196228931623288
-0.0240434537530027	1.90036611757166	0.254751325956421
0	2.04507112173884	0.275506356550068
2.49355220310072	0	0.282723493183401
2.30932579124047	-0.0278852133777935	0.262309683780281
1.78917977458453	-0.125852907244958	0.204130096689276
1.01438044580275	-0.344252903149681	0.116839871686082
0.101813625036735	-0.699346983496125	0.0134267421198275
-0.809370805722164	-1.16287877655368	-0.0909034242447743
-1.57831689171849	-1.65934601096216	-0.180735701448403
-2.08869563565186	-2.07540503835813	-0.242511158911899
-2.26985730258644	-2.28007272116317	-0.266443659410068
-2.11811594704563	-2.15760277699424	-0.248502401060385
-1.72187749049044	-1.6745070619372	-0.190473176096843
-1.21923425397606	-0.896650779311523	-0.100744117648391
-0.735323483005293	0.0538833112490926	0.00737718712936759
-0.359230490227197	1.01963304142126	0.117473957569912
-0.128587702339561	1.83806937658885	0.212322562836069
-0.0275421237643327	2.37722793932359	0.276517730869924
0	2.5628551841749	0.299253435321607
3.00086073912808	0	0.299901965844471
2.7824657137949	-0.031126922546041	0.278100277376971
2.16474479729155	-0.145359159336615	0.216245423311505
1.24454864883104	-0.402250515218793	0.123662633116911
0.162813772331521	-0.820157230725961	0.0142418209793925
-0.917550557595774	-1.36576413799862	-0.0960321924259353
-1.83408020846912	-1.95195386548848	-0.191083360524274
-2.44982065311568	-2.44648471730048	-0.256656952922953
-2.67859129674036	-2.69382485784774	-0.282178937298411
-2.5056283505198	-2.54755673081284	-0.263845487406504
-2.03805541193657	-1.96865981625745	-0.202820372116041
-1.44487966608457	-1.0419499966837	-0.108051529395731
-0.873285080386517	0.0887915910670379	0.00658006741729427
-0.427190579543368	1.24215656980128	0.123950275155746
-0.152171990066281	2.22740559615307	0.22563487332983
-0.0314704172808312	2.88421794843953	0.294780549347226
0	3.11258768974375	0.319196124300905
3.5273346416586	0	0.313160721241774
3.27217940602974	-0.0347165851206852	0.290214588036058
2.55175657870104	-0.166269107612856	0.225475727664219
1.48108032551959	-0.463286500411283	0.128918094024703
0.225945273782248	-0.945918173122758	0.0150484648773659
-1.02825692649667	-1.57630534767827	-0.0995591231369963
-2.09949390873639	-2.2570157160989	-0.198499046318766
-2.82996412782619	-2.83739242808548	-0.267072368604958
-3.11517704029243	-3.13569871869426	-0.2940409911942
-2.91753921009836	-2.96485095193154	-0.275354694583748
-2.37154315982432	-2.28087145098197	-0.21233065854088
-1.68309223399416	-1.19813729612661	-0.113825344919759
-1.0203525879559	0.119001941211538	0.00572153047677509
-0.500912172986383	1.46788836385966	0.128787750619882
-0.178227852415514	2.63052858700814	0.236043327472649
-0.0359284571532441	3.41515345017324	0.309493683466364
0	3.68941860887587	0.335406674504777
4.06695237346168	0	0.322507589466507
3.77268222655756	-0.0386235918154064	0.298588651076367
2.94518779594002	-0.188417683410098	0.231714694946962
1.72087237679697	-0.526776416029698	0.132547194845096
0.29063076955685	-1.07514670347989	0.0158204342446377
-1.13950722860588	-1.79180055086974	-0.1015128722935
-2.37105513944611	-2.57096130447103	-0.203022577015426
-3.22660625364539	-3.24554250581572	-0.273632562494992
-3.57835553740471	-3.60431788091345	-0.302168806009997
-3.35217699149645	-3.40839549025014	-0.283255025782549
-2.7190666818166	-2.6081476630002	-0.218960795389094
-1.93127514522726	-1.36343511748254	-0.11802156468228
-1.17524004295196	0.143427316964613	0.00480801799716202
-0.580347285407819	1.69200599459843	0.131898592574775
-0.207448381324733	3.04002379254824	0.24333809214919
-0.0412910048257669	3.9633361958528	0.320520253317555
0	4.28781662662103	0.347698300929396
4.61289274909827	0	0.327867181548644
4.27667434974881	-0.0431547736947794	0.303128955016398
3.33880581008557	-0.211973251559395	0.234844293194003
1.9605489259016	-0.592093274393634	0.134421142038671
0.356457266770382	-1.20615923361493	0.0165080513125218
-1.24916113562111	-2.00931372817659	-0.101918923978336
-2.64471741349307	-2.88964937305004	-0.20465349017551
-3.63663369953357	-3.66716546721776	-0.276512401625442
-4.06518619914149	-4.09843623376108	-0.306220527675549
-3.80656478483168	-3.87501053777803	-0.287615382993381
-3.07713062416503	-2.94687193558694	-0.222674992709228
-2.18663742877625	-1.53561871919241	-0.120600920693488
-1.33650449286338	0.161466091406723	0.00385600166464382
-0.665387375377598	1.91039481648102	0.13326883085735
-0.240730514993004	3.44812558057379	0.247634212596697
-0.0493990032630022	4.51943724830926	0.327489036069949
0	4.9011091666275	0.355689294325607
5.15772741094711	0	0.328721854914844
4.77634270461524	-0.0494728383579655	0.303863034163932
3.7251809187035	-0.237673656773971	0.234818253520747
2.19592464746643	-0.659006953145997	0.13446204695878
0.422594500789686	-1.33744033172715	0.0170365623354651
-1.35541723875276	-2.22606645026888	-0.100837858194147
-2.91658102580261	-3.20911762603758	-0.203419133600637
-4.05467035954412	-4.09751336299097	-0.275641985620825
-4.57157794324453	-4.61355177327649	-0.306099130135626
-4.27693966954443	-4.36068108503074	-0.288125154522636
-3.44196703096495	-3.29319498049781	-0.22342736745872
-2.44622023772038	-1.71235239335462	-0.121546957817698
-1.50230916920118	0.173181531196841	0.00288345621785111
-0.755328595751883	2.12025833534506	0.132887320324109
-0.277670952983326	3.85113251029523	0.248856292655597
-0.0590120108631477	5.0766981465259	0.330137733937589
0	5.52036291020795	0.358797687993403
5.69408314664183	0	0.324685375681009
5.265567326108	-0.0569831596214875	0.300383161421038
4.09902740954697	-0.265491761388388	0.231755018262747
2.42313888760953	-0.727103646575121	0.132668575020512
0.487760309069765	-1.46761303535862	0.0173453832222421
-1.4572825193968	-2.43957151854828	-0.0983477550835799
-3.18342909877327	-3.52554819764328	-0.199368652405013
-4.47575449491238	-4.53153851682281	-0.270980167782012
-5.09232842744967	-5.14376000527204	-0.301588164366829
-4.7584507144918	-4.86091147970967	-0.284455790364401
-3.80986382710073	-3.64416806126897	-0.22115551406219
-2.70707535345466	-1.89188102222627	-0.120857908500159
-1.67040482430254	0.179012572415657	0.00189480209940199
-0.848634992948898	2.32025670253361	0.130716084194574
-0.317251476661637	4.24588670703709	0.246668097719866
-0.0688411380565438	5.63321174843901	0.328125597003962
0	6.14097408146624	0.356820000509214
6.21628166016602	0	0.315747012884656
5.73956059517412	-0.0646431327300517	0.292245521643522
4.45802064479232	-0.294565610400119	0.225601486758732
2.63985424994496	-0.795434137203048	0.129035215095586
0.550749452637295	-1.59520642603995	0.0173923467650802
-1.55442050645564	-2.64752959119302	-0.0945073697397681
-3.44284194285218	-3.83531021650119	-0.192500954717864
-4.89386130715283	-4.96279839231977	-0.262363025977576
-5.62178910730956	-5.68211630996864	-0.29257471438274
-5.24576329677105	-5.37155507812466	-0.276459831634234
-4.17700889599801	-3.9974296627405	-0.215750352581885
-2.96627357131968	-2.07297131956529	-0.118493886095537
-1.83835206695881	0.179307370068139	0.000890439222747595
-0.943302447155767	2.50962555344693	0.126676205513765
-0.358235120591772	4.62836889494312	0.240816378792074
-0.0787794861703655	6.18406345528264	0.321196469805686
0	6.7597027083143	0.349641673197379
6.72048335936028	0	0.302019313005889
6.19437711329609	-0.0721483941643094	0.279550597256629
4.80003448244211	-0.323413224665304	0.216011194927519
2.84485143402591	-0.862406413668664	0.123528240569294
0.610719473159313	-1.71844269605072	0.0171639557250195
-1.64637492232124	-2.84741299935819	-0.0893348495721328
-3.69218402193488	-4.13438805048535	-0.1827850715942
-5.30159484574986	-5.38376632184258	-0.249676737092581
-6.14977031219154	-6.21811811966958	-0.278877895687463
-5.7322011580492	-5.88611537191255	-0.264140392823715
-4.53916689985253	-4.34981892632645	-0.207058000660575
-3.2206562210224	-2.25417386812778	-0.114350158080539
-2.00366863601648	0.174244684685539	-9.81030781381432e-05
-1.03755814489744	2.68681078985944	0.12071258080006
-0.399818833666424	4.99360957917508	0.231138060407974
-0.0889945415441446	6.71930276026558	0.309285337907725
0	7.36710335533095	0.337118039880721
7.20054946544579	0	0.283575832011049
6.62534928532342	-0.0790297937880211	0.262404927827489
5.12168311137275	-0.351067083033943	0.202930470903922
3.03669279998764	-0.926429222086626	0.116090249218187
0.667037849947876	-1.83534523384778	0.0166187409786437
-1.73229149242769	-3.03643486979945	-0.082871476649771
-3.92765200100271	-4.41810780219233	-0.17027658859407
-5.69084652460729	-5.78640404147896	-0.233002886815266
-6.6627168445723	-6.73918055276293	-0.260528589134862
-6.2084469647083	-6.39362007928143	-0.247614153778287
-4.89101153105647	-4.69615062073219	-0.195002313865287
-3.46652851961893	-2.43312153108469	-0.108338146637019
-2.16368812324789	0.164140032446486	-0.00101910027689813
-1.12972044868152	2.84966747816967	0.112840664426488
-0.441504147601194	5.33539920076242	0.21755349876521
-0.0998079131457709	7.22737715249161	0.292329716257722
0	7.94965055179123	0.319182963924103
7.6466118821087	0	0.260585301007714
7.02513254515814	-0.0854034495610121	0.240984123435676
5.41840835711963	-0.377000446598378	0.186445348837345
3.21305520549858	-0.986263724256723	0.10672675032842
0.718864991165387	-1.94401827001462	0.015720407439361
-1.81121747259833	-3.21170619355534	-0.0751977763110715
-4.14537264917475	-4.68164632024669	-0.155118879381539
-6.05343253694479	-6.16243715168263	-0.21255490611931
-7.14767303366927	-7.23245584916464	-0.237824187008184
-6.66367572067759	-6.88137432808715	-0.227124623778009
-5.22619586568243	-5.03013739470828	-0.179634251965679
-3.69963218749854	-2.60670444978969	-0.1004364329459
-2.31545063471314	0.149747067507098	-0.00181626636343525
-1.21784193164603	2.99660348888323	0.103152945907501
-0.48238795848965	5.64872859660019	0.200203827200658
-0.111593560676632	7.6981872317572	0.270080263667755
0	8.49436771131294	0.295642558982338
8.04902403370645	0	0.233323728758017
7.38559755269953	-0.091442612633371	0.215543380063806
5.68511801564592	-0.400903239988968	0.166755175457075
3.37111272815164	-1.04093141374168	0.0955162388330454
0.765169756457869	-2.04271196071932	0.0144512938487086
-1.88224692218014	-3.37041433022093	-0.0664248915429008
-4.34174714575893	-4.92038690011164	-0.137525716651798
-6.38190871649549	-6.50415242458754	-0.188670757506821
-7.59263288042496	-7.68586278338605	-0.211169775593345
-7.08656659553867	-7.33671504780046	-0.202868941549475
-5.53778598286562	-5.34442397034936	-0.161081124215447
-3.91546113579791	-2.77121422429815	-0.0906626524045769
-2.45580886888269	0.132246951553942	-0.0024316696876065
-1.29969450535422	3.12665258718246	0.0917702189724834
-0.520867951641945	5.93053422287277	0.179261992995049
-0.123100963819209	8.12485501837349	0.242730949705079
0	8.9914619915083	0.266188265119124
8.3998957693563	0	0.201785196741658
7.70016262223148	-0.0974658677061198	0.186446971512319
5.91727104049334	-0.422540002535904	0.144135039288788
3.50811444092699	-1.0896092881263	0.0826036988809377
0.804874681575048	-2.12985708950903	0.0128161352087759
-1.94457682462898	-3.50993423469796	-0.0566900393765315
-4.5135110647015	-5.13003485530449	-0.117775490645511
-6.66978609641997	-6.80463611989942	-0.161727365549005
-7.98691821644136	-8.08845173797936	-0.181100269881294
-7.4665252643185	-7.74776386525176	-0.175153115151889
-5.81850332990306	-5.63081128150651	-0.139591448255513
-4.1092830909748	-2.92228465918837	-0.0790935738753278
-2.58157452596198	0.113175611065361	-0.0028200227550839
-1.37312874407165	3.23893098482231	0.0788453712195856
-0.55557774468686	6.17752643379216	0.154982048972426
-0.133622001022735	8.50133083881741	0.210600332254434
0	9.43278453872687	0.2312650656573
8.69358291622949	0	0.166313229997884
7.96475260436792	-0.102914242491866	0.153905033403448
6.11164464111333	-0.441377084720599	0.118959963106339
3.62174399543043	-1.13146780187191	0.0682004308884319
0.836975047354582	-2.20404545693044	0.0108452150866543
-1.99752846742411	-3.62792015274475	-0.0461489942905447
-4.65779295548645	-5.30673739481663	-0.096201496518838
-6.91146437658876	-7.05778208269247	-0.132209649459154
-8.32124422469358	-8.43055279830722	-0.148152292778556
-7.79430820141523	-8.10400474011481	-0.144369693974675
-6.06135979297926	-5.88129128667438	-0.115464540905562
-4.2763991130507	-3.05525735577523	-0.065864526896097
-2.68961649380451	0.09434407521987	-0.0029521194095326
-1.43614661173873	3.33262815634188	0.0645717848551271
-0.585510349814408	6.38572140535315	0.12771970057561
-0.142779383719915	8.82014158121699	0.174131513071124
0	9.80952111350693	0.191481933622622
8.92520785773248	0	0.127479498606669
8.17647726940375	-0.107317320034967	0.11837468964527
6.2656187536578	-0.456837563078918	0.0915700263352487
3.7098473465438	-1.16584559661702	0.0525392053416412
0.860271283388314	-2.26422464209892	0.00857722206083828
-2.040854391804	-3.72254130690971	-0.0349775131299052
-4.77242229774519	-5.44737545977523	-0.0731944449187286
-7.10206627331431	-7.25825297134384	-0.100651376969708
-8.58752463775249	-8.70361636883225	-0.112887847718527
-8.06194221815483	-8.39626475974685	-0.110977653433039
-6.2598349468973	-6.08821649008315	-0.0890505819454921
-4.41213110745508	-3.16507772422789	-0.0511505320526924
-2.77674171101299	0.0782524499708591	-0.0028052390559213
-1.48674239811813	3.40766879729942	0.0491852209507761
-0.609632977312963	6.55212663128066	0.0979392421738906
-0.150264266199135	9.07461287752369	0.134027659667823
0	10.1127555820346	0.147581801550718
9.08963184455892	0	0.0859224397449494
8.33105389085348	-0.110558362129211	0.0803749218235511
6.37537660110832	-0.468827912708185	0.0623616303355135
3.76948623174196	-1.19251822713956	0.035814404171366
0.872961270051517	-2.30991121474937	0.00602838107906682
-2.07479843990316	-3.79264029146808	-0.0233855129515805
-4.85590746205361	-5.54969682111555	-0.049178007282775
-7.23807126700951	-7.40213131620679	-0.0677083651567085
-8.77911452039049	-8.9008469886527	-0.075943860813302
-8.26206913984519	-8.6160519194782	-0.0754122992587262
-6.40765041233014	-6.2440359262285	-0.060709806644634
-4.5116920286254	-3.24605907041523	-0.0351306700546381
-2.83957195509457	0.0684985985876289	-0.00232747566392487
-1.52275542552768	3.46541987082194	0.0329957258023985
-0.626787571052197	6.67574682107455	0.066217286824203
-0.155643497967495	9.26129225484797	0.0911178324895512
0	10.3359388966898	0.100391223112811
9.1845351353375	0	0.0426441030415436
8.42506305800302	-0.11223499887198	0.0405487214272925
6.43823683207227	-0.476943602242489	0.0317154108062399
3.79986525540351	-1.21074422082903	0.0182103605302908
0.875568777852855	-2.3399488311759	0.00315660367880484
-2.09772418705171	-3.83653599352163	-0.0116362910766843
-4.90511225113598	-5.61095493635507	-0.0246122620210332
-7.31527769452727	-7.48545666835439	-0.033987207751582
-8.88915752258422	-9.01468782022184	-0.0377904203898226
-8.38989812068734	-8.75821455576238	-0.0384856721229376
-6.49992096688035	-6.34320929109929	-0.0308747484155448
-4.57153732001693	-3.29442576368487	-0.017971412896126
-2.87598049775555	0.066625204310984	-0.0013931306451346
-1.54308454932549	3.50558520484388	0.0164423980851445
-0.636488719494929	6.75510621826752	0.0332860562554328
-0.158757039159526	9.37873049169062	0.046269548392258
0	10.4743531175783	0.0508002810985082
9.22177588935554	0	0
8.46893156156448	-0.109958284280293	0
6.47868107697437	-0.474155484675955	0
3.83452143489152	-1.20844488786632	0
0.904232445899016	-2.33762864137743	0
-2.07633092262131	-3.83502926304478	0
-4.89410330511208	-5.61293293419772	0
-7.3180686699628	-7.49509353774338	0
-8.905926303521	-9.03383798831785	0
-8.4320642685797	-8.80529183348295	0
-6.53837061521162	-6.38979601003974	0
-4.60355972594131	-3.33270131238634	0
-2.90114807748004	0.0374582106943591	0
-1.56120274358564	3.48743835462728	0
-0.647905764423425	6.7514552196508	0
-0.163844489054781	9.39802908462392	0
0	10.5076832007348	0
