0	0	0
0	0	0
0	0	0
0	0	0
0	0	0
0	0	0
0	0	0
0	0	0
0	0	0
0	0	0
0	0	0
0	0	0
0	0	0
0	0	0
0	0	0
0	0	0
0	0	0
0.0120255635338768	0	0.0186224763125444
0.00711723988155785	-0.00246667510804566	0.0173119417497526
-0.00268798355291251	-0.00644129197486574	0.013723577933396
-0.0147983546358463	-0.0124001184979576	0.00837269825132084
-0.0282542811291543	-0.0206346731226475	0.001965849027899
-0.0410932464845501	-0.0306792612234589	-0.00459414473124444
-0.0509721904571125	-0.0411397896670745	-0.0103277531548713
-0.055821085775244	-0.0497798937889169	-0.0144221256999431
-0.0543886932235141	-0.0540075836150015	-0.0159470382620483
-0.0473135492504236	-0.0521020670045771	-0.0144995770134857
-0.0369420942891834	-0.0442802456816694	-0.0103780654558029
-0.0260164417129574	-0.032356677764597	-0.00453206107169455
-0.0164399758245331	-0.018740039618985	0.00220453741594358
-0.00926145652732986	-0.00600068198899617	0.00878486153707862
-0.00459296751279177	0.00364460714778919	0.0142157456128677
-0.00189139531285435	0.00813825755891162	0.0177060245391175
0	0.00807827300016802	0.0187552449271023
0.0665322858940993	0	0.0354547523570876
0.0525443104876223	-0.0050220915065955	0.0330943379126431
0.0252660917443686	-0.0139508624031627	0.0262335850179537
-0.0128084478662134	-0.0294276641211575	0.015884436853613
-0.0574708709050096	-0.0527926064114451	0.00348601196910183
-0.101764797444542	-0.082857729272384	-0.00917226119341977
-0.137732209765002	-0.115421354730596	-0.0201689962070342
-0.15852519673114	-0.143733401044587	-0.0277556587716428
-0.160104758248617	-0.159767871026651	-0.0305494280675468
-0.143246966245208	-0.157224715614681	-0.0279494950687497
-0.113957385060461	-0.134915197346246	-0.0203684592600722
-0.0805906837678868	-0.0972365324023244	-0.0091606896716228
-0.0501986877888238	-0.0516349765337243	0.00385689651121328
-0.0270036261224045	-0.00657102691090353	0.01664801246095
-0.0121484280098744	0.0301480960936502	0.0272782599508846
-0.00428696698460545	0.0515651048743209	0.0342163867330171
0	0.053131499603934	0.0366266854791085
0.161400790733018	0	0.0504764208561321
0.138578074186578	-0.00615743708460034	0.0470691562585925
0.0919052370446053	-0.0187733808031165	0.0371494721518134
0.0242543053351436	-0.0426416152279723	0.0221309848102866
-0.0562539060510596	-0.0801006411294173	0.00413862389144573
-0.137051496170925	-0.129070481851018	-0.0142052026072457
-0.204020654621465	-0.182275562963312	-0.0301071126781194
-0.244970989623289	-0.228031967356121	-0.0410178594509312
-0.253115930180685	-0.252946465262502	-0.0450524430128491
-0.229531086486728	-0.246316965667603	-0.041431749394208
-0.183768256972274	-0.205511415450486	-0.0306683593221417
-0.129548383052652	-0.137097033609664	-0.0145454926060083
-0.0793299226136367	-0.053919601254272	0.00432976978915196
-0.0409982091239839	0.02887667260031	0.0229831028148275
-0.0170011058766967	0.0971529038695367	0.0385752182353498
-0.0052362559431558	0.138683355771248	0.0488392923668821
0	0.144206871062779	0.0524449378719455
0.281290068704786	0	0.0638913252410781
0.250937298730832	-0.00673513296825124	0.0595059537816406
0.181910521923026	-0.0228465676980408	0.0467813780187021
0.0806355462586923	-0.0552663823176557	0.027515075396431
-0.0401649815654914	-0.107204117967525	0.00444816555921162
-0.161815334824519	-0.175479949579287	-0.0190480268109793
-0.263655728546538	-0.249481018786222	-0.0394012607082629
-0.327927424753426	-0.312339704750123	-0.0533620003180973
-0.344775121451036	-0.344887899754285	-0.0585818696461104
-0.315480359549098	-0.331709849597953	-0.0540857181856412
-0.253460679281278	-0.268791239292771	-0.0404704302598814
-0.17818913122815	-0.165229571276107	-0.0199160539217748
-0.107760102950178	-0.0395473118245715	0.00428447150817258
-0.0540531170924855	0.0857133450830317	0.0283221153417738
-0.0210315287686003	0.189209710454779	0.0485171244646006
-0.00575690587620922	0.253123901216444	0.061897473468203
0	0.266014348022827	0.0666169280437479
0.418214160520426	0	0.0758202152785071
0.38063861331966	-0.00734543939125525	0.0705536258938637
0.285989335933524	-0.0274412138488448	0.0553265091946221
0.146298374807044	-0.0695573140672305	0.0322848112643291
-0.020057711820156	-0.137713772709174	0.00472205642314397
-0.187597969717585	-0.227414601151545	-0.0233325197103859
-0.32859034267857	-0.324373775920074	-0.0476316836856763
-0.419353716327503	-0.406136849912365	-0.0643187462458778
-0.44651750038925	-0.447118063346583	-0.0706295566755049
-0.411341730039498	-0.426456860880913	-0.0653878069591009
-0.331518634504166	-0.3385217775234	-0.0492715965988703
-0.232971795943246	-0.19532309383939	-0.02479796821407
-0.140007414489051	-0.0215371856263674	0.00414402548993385
-0.0690281038072699	0.152012902600437	0.0330175371268548
-0.0258167373538469	0.295682343730943	0.0573866969331376
-0.0064904771237724	0.385620195830348	0.0736176814130655
0	0.409357810653025	0.0793650062226383
0.56982541816171	0	0.086294061467387
0.524069282779109	-0.00813055337723638	0.0802477537320624
0.400872240414383	-0.0327837442611819	0.0628339078738248
0.218122482716824	-0.0859057669020611	0.0365040330671616
0.000990945100065602	-0.172301966216143	0.00503775789521968
-0.217463436415593	-0.285958557119831	-0.0269718150303208
-0.401900119747328	-0.408593740257025	-0.0547073574446922
-0.5223360135324	-0.511748301475654	-0.0737954342417674
-0.561316071879709	-0.562679668007489	-0.0810894040375054
-0.51974025441706	-0.53412630920656	-0.0752292800713052
-0.420018219007837	-0.418506099910146	-0.0569630489744672
-0.295435419729252	-0.231297286281308	-0.0290836176045915
-0.17714903428472	-0.00385582892010134	0.00400965097168391
-0.0865907979060913	0.223956142665897	0.0371585908805934
-0.0316664076725233	0.413218139454776	0.0652587613927448
-0.00749399658337599	0.533473351508975	0.0840551722113717
0	0.570272494860708	0.0907198331706471
0.734939603525352	0	0.0953134403194986
0.679558129081102	-0.00905409635399331	0.0885893353597241
0.525347791578552	-0.038716860949774	0.0692975066407527
0.295560852906337	-0.103949557240147	0.040164019686345
0.0231065809398593	-0.210345304525607	0.00538383121016369
-0.250729406827364	-0.35022669597377	-0.0299825339268754
-0.48258588798297	-0.501087403416021	-0.060653140201754
-0.635821342625601	-0.628117974654636	-0.0818276388219273
-0.688253827007086	-0.690688653646204	-0.0900079146819646
-0.639846708756246	-0.654014445221585	-0.0836603544196682
-0.518112166746382	-0.508116665703184	-0.063571580409452
-0.364886015497936	-0.272814520488303	-0.0327929681722697
-0.218746991066125	0.0132899599088163	0.00386664578019692
-0.106494183705452	0.300856199040517	0.0407350428908156
-0.0384038794634041	0.541000290444234	0.0721261460111672
-0.00864821936899292	0.695832361534102	0.0932000584520493
0	0.746802715335746	0.100663012651467
0.911835263146845	0	0.102874328029867
0.845435935723089	-0.0100840954703161	0.095576105915743
0.658061442833604	-0.0451236929678412	0.0747076206779901
0.378070461259649	-0.123321770353563	0.0432468422837937
0.046707366388342	-0.251081523895711	0.00573711072281188
-0.286147982890434	-0.419006869899111	-0.0323953734903048
-0.568980105312199	-0.600342735413411	-0.0655032634226281
-0.758041171370009	-0.753607254756632	-0.0884577602733489
-0.825816637967721	-0.829669152905624	-0.097421838862691
-0.770232631200359	-0.784661984287245	-0.0907354019018267
-0.624438731396866	-0.6059733939286	-0.06913132997099
-0.440280318949948	-0.318918295825713	-0.0359545226880255
-0.264216674302029	0.0300107847595686	0.00368846346336909
-0.128477096145696	0.382070392918729	0.0437216038240025
-0.0458822509675988	0.678107346918209	0.0779694820033799
-0.00989647365572704	0.871464542672939	0.101038014422401
0	0.93717019919042	0.109190877511792
1.09840864115854	0	0.108986261311749
1.01980000558233	-0.0112373668793626	0.101208353447925
0.797223384450492	-0.0520135943780789	0.0790641068442905
0.46457743135282	-0.143830609471751	0.0457428426052063
0.0717799973927173	-0.293916010369153	0.00608227112350583
-0.322734818960781	-0.491203260196563	-0.0342279182957137
-0.65965702627555	-0.704943793252849	-0.069300437597025
-0.887613009173494	-0.8868965413761	-0.0937270489912412
-0.973076961070568	-0.978752876458964	-0.103331177625133
-0.909701351111462	-0.92498448403909	-0.0964724310207597
-0.737746979838481	-0.710842576833378	-0.0736800983077577
-0.520705380338933	-0.36892042470564	-0.0385789735007096
-0.313136375844595	0.0460214676557331	0.00346869601717223
-0.1524817197708	0.466396496200265	0.0461182274865519
-0.0542052506389611	0.822866538778823	0.0827772630926388
-0.0112978309644038	1.05867539642521	0.107567954241418
0	1.13980982664488	0.116299225284747
1.29246995153761	0	0.113657385192816
1.20069761441876	-0.0125140170274688	0.105489082228608
0.941010679827933	-0.0593853477048142	0.0823576946623396
0.553810459417559	-0.165359368634317	0.0476547234475549
0.0980391640403394	-0.338368841473393	0.00641017084660072
-0.359761056279933	-0.565857576196168	-0.0354904182892436
-0.753268543957128	-0.813578745174253	-0.0720443470195339
-1.02347042863425	-1.0267773587436	-0.0976615882359393
-1.12982965932645	-1.1374107041717	-0.107870152218264
-1.05740552008428	-1.07459273567464	-0.100848457610133
-0.856774650533578	-0.82161047452882	-0.0772161733362033
-0.605262613755607	-0.422254646188962	-0.040660351708138
-0.36509274925955	0.0608848855087314	0.00321200484103508
-0.178445700889249	0.552429982976096	0.0479033022415725
-0.0633827294175348	0.973232314640627	0.0865090058436205
-0.0128879450915291	1.25527402754275	0.112779069366523
0	1.35302710842505	0.122019474253953
1.4918566444803	0	0.116897772990564
1.38603632159158	-0.0139033671194016	0.108401539374825
1.08758531043885	-0.0671803389906463	0.0845541248434152
0.644613423676884	-0.187701762179983	0.0489625598342546
0.125243218017098	-0.383912281999355	0.00671128430135414
-0.396516301841764	-0.641992308312952	-0.0361924203705268
-0.848503048233587	-0.924918917533212	-0.0737461221750653
-1.1646034686188	-1.17221812674502	-0.100212930159793
-1.29549352046595	-1.30501232351508	-0.111089277950664
-1.2126202451386	-1.23296778502978	-0.103945234829714
-0.980266931510796	-0.937108669821469	-0.0797206293577386
-0.692986001320915	-0.478252457495185	-0.0421819876437772
-0.419611919407113	0.0741915504723976	0.00291997162100667
-0.20634501409077	0.638396106853744	0.0490463858744468
-0.0736610732518463	1.12650553344078	0.0890945088615198
-0.0148025561202613	1.45885918953873	0.116629206462311
0	1.57486247176716	0.126290580564251
1.69408260147574	0	0.118688353734549
1.57313724456992	-0.0155171006171508	0.10992021226878
1.23463617557564	-0.0754619724419444	0.0856161151187298
0.735706289184753	-0.210640484895589	0.0496213418220311
0.153189229001692	-0.429955914499065	0.00696769972065966
-0.432255608410959	-0.718561507217589	-0.0363420890741051
-0.94386924262511	-1.03744683846035	-0.0744011691622854
-1.30979034807091	-1.32176181404699	-0.101439345084683
-1.46886942445191	-1.48096907474273	-0.112861085845809
-1.3741528061792	-1.39883496326613	-0.105782981644749
-1.10690391115428	-1.05595809345598	-0.0811761153795243
-0.782858944236813	-0.536110942447249	-0.0431286162440131
-0.476179041400976	0.0856748601083289	0.00259777572060292
-0.2361429917701	0.722742678449089	0.0495434748707436
-0.0853625067517853	1.2798218707731	0.0905822933642299
-0.0177106325035497	1.66602538786447	0.118994997903076
0	1.80291493604237	0.128983283716564
1.89640805545938	0	0.118849612007654
1.7591039989894	-0.0177785687723752	0.110063948538593
1.37937701564893	-0.0845011357387242	0.0855332349085702
0.82548285440958	-0.234106702861743	0.0496050338787048
0.181498902622094	-0.475979406005089	0.00715255976619002
-0.466381468178465	-0.794591915143073	-0.0359604913910235
-1.03795614807575	-1.14973248198245	-0.0740151772486824
-1.45700871210508	-1.47362192523947	-0.101306044397424
-1.64835584044876	-1.6635218126036	-0.113140156410254
-1.54053352975191	-1.57062517647735	-0.106240531321238
-1.23528607464469	-1.17671798499294	-0.0815609078798366
-0.873824000899759	-0.595016432464699	-0.043493231969898
-0.534152247280488	0.0952816226875358	0.00225123997785674
-0.267593530412163	0.804381075124913	0.0493910541191598
-0.0983424872762959	1.43180123825964	0.090947881677161
-0.0211594031305051	1.87430520734221	0.11978931288656
0	2.03393299780014	0.129899063268788
2.09609343907709	0	0.117249676383099
1.94165878561728	-0.0204707475877267	0.108690555637573
1.51980214914572	-0.0942923395282902	0.0843523838752376
0.912439878351313	-0.257967797933605	0.0489150684130961
0.209611487107214	-0.52151872649025	0.00724426352692987
-0.498612619208802	-0.869227549161804	-0.0350754313024004
-1.12963018237287	-1.26041971857486	-0.0726023567900343
-1.60441376531737	-1.62592691553237	-0.0997880495513144
-1.83196235349095	-1.85041634429192	-0.111833105112873
-1.70991400133758	-1.74661317061976	-0.105186805840651
-1.36404955683729	-1.29829954964514	-0.0808479522337067
-0.964842148018842	-0.654392111867105	-0.0432746356324579
-0.59275151278578	0.103077129973242	0.00188130245691539
-0.30015538460375	0.882746597582206	0.0485752808008057
-0.112230786061612	1.58126669329371	0.0900715251505183
-0.0246819484905276	2.08303267676187	0.118891009184572
0	2.26628608156592	0.12897038467694
2.29102211509627	0	0.11389110719945
2.11901003101941	-0.023213734056502	0.105642736597586
1.65500191190915	-0.104530086695635	0.0820551295042788
0.995636421277017	-0.281898455161499	0.047550314147674
0.236988873455163	-0.56607864332596	0.00722787556580269
-0.5289237564622	-0.941689141349366	-0.0337080372616867
-1.21808477700407	-1.36824538566132	-0.0701595419302499
-1.74982327374193	-1.77634808591229	-0.0968126449456635
-2.0175639272766	-2.03904767713729	-0.108879558466492
-1.88029025425563	-1.92522637809695	-0.102555383378405
-1.49181764796333	-1.41986372406988	-0.0789935642526858
-1.05489418259192	-0.713874327366661	-0.0424581540568102
-0.651134602158864	0.109082496482391	0.00148738713944526
-0.333124180294344	0.957473677122927	0.0470671121845257
-0.126577746662511	1.72670112403723	0.0878642878509658
-0.0282385644947829	2.29040440197986	0.116214367323398
0	2.49880732160551	0.126160469441543
2.47976560892271	0	0.108819172278919
2.28966130602262	-0.0258980324001294	0.10096003558257
1.7841342859587	-0.114683957618957	0.0785159927439103
1.07455123997286	-0.305340426113758	0.0454987868553339
0.263229351826028	-0.60905311212841	0.007098843050464
-0.55725855645726	-1.01112465839806	-0.031864646046442
-1.30248129180065	-1.4718434343432	-0.0666727065719947
-1.89064602611474	-1.92224959473109	-0.0923235053991145
-2.20150697741349	-2.22564610204096	-0.10418157089314
-2.04925722818093	-2.10413122299385	-0.0983278690781732
-1.61710763817682	-1.54034255947993	-0.0759364021611561
-1.14289765391273	-0.773049778413212	-0.0410052563997071
-0.70845063857236	0.113244730657446	0.00108029410386744
-0.365883855093687	1.02788583800141	0.0448463576919452
-0.141097511086215	1.86618282035464	0.0842703835333644
-0.0318862275796845	2.49266700425948	0.111748803734598
0	2.72789711072974	0.12143145503517
2.66000882237415	0	0.102067028810421
2.45180937422369	-0.0283558004556165	0.0946844320349536
1.90586944253241	-0.124410550890609	0.073716946519529
1.14858092073794	-0.327735399997721	0.0427400684441551
0.28801216547439	-0.649763909107634	0.00684247929544216
-0.583428319193805	-1.07659990647574	-0.0295598522701314
-1.38160566154268	-1.56965478852093	-0.0621587552839462
-2.02413917029331	-2.06091060031641	-0.0863357325498828
-2.37907402255108	-2.40585334160445	-0.0977125541179536
-2.2136062172373	-2.27952622196349	-0.0925173299762199
-1.73811484460088	-1.65801862407342	-0.0716403780587679
-1.22760469562467	-0.831206694976155	-0.0388822765080795
-0.763792193352374	0.115544974612672	0.000678585649399216
-0.397857115186384	1.09306438193698	0.0419187944089257
-0.15561943396287	1.99727490450738	0.0792645763331562
-0.0357397937258012	2.68537660880184	0.105484741823141
0	2.94833258460078	0.114778767820823
2.82797073878255	0	0.0937036346231003
2.60259688085352	-0.0306323290265792	0.0868847028646866
2.01841914825228	-0.133526428152119	0.0676913456702867
1.21678758135857	-0.34865165813477	0.0392770698386349
0.310940656836115	-0.687561725760054	0.00644614991589197
-0.607218095758625	-1.13715231189724	-0.0268223954438605
-1.45425939305388	-1.66010098284451	-0.0566670767085707
-2.14762126135214	-2.18960879036401	-0.0789146412684972
-2.54588691204041	-2.5753417967251	-0.0895473865786232
-2.36971292000496	-2.44711959572697	-0.0851810072401981
-1.85273493159057	-1.77085851692427	-0.0661140073295517
-1.30759263517518	-0.887398846862789	-0.0360789506141295
-0.816156977006524	0.116110431540513	0.000303178897163237
-0.428378182871879	1.15227843018086	0.0383183995908033
-0.169833617467302	2.11795412201236	0.072900400693976
-0.0399366586173355	2.86457541864077	0.0973401142161597
0	3.15505571214843	0.106147396889396
2.97989999628551	0	0.083833445172657
2.73884199139498	-0.0327926044522946	0.0776572741586701
2.11978265179777	-0.141925993719471	0.0605135874914248
1.27804242908686	-0.367750660458314	0.0351394265818068
0.331547098942859	-0.7218498724101	0.00590422538729263
-0.62843470454581	-1.19185170752417	-0.0236920523019989
-1.51936911662274	-1.74169970844635	-0.0502736811561972
-2.25874157568838	-2.30588228241717	-0.070175388265182
-2.6980008137886	-2.73015630775542	-0.0798087454507012
-2.51386977493901	-2.60273156998679	-0.0763630295819331
-1.95871482687121	-1.87651227946561	-0.0593930738443428
-1.38137622984756	-0.940494732007651	-0.0325985346987152
-0.864484222959157	0.115215632085032	-2.36886165561698e-05
-0.456684204288985	1.20502468115614	0.0340897024617419
-0.183182864621949	2.22691495790996	0.0652413173527542
-0.0440255465335183	3.02751036950447	0.0873888985774127
0	3.34420855840522	0.0954324806100435
3.11268586926471	0	0.0724535988590059
2.85794244919345	-0.0349541656339174	0.067134934692572
2.2081660170506	-0.149529934294422	0.0522843543063396
1.33124449918267	-0.384749564906916	0.0303807458977321
0.349348252254782	-0.752096296645782	0.00521939910900606
-0.646921167423209	-1.23983634020412	-0.0202179940964973
-1.57599120656414	-1.81309348416069	-0.0430791770306416
-2.35553076567317	-2.40758990215962	-0.0602524206141084
-2.83200696116862	-2.86681135085917	-0.0686781273197046
-2.6426855091068	-2.74252221698363	-0.0661560068019211
-2.05372477529766	-1.97237067040177	-0.0515587880839809
-1.44741189021312	-0.989147497165652	-0.0284654386692677
-0.907705012959286	0.113260891998697	-0.000283797707848631
-0.482042281100363	1.25082884428523	0.0292891875770934
-0.19519525586578	2.32276126362865	0.0563800959079972
-0.0477534098942468	3.17172531199021	0.0757482084332304
0	3.51253504065062	0.0827991112672747
3.2240695831482	0	0.0596848714938009
2.95826140313245	-0.0369149398256788	0.055390941867243
2.28228126311575	-0.156150238736202	0.0431390897673024
1.37545993256157	-0.399362245301141	0.0250783652166718
0.363893047153945	-0.777825134376463	0.00440378784750283
-0.662558375095127	-1.28034158735821	-0.0164561363962683
-1.6233165835447	-1.87307989559907	-0.0352053696375384
-2.43634746916401	-2.49288815342785	-0.0493246534656665
-2.94502685763685	-2.98231401661125	-0.0563502056881822
-2.75326538597496	-2.8631536093183	-0.0546953662014836
-2.13556053681997	-2.05591214168722	-0.0427145644288863
-1.50418121391928	-1.03191432506559	-0.0237256970325859
-0.944774496362968	0.11074891065339	-0.000464269985145719
-0.503775267541424	1.28924298292746	0.0239883115577731
-0.205528304503305	2.40382482843907	0.0464460065170189
-0.0509853023235934	3.29419866967961	0.0625794302636313
0	3.65647979755008	0.0684701871676823
3.31207573833648	0	0.0457290605200947
3.03862486578895	-0.0385048460309108	0.0425873457743114
2.34107518022603	-0.161582455965124	0.0331995891243035
1.40982144533494	-0.41136151606635	0.0193170939134059
0.374666403898705	-0.798684282302075	0.00347262801811961
-0.675372142114448	-1.3127791173241	-0.012469729243304
-1.66076895134172	-1.92070295878662	-0.0267963829547673
-2.49978871824255	-2.56019187857763	-0.0375936306833644
-3.03462557360418	-3.07408876949452	-0.043041217303924
-2.84315464546205	-2.96175358911917	-0.0421522227860706
-2.20218937013193	-2.1247420847133	-0.0329869883044281
-1.55017675603758	-1.06719972737796	-0.0184404080403167
-0.974627000618977	0.108447043969504	-0.000554089405654977
-0.521204945986646	1.32009943227517	0.0182741958904192
-0.213833951027254	2.46880708853379	0.0356065675115331
-0.0536124181321873	3.39220812909856	0.0481347172212624
0	3.77243739663588	0.0527133064118578
3.37461153937739	0	0.0308104600206541
3.0973426888647	-0.0396786567176342	0.0289086889340308
2.38304829483739	-0.165793300527166	0.0226079143901029
1.4331791245955	-0.420671642820804	0.0131675803050578
0.380942730219297	-0.814518013777856	0.00243300480528781
-0.685549459176265	-1.33678912569957	-0.0083344852395355
-1.6879834291138	-1.95529020969742	-0.0180094034418109
-2.54488824875093	-2.60837488264219	-0.0253103146157663
-3.09886295365362	-3.14016780595107	-0.0290076385263506
-2.91009562503945	-3.03566523079459	-0.0286998654520544
-2.25165478201394	-2.17647530825686	-0.022511180158241
-1.58384466966817	-1.09314756378294	-0.0126730949116328
-0.996129131371996	0.107549404633068	-0.000531278433520194
-0.53359960258681	1.34378358439437	0.0122612411762347
-0.219724340883204	2.51717281571559	0.0240689739630593
-0.0554852102928867	3.4642926389626	0.0327078919034281
0	3.85774939166017	0.0358200351646669
3.41071190893139	0	0.0152846480475471
3.13310165684934	-0.0402836748444947	0.0145821064701485
2.40716847430236	-0.168631581334927	0.0114987940105322
1.44522492156327	-0.427024617828021	0.00669611612411672
0.38289872993482	-0.824920775248238	0.0012706497079507
-0.692543948707525	-1.35181004471612	-0.00414527820009079
-1.70393766259956	-1.97596426813664	-0.00901503915705571
-2.57036781852444	-2.636250200124	-0.0127112334319698
-3.13575615026866	-3.1783430822642	-0.0144509684520934
-2.95268811002965	-3.08338726737143	-0.0146645277671231
-2.28244992776707	-2.20939846173624	-0.0114551792937223
-1.60404427491764	-1.1085605393387	-0.00648491667317263
-1.00858191545334	0.108500717973574	-0.000347204093373952
-0.540603623851358	1.36005306937018	0.00611134928415265
-0.22305930097566	2.54817919277693	0.0120968861621394
-0.0565640769230242	3.50972679464042	0.0166040507894805
0	3.91046550278066	0.0181030590323742
3.42498706959285	0	0
3.14996597780445	-0.0394581324913259	0
2.42275747066602	-0.167601423911261	0
1.45863213014455	-0.426139105951416	0
0.394142107412747	-0.823952235637825	0
-0.683888560011423	-1.35101384908558	0
-1.69906343741801	-1.97629853273461	0
-2.57074963357087	-2.63937595359901	0
-3.14183171783721	-3.18535954475295	0
-2.96683550897655	-3.09932028765422	0
-2.29540019796019	-2.22534181940382	0
-1.61509236872867	-1.12207145356578	0
-1.01739595292251	0.0979122112829653	0
-0.546982996215395	1.35333424545164	0
-0.227094913799144	2.54673167088411	0
-0.0583959507387961	3.5167485660714	0
0	3.922464623956	0
