0	0	0
0	0	0
0	0	0
0	0	0
0	0	0
0	0	0
0	0	0
0	0	0
0	0	0
0	0	0
0	0	0
0	0	0
0	0	0
0	0	0
0	0	0
0	0	0
0	0	0
0.0545985096552194	0	0.082600090469998
0.0327929313676045	-0.0110389193484595	0.0766649402457858
-0.0119225232216705	-0.0289549727454346	0.060413214556895
-0.0673341518781211	-0.0559453020458339	0.0362491419978173
-0.128276548561803	-0.0930982592756676	0.00745796776249998
-0.185538138456114	-0.138018080915113	-0.0218452388551687
-0.228832064249009	-0.184344054831394	-0.0473016361144835
-0.249498000711713	-0.222289992550756	-0.0653895889649262
-0.242466690215519	-0.240672673434099	-0.0720876772322698
-0.210835037930585	-0.232197835599243	-0.0656740543758315
-0.164924571190331	-0.197907077956894	-0.0474548884171606
-0.116651669665538	-0.145647847339326	-0.0215721080499706
-0.0741329504514127	-0.085524313700471	0.00837468930462944
-0.0419411827343513	-0.0284503439259596	0.037785868804988
-0.0207909754044239	0.0156266699176251	0.062203042540934
-0.00854309403245379	0.0367453096672338	0.0779830339717388
0	0.038198334162782	0.0827882272696101
0.299661608618803	0	0.157401588592422
0.237295333106574	-0.0225117014934512	0.146627489478511
0.112633591893753	-0.0629498234277375	0.115474009612023
-0.0611378506409515	-0.133237535984864	0.0687079699452788
-0.262987926470629	-0.238778134435692	0.0130703023756623
-0.460691744841736	-0.373398619775451	-0.0432500917171701
-0.619204329661008	-0.517948662265282	-0.0917394915689664
-0.709520064492851	-0.642811743698331	-0.124912301368065
-0.714985859917398	-0.713207114330605	-0.13700679186811
-0.639633378762275	-0.702016449092873	-0.125587983490095
-0.509799982154562	-0.604092547321294	-0.0924040383013826
-0.361971263044964	-0.43843026957466	-0.0431431924788811
-0.226655105692539	-0.23648966794517	0.0144654215036161
-0.122472815597854	-0.0345279633742666	0.0715306895624515
-0.0551394318307804	0.132475749221736	0.119338840216999
-0.019414876862423	0.231456664703125	0.150750932076427
0	0.24283239869584	0.161697749551595
0.725042727235084	0	0.224537813522183
0.623013324091999	-0.0276393587972611	0.208886257442987
0.40899056071047	-0.0851081454704905	0.16369302119092
0.0997520725362566	-0.194049556197704	0.0956571264428066
-0.264235344208864	-0.363768253250659	0.0147860559254609
-0.624605645932197	-0.583219008466157	-0.0668762737467628
-0.919228248619637	-0.819038484424377	-0.136951408996045
-1.09681230992403	-1.02005210905903	-0.184577633193523
-1.13000873124047	-1.1287623759625	-0.202003543135171
-1.02474286177103	-1.09956007973243	-0.186145689401511
-0.822620626224085	-0.921125001615775	-0.139133264601439
-0.582915089640467	-0.621104817536753	-0.0683355786477773
-0.359373646743392	-0.253268372265891	0.015231364881916
-0.186887616528743	0.117712775515019	0.0985882324874691
-0.0776704852837828	0.42849380522224	0.168894297386448
-0.0238209683859991	0.621007381933848	0.215500397176566
0	0.65292277811539	0.231849305732919
1.2617598890564	0	0.284848829908863
1.12540427748333	-0.0302979828436732	0.264631352580051
0.80818612992445	-0.10412201046701	0.206459379331036
0.344727888533156	-0.252824022323934	0.118944543545504
-0.201631225551667	-0.488912391514999	0.015064751121993
-0.743889933826209	-0.795262323949245	-0.0896464490337791
-1.19113283670604	-1.12286977114809	-0.179352126215712
-1.46920782763507	-1.39796409252226	-0.240255142784622
-1.53919130967587	-1.5389693194525	-0.262789070076381
-1.40867219963257	-1.48087126136896	-0.243144991715536
-1.13568090058316	-1.2065517375645	-0.183749703450976
-0.803530065980077	-0.753497802178157	-0.0935004941414163
-0.489980881895111	-0.198445782614721	0.0137596156555194
-0.247758800531468	0.362687622240107	0.121403783422934
-0.0967733298138724	0.834284487744523	0.212717777074061
-0.0263097401185229	1.13153321752318	0.273648817910077
0	1.19914631913599	0.295095525247921
1.87370179437746	0	0.3387847054348
1.70377148869604	-0.0331432880911904	0.314442500326777
1.26827529846095	-0.125719696289553	0.244583930645841
0.628743591769354	-0.319738358085281	0.139639783134377
-0.123847287877631	-0.630582871641897	0.0153000682963068
-0.870564903351228	-1.03386348857668	-0.109807667079911
-1.48922307618917	-1.46314733121789	-0.216854235165962
-1.88143704548717	-1.82020868824081	-0.289539958498723
-1.99511584620249	-1.9968335593255	-0.316730868732981
-1.83862815223874	-1.90572691917931	-0.293901882544508
-1.48800834080081	-1.52301897704504	-0.223748443892664
-1.05339784625028	-0.897464934032082	-0.116381043948698
-0.639024323227192	-0.130493604053746	0.011966612517725
-0.317987227052219	0.646983757738602	0.141502880939542
-0.119516256029565	1.30210747307522	0.251986889974129
-0.0297686603134059	1.72097513930832	0.326122295811006
0	1.83964972075857	0.352363168772636
2.54970936814255	0	0.386459475270347
2.34136031767323	-0.0368160367954168	0.358434385233529
1.77413490968801	-0.150942799319662	0.278255168947528
0.937506672838707	-0.39662925116224	0.158011633107658
-0.0449580357821573	-0.792009917296809	0.0158437516836082
-1.01884425406338	-1.30434803153468	-0.126933316782802
-1.82807389425063	-1.84800505229236	-0.248971252261315
-2.34835550114266	-2.29824138610402	-0.331895876986822
-2.51222316925478	-2.51712822025406	-0.363205583574158
-2.32745842008282	-2.39121804907887	-0.337788908950941
-1.88981799572188	-1.88851119091523	-0.258542720309918
-1.34004847397193	-1.07125734096341	-0.136446634835299
-0.811665851347152	-0.0676056124618707	0.0103098106051684
-0.400682406464931	0.953193116408277	0.159261156911341
-0.147310605018125	1.81651734247715	0.287005801500878
-0.034465460330754	2.37646058672857	0.3731496266532
0	2.55590657038103	0.403750599897707
3.28369246923763	0	0.427861943814826
3.03003858296994	-0.0411528020061615	0.396587664085709
2.31981009968601	-0.179098451323386	0.307434927626942
1.26816867636701	-0.481933217909373	0.174020835973688
0.0352396058252084	-0.970567921598661	0.0166495045498174
-1.1861485971088	-1.60311391423133	-0.141092525115772
-2.20387917905859	-2.27333061534132	-0.275808290732238
-2.86602754091164	-2.82810777454859	-0.367468071891217
-3.08720375982731	-3.09671329810493	-0.402394040839927
-2.8722571313027	-2.93503037382153	-0.375000904796685
-2.33805219434581	-2.30104690263946	-0.288234129482089
-1.66091973776597	-1.27408411162704	-0.153776168208134
-1.00625040717154	-0.0112632393314732	0.00872872220799677
-0.494858391623776	1.27774835598671	0.174632659074508
-0.179396257056388	2.37321566914408	0.317742652642819
-0.0398698228680169	3.09329426328103	0.414693103652288
0	3.3383017960398	0.449155966341053
4.06720338529139	0	0.462938547925634
3.76175748452687	-0.0460080824348565	0.428858728509906
2.89881786637842	-0.209665420804325	0.332059868033636
1.61800149860639	-0.574037508227428	0.187584290826691
0.118344956577542	-1.1629525372983	0.0176169172861399
-1.36728103112953	-1.92500675524159	-0.152427827360124
-2.60974694976938	-2.73285671260165	-0.297535552805307
-3.42721326343396	-3.40314027627874	-0.396467249252146
-3.71395881031145	-3.72968733069616	-0.434468512045516
-3.46733988492603	-3.53137703745688	-0.405787166394251
-2.82728602036792	-2.75523181129876	-0.312983298998371
-2.01183673916456	-1.50235010652929	-0.168497755266441
-1.22044635210862	0.0385055379447916	0.00710959074870042
-0.599470968525391	1.61729703035574	0.187503349786544
-0.215149676132659	2.9674517096192	0.344104848025766
-0.0457282667925931	3.86514506930851	0.450677985151455
0	4.17806121987961	0.488533092912599
4.89020786826765	0	0.491678085373573
4.52755254203562	-0.0514538631226558	0.455202932028629
3.50290425752999	-0.242682730467212	0.352096411993623
1.98209463950939	-0.672087122940147	0.198648469398949
0.204195538155561	-1.36655143714449	0.0186794364714017
-1.55810589547144	-2.2653159696238	-0.161023976941551
-3.03982872324788	-3.22070780134242	-0.314365013982361
-4.02645386956005	-4.01814886888318	-0.419097756565536
-4.38912033304671	-4.4129809364089	-0.459421519430068
-4.1081226548434	-4.17622073911348	-0.430232720396749
-3.35259147356794	-3.24633723284006	-0.332972572826613
-2.38916796466835	-1.75357882968053	-0.180659497863656
-1.45261876280748	0.0800462569277506	0.00542998615251369
-0.714383526317692	1.96613576137698	0.197866185041146
-0.255078473742996	3.59126018523707	0.366015719333192
-0.0523069667211192	4.68373770081335	0.481067333084165
0	5.06742591394112	0.521828489742456
5.74243240508749	0	0.514054090998107
5.31836725210611	-0.0574857428192171	0.475581391827918
4.12381365505715	-0.278135090507126	0.36746605732769
2.35484525044264	-0.775531949303925	0.207212008086422
0.291611727107606	-1.57919303612652	0.0197975909311954
-1.75547160698827	-2.61985004171863	-0.166932287520461
-3.48857423460496	-3.7314218593927	-0.326319258954457
-4.65980450938075	-4.6685297141027	-0.435495692129767
-5.11277623049892	-5.14527375024628	-0.477827988610843
-4.7917733076269	-4.86883233994593	-0.448220999658472
-3.90898713640036	-3.77018676291921	-0.348212059948837
-2.78926721133127	-2.02570377990802	-0.190235597521281
-1.70110394676601	0.111222914219178	0.00371822720074633
-0.83941481693044	2.31785118796199	0.205615331817851
-0.29927071833767	4.23518531653357	0.383256444511742
-0.0597721423573883	5.5387362841178	0.505757040857142
0	5.99816957528763	0.549134265173252
6.61389543979615	0	0.530045868123256
6.12469068540813	-0.0640508151735834	0.48986000850874
4.75338491320755	-0.315741110824235	0.377975687848311
2.73132524516234	-0.883379923934507	0.21317240760929
0.379801942911412	-1.79839879613694	0.0209294587031349
-1.95612231864279	-2.98419913339729	-0.170202858749946
-3.95051549705249	-4.25937663092097	-0.333476672608591
-5.32364927648109	-5.35054633658689	-0.445463890134697
-5.88346707669066	-5.92494310195586	-0.489905010615256
-5.51613744240089	-5.60803691836021	-0.460111315260214
-4.49149173776575	-4.32234070155439	-0.358640868229908
-3.20805204675046	-2.31600452374773	-0.19715513920948
-1.96385568081473	0.130285582466957	0.00199019165979901
-0.974520832797018	2.66465904044114	0.210602714929302
-0.34888462401145	4.88714378801475	0.395457497366458
-0.0687389869307877	6.41906661013252	0.524487929852232
0	6.96103201901232	0.570111289139984
7.49344761840539	0	0.539492938264008
6.93468801382733	-0.0716503087139479	0.497849030527044
5.38163093904372	-0.355762141473112	0.383408560662338
3.10626383456838	-0.994548198299935	0.216312018894444
0.468340713378991	-2.02131074202538	0.0219941374438649
-2.15643660589049	-3.35348954373981	-0.170881890041519
-4.41922498557245	-4.79794082515646	-0.335855397580741
-6.01341871373953	-6.05853605927785	-0.449307150073367
-6.69703524359864	-6.75063618284054	-0.495094881327709
-6.27692465232265	-6.38925173647999	-0.466028798499261
-5.0947145489378	-4.89729546971794	-0.364216236811884
-3.64103719122357	-2.62091031769249	-0.201356827144582
-2.23849442312982	0.136431238880425	0.000278618473578387
-1.11951302884024	3.0000884228249	0.212803679391859
-0.405403855378533	5.53463893305315	0.402780562501342
-0.0822250126991558	7.30955941910133	0.536601334174551
0	7.94500690728394	0.584090829585846
8.36908712460337	0	0.541510068424595
7.73581833531394	-0.0821859405953276	0.499557041463238
5.99677011859522	-0.399390812799667	0.383663336771316
3.47319600024812	-1.10858462570189	0.216495082229314
0.556226184517938	-2.24530031207896	0.0228690496044939
-2.3532295628912	-3.72302684402133	-0.169072533014608
-4.88839822162311	-5.34067962556608	-0.333519390538959
-6.72078037469165	-6.78515917082273	-0.44694969588715
-7.54741384637415	-7.61565316045223	-0.493274181323666
-7.06855453020401	-7.20652299337753	-0.465492700646846
-5.71275234700604	-5.48908891725504	-0.364883326874106
-4.08337012431615	-2.93653615275642	-0.20281737299516
-2.52191413926175	0.130080859146464	-0.00138176387609465
-1.27319059548276	3.31990111768828	0.21220053493839
-0.468152488975847	6.17180271612692	0.405091157030955
-0.0982032863503321	8.19923656664636	0.541632377984764
0	8.93552716228926	0.590062473983961
9.22898912802956	0	0.535429392644185
8.5182994300193	-0.0946852448575095	0.494291637910028
6.590519901579	-0.446558180085968	0.378919606606174
3.82624707344152	-1.2247212455818	0.213712909470427
0.641798441731546	-2.46793268336296	0.0234545737005442
-2.54452590354501	-4.08852863475753	-0.164904674094746
-5.35271146666492	-5.88129292375758	-0.32656640346623
-7.43800068620694	-7.52251764772408	-0.438368010709855
-8.42670782163957	-8.51099292652133	-0.484146894386939
-7.88363518467751	-8.05307516815483	-0.458010401220447
-6.33974183166254	-6.09314438614761	-0.360558106790882
-4.53014287153247	-3.25982492490011	-0.201535505516913
-2.81026764947052	0.112365439286748	-0.00297869789158878
-1.43294981689433	3.62227466606188	0.208733634445971
-0.535454750920349	6.79363402775001	0.40182882119785
-0.114552548284229	9.08490430704729	0.539010408983968
0	9.92492531202427	0.587664440487678
10.0640770840916	0	0.521208100572052
9.27452288919844	-0.107441487585186	0.481310068966217
7.15935500470238	-0.495812257602618	0.369087739207074
4.16199461712728	-1.34130288768634	0.207953858330019
0.723550387841051	-2.68659904272598	0.0236813539010141
-2.72932719610883	-4.44596369317009	-0.158474587098097
-5.80795474451665	-6.41365302747025	-0.315008553177631
-8.15541118106561	-8.26023114639779	-0.423355915251649
-9.32623530689052	-9.42589905153444	-0.467612191242973
-8.71393790296184	-8.92263699044585	-0.443394748912978
-6.96955630644175	-6.70569150171805	-0.351079931451549
-4.97640498039428	-3.58844976563647	-0.19744559795478
-3.09935122418869	0.0843331555043379	-0.00450617184676485
-1.59538179906795	3.90637501024291	0.20227719157642
-0.605275805472691	7.39382545626425	0.392566750134214
-0.131100192412213	9.95863380417483	0.52828499203324
0	10.9078994246418	0.576689100986838
10.8682065224508	0	0.499014509509855
9.99830336652292	-0.119949294869165	0.460766674149503
7.7000811776407	-0.544684126092143	0.353598589671005
4.47878161310397	-1.45561777962679	0.199161871959766
0.800553111099781	-2.89817775859407	0.0235269293564955
-2.90635181947463	-4.79085533453814	-0.149812166349498
-6.24930258875741	-6.93078941930055	-0.298810596969258
-8.86066356482134	-8.98572369881494	-0.401805477404709
-10.2293525657087	-10.3432403893304	-0.443532157441492
-9.54865396907386	-9.80467453741417	-0.421746475620783
-7.59513835885205	-7.32134621171632	-0.336224411721353
-5.41671025893191	-3.919562250811	-0.190377467340718
-3.38484326640391	0.0468289838262816	-0.0059073414933192
-1.75743368818613	4.17017007076005	0.192743620200555
-0.676265726525103	7.96474159869531	0.377025349168322
-0.148137300949952	10.8047293700098	0.509298877199727
0	11.8697070993233	0.556843529056102
11.6316839382721	0	0.46894590391067
10.68244530967	-0.131426710285825	0.432825504511275
8.20755170718593	-0.591549958368142	0.332358903323542
4.77459327951042	-1.56495830084288	0.187241028040864
0.872203978156152	-3.09921512080537	0.0229224664361249
-3.07357354310399	-5.11821709462023	-0.138986345646224
-6.66971138284349	-7.42437148452008	-0.278084026768617
-9.53965889913223	-9.68503008554486	-0.373936249441715
-11.1131129082522	-11.241648307366	-0.412163185391739
-10.3718792235	-10.6805402363911	-0.393416612183311
-8.20723859071284	-7.9309386875083	-0.315914753229012
-5.84455490911409	-4.24859264561887	-0.180193417988778
-3.66205352894032	0.00101362621106548	-0.00709448637965584
-1.91617343803408	4.41076560276457	0.180159434378085
-0.747554803545477	8.49695677216713	0.35506175528957
-0.166200114457816	11.6052783327077	0.481901726126756
0	12.7894679275616	0.527948290483669
12.3391568727578	0	0.431253414020369
11.3156830118044	-0.142050282231917	0.397757860438803
8.67481745698559	-0.635511546792627	0.305502119842204
5.04600644654313	-1.6672025781815	0.172196514851649
0.937564228398375	-3.28638740605672	0.0218065289290422
-3.2287259392915	-5.42282489699197	-0.126131377021067
-7.06173544964536	-7.88557564565057	-0.253082964208322
-10.1776259477036	-10.3432715621488	-0.340180020105796
-11.9548599604908	-12.098605875732	-0.374193742688374
-11.1645127034255	-11.5280205949608	-0.358990036680572
-8.79450390847778	-8.52298526944699	-0.290296528099815
-6.25231457253018	-4.56951549197692	-0.166872246690347
-3.92573519227977	-0.0511506089307744	-0.0079762977066795
-2.06819431057736	4.62621555380343	0.164675712497803
-0.817577047674642	8.98307355543496	0.326900806275391
-0.185896134286532	12.3448766037879	0.445656687644545
0	13.6473032604201	0.489632005421933
12.9758294176326	0	0.386379266519322
11.8856004097521	-0.152096187316981	0.355970755747089
9.09411630401928	-0.676031462700595	0.273347963929505
5.28880009572673	-1.76066301117815	0.154152175337587
0.995386185182622	-3.45660878521347	0.0201467690956046
-3.36956903186525	-5.69953265778953	-0.111432554980248
-7.41815799680025	-8.3057263874881	-0.22417230889418
-10.7605395099175	-10.9460508962628	-0.301153559100441
-12.7329211827688	-12.8922472915065	-0.330457734580029
-11.9060246782196	-12.3243170931417	-0.318968685827805
-9.34419252849128	-9.08377530710317	-0.25964808054667
-6.63176269576119	-4.87508744533474	-0.150461550437034
-4.17026843315973	-0.106939330058965	-0.00846299124129195
-2.20960675640146	4.81558393248247	0.146487656049013
-0.883592758059974	9.41880763447845	0.292824897798868
-0.205163175753192	13.0132215953129	0.400872970242493
0	14.4283471826761	0.44136714787592
13.5297638138413	0	0.334322181353126
12.3822245666896	-0.162081714382533	0.308062232563369
9.45855362526107	-0.712699206931264	0.236345073183914
5.49886792948754	-1.84391151528737	0.13334135407616
1.0443377923652	-3.60709282654264	0.0179461909043464
-3.49401926195598	-5.94348283549159	-0.0951187704007235
-7.73218044089823	-8.67655679064729	-0.191816888340902
-11.2755818874482	-11.4799457339552	-0.257510753200838
-13.4273900438548	-13.6021191268363	-0.281946847606476
-12.5766438287785	-13.0474631620393	-0.273992395765639
-9.84263711497794	-9.59784224907014	-0.22444236208906
-6.97411935848931	-5.15678569189805	-0.131108739769082
-4.38991629213673	-0.163010398882798	-0.00848918819177173
-2.33664481703652	4.97805923358346	0.125840828874685
-0.943253254487508	9.79951761148302	0.253249174161715
-0.222824196727608	13.6013605063533	0.348071510483035
0	15.120380113662	0.38387584233204
13.9925510150477	0	0.275664896069116
12.7994518062664	-0.171089854626583	0.254390248799722
9.76328096983073	-0.744617069768375	0.195111744913258
5.67277390042022	-1.91551422753704	0.11010726611694
1.0831776438141	-3.73532842396354	0.015248448064049
-3.60022593895214	-6.15028887987036	-0.0774498211291163
-7.99762658691348	-8.99049346679665	-0.156564129974758
-11.7111765639336	-11.9326503660278	-0.210050741270646
-14.020392273962	-14.2095860595293	-0.229585282286395
-13.1586219436888	-13.67751506815	-0.224780199355031
-10.2764313373856	-10.0498099206938	-0.185215207246985
-7.27053589125056	-5.40548208288306	-0.109055766213726
-4.57900716549891	-0.215566734345961	-0.00801924794234625
-2.44578959629493	5.11293714488429	0.103045090926461
-0.994805558888521	10.1194893428065	0.208756597668571
-0.23825332466636	14.098180625836	0.287980643310995
0	15.7102846024158	0.318154827065555
14.3570017789293	0	0.211369054713803
13.1329851543956	-0.178350006808762	0.195720421457623
10.0043763394802	-0.770818550426687	0.150212420479113
5.80731697352595	-1.97432320939066	0.0848294275528046
1.11031271252752	-3.83941535675461	0.0121102102897546
-3.68710723223429	-6.31646290960552	-0.0587183394410964
-8.20956059872981	-9.2412457517768	-0.119046718242294
-12.0568992116472	-12.2930749454168	-0.159619095773064
-14.495830297462	-14.697638011227	-0.174260139122251
-13.636287620549	-14.1967184176643	-0.172088676736891
-10.632833374597	-10.4248053475031	-0.14255646923776
-7.51214023406986	-5.61138660251996	-0.0846056067973103
-4.73175706872712	-0.259744386912312	-0.00703158027337352
-2.53350663369293	5.22064880801977	0.0784775194684251
-1.03643960247747	10.3745812050855	0.160111975395527
-0.250931175826266	14.4938302013852	0.221768402152363
0	16.1848037066329	0.245433538200461
14.6155567182307	0	0.142509962336614
13.3763001524171	-0.183684981330378	0.13291903989234
10.176014749213	-0.791146787296316	0.102304388290992
5.89800730049782	-2.01993923167368	0.0578252325965362
1.12312379426476	-3.91843802239224	0.0085511041588268
-3.75448510919741	-6.43971208137896	-0.0392730009499455
-8.36437088285486	-9.42412772030145	-0.0799443322039473
-12.304763140226	-12.5526762909847	-0.107225153157921
-14.8399157614726	-15.0520772732248	-0.116890563969985
-13.9950857568228	-14.5885723485315	-0.11656282208057
-10.8994917251415	-10.7081630413029	-0.0970382445956057
-7.68990355903118	-5.76380424985371	-0.0580612256877123
-4.84209128436163	-0.289022470735345	-0.00545943226226236
-2.59600166293378	5.30385526618111	0.0526346515331233
-1.06611706912216	10.5637674879841	0.108267595264016
-0.260115634567033	14.7833875415891	0.150822782862277
0	16.5342193102814	0.167100116018749
14.7648451024264	0	0.0707588237632251
13.5240686818013	-0.186460685287831	0.0670649238589825
10.2740071186355	-0.804958262662927	0.0520248213977292
5.94358128213989	-2.05114582246531	0.0293982148233806
1.12252042210559	-3.97042541903133	0.00449577627824577
-3.79937417993966	-6.51697882142795	-0.0195511191500222
-8.45611947189706	-9.5338424265136	-0.0399943884198365
-12.4460506626702	-12.7031281365352	-0.0537727611181301
-15.0378367021631	-15.2567380324299	-0.0580615244612826
-14.2250589808589	-14.8423600710886	-0.0593646224572885
-11.0666011279215	-10.8887773877664	-0.0493045533124506
-7.797047785589	-5.85538825793448	-0.0296906989469537
-4.90609241064608	-0.300256995528503	-0.00311447948312182
-2.63124899206179	5.36262182389053	0.0262215198600039
-1.08288055188413	10.6853997668931	0.0544304035564104
-0.2654635137669	14.9651942114395	0.0766039411469955
0	16.7516418320483	0.0846510318601473
14.8229817369986	0	0
13.5922129170459	-0.182739172036865	0
10.3364489277478	-0.800537967701049	0
5.99653151885089	-2.0478036699097	0
1.16524722475117	-3.96758665263832	0
-3.76906303765877	-6.51624905024577	0
-8.44284574706387	-9.5395391458034	0
-12.4538725015876	-12.720947498143	0
-15.0643781972157	-15.2866535458567	0
-14.2999612490873	-14.9252022851596	0
-11.1357252374143	-10.971322004286	0
-7.85292518825655	-5.92089777006706	0
-4.94891668484919	-0.348132350898015	0
-2.66168673491066	5.33397159568265	0
-1.10193972025009	10.6805307034644	0
-0.273840745140312	14.9969458555815	0
0	16.8065586170376	0
