0	0	0
0	0	0
0	0	0
0	0	0
0	0	0
0	0	0
0	0	0
0	0	0
0	0	0
0	0	0
0	0	0
0	0	0
0	0	0
0	0	0
0	0	0
0	0	0
0	0	0
0.0425348150414952	0	0.0647845851556369
0.0254374197607919	-0.00863590684315509	0.0601592044916425
-0.00934622318661676	-0.0226211259480415	0.0474944425668627
-0.0523969759621476	-0.0436560230341454	0.0286466462594091
-0.0998831781237964	-0.0726415909989918	0.00615429521530579
-0.144714330086022	-0.10778196868735	-0.0167828356267984
-0.178807703916757	-0.144138605436192	-0.0367488125325631
-0.195241381705344	-0.174005699922655	-0.0509592523338841
-0.189900614417178	-0.188520016049443	-0.0562325427820722
-0.165153039143459	-0.181877847883389	-0.0512014889353562
-0.129105385757538	-0.154860685414913	-0.036893987008159
-0.0911913985438852	-0.113706765301492	-0.0165778901943145
-0.0578559502682662	-0.0664883933967496	0.00689819485143753
-0.0326953718187778	-0.0218704555874049	0.0299154579589011
-0.0162121969255553	0.0123898986521165	0.0489899199716647
-0.00666686537955952	0.0286773458863108	0.0612964949643922
0	0.0294395308970799	0.065030264032402
0.233947614940869	0	0.123419794016221
0.185106057910825	-0.0176018590154835	0.115041982419876
0.0882129941171043	-0.0491203001157013	0.0907834729990635
-0.0468910607931384	-0.103854473550752	0.054313622188927
-0.204295231647344	-0.186175736452461	0.0108307899887718
-0.359079597638388	-0.291472166284437	-0.0333035056262082
-0.48370327789533	-0.40485679276076	-0.0714080113712423
-0.555063431166651	-0.503013451983436	-0.0975448087549636
-0.559750499237249	-0.558429784470078	-0.107105483841076
-0.500792024511218	-0.549636892583491	-0.0981255096709331
-0.398883961869835	-0.472514601634172	-0.0719947058398182
-0.282863035668102	-0.342184415591257	-0.0332499297022706
-0.17683860662176	-0.183701651586882	0.0119680151791686
-0.0954311680903691	-0.0257948793947138	0.0566506467905626
-0.042958389959742	0.104212724790976	0.0939940039293089
-0.0151372059480314	0.180916334391958	0.118481032031339
0	0.188849931278279	0.127005487605753
0.566435132832714	0	0.175960615867284
0.486608531953062	-0.0216013529287921	0.163812026207756
0.320457053845046	-0.0663116978992037	0.128655444259545
0.0801643804269959	-0.151013158235099	0.0756370662929468
-0.203641386819878	-0.283273586598468	0.0124623923626373
-0.485856242382495	-0.454893178987077	-0.0515206601564163
-0.71762446449752	-0.63997470246255	-0.106596643507124
-0.85799301048834	-0.798194225556095	-0.144137476877708
-0.884788392787565	-0.883942792784968	-0.157920017010093
-0.802376957226652	-0.860985414983906	-0.145439363263192
-0.643557034624534	-0.720319901089667	-0.108398653530646
-0.455291992437746	-0.484097391545295	-0.0527013495013748
-0.280112708210345	-0.195283900613509	0.0128835089358857
-0.145399378240363	0.0948046448864848	0.0781219666602995
-0.0603916070225507	0.336672726217335	0.132997217648034
-0.0185471448220006	0.485712814859768	0.169296614195496
0	0.509074114753474	0.1820315591249
0.986104332135699	0	0.223080349506934
0.879596038634367	-0.0236628366152524	0.207404323436908
0.633522899734195	-0.0809915380937184	0.162196837316354
0.27354444741086	-0.196430654452618	0.0940522638556453
-0.152402998224042	-0.380234887599135	0.0129481477066067
-0.577151167605618	-0.619743607295895	-0.0690691080114344
-0.929186316179574	-0.876986979006516	-0.13956956318723
-1.14913684654887	-1.09378977783761	-0.187581666959506
-1.20524650852674	-1.20526875069071	-0.205404735136703
-1.10300029237497	-1.15960017358049	-0.189933884959039
-0.888271724073062	-0.943179239538742	-0.143122296951857
-0.627229076471327	-0.586196190418045	-0.0721220085322652
-0.381500461906955	-0.150188555231195	0.0120316568515854
-0.192438852856224	0.288627524952383	0.0962281620255894
-0.0750825526006771	0.655523938638946	0.16744313683192
-0.0204568601079052	0.885407731808315	0.214858244148105
0	0.936070142196826	0.231551805817225
1.4647923300777	0	0.265151378154551
1.33234493981043	-0.0258604469867083	0.246291819176381
0.994677569634952	-0.0976314079706723	0.192057736255646
0.498037280251326	-0.248049194997891	0.110404426953417
-0.0886324436988095	-0.489817863866741	0.0133737013726295
-0.673573682764117	-0.804948248053479	-0.0846014315140224
-1.16068832676991	-1.14206443955277	-0.168740751724897
-1.47104223963922	-1.42368262041777	-0.226064327451568
-1.56194733668778	-1.56355776382468	-0.247580561179915
-1.43929499015513	-1.49194569154606	-0.229585601932929
-1.16332382434489	-1.18987026503992	-0.174262845718679
-0.821664371968103	-0.69673772813315	-0.0897765058684067
-0.497000544615386	-0.0941095773395573	0.0109058988068747
-0.246616826078445	0.513898714223038	0.112173512254825
-0.0925572053617661	1.02344998053599	0.198272025408128
-0.0231210489962029	1.34722952369185	0.255910269555617
0	1.43724955145783	0.276306974788065
1.99391812938335	0	0.302269030439658
1.83187888982483	-0.0286944275304807	0.280574595181234
1.39219709090595	-0.117039702705779	0.218392618407295
0.742530696300888	-0.307286172746752	0.124907380959478
-0.0232714704819424	-0.614497057825702	0.0140127393612095
-0.78612356288033	-1.0145607234945	-0.0977928096737259
-1.42334360674492	-1.44138618873277	-0.193748097728844
-1.83509391723079	-1.79659679028372	-0.25919433495883
-1.96593203126132	-1.97010665816902	-0.283994445623163
-1.82106499485087	-1.87114016651401	-0.263936321409234
-1.47649436920679	-1.47424175291285	-0.20138444655346
-1.04433901635451	-0.829833694935501	-0.105261174428254
-0.630569658608625	-0.0411761035589285	0.00986277682589202
-0.310336163696847	0.757069364553946	0.126256875144791
-0.113913145619409	1.42846198209439	0.225728687504924
-0.0267459845765077	1.8612821725373	0.292636429154095
0	1.99828763789869	0.316383434999397
2.56889462898181	0	0.334428501443875
2.37197934495327	-0.0320371392493386	0.31024349767385
1.82153472655419	-0.13867242430917	0.241174394604331
1.00487632305287	-0.372906291873307	0.137530483395279
0.0439158861762065	-0.752179408050144	0.0148278317145473
-0.912669913740735	-1.24567509255961	-0.108698833198402
-1.7140159658353	-1.77159117217621	-0.214676082539833
-2.23803386984044	-2.20926091561271	-0.287089941228755
-2.4144306680497	-2.42227333141264	-0.31479583950906
-2.24585348087278	-2.29518260795559	-0.293146846533668
-1.82522093245944	-1.79455191832259	-0.224571844244267
-1.29311851121394	-0.984695277591654	-0.118640560087539
-0.780839330909547	0.00757965577551629	0.00885369713252968
-0.382797382270636	1.01545159753412	0.138442395870497
-0.138548981854374	1.86732974527924	0.249788531145946
-0.0309159685573918	2.42408241594999	0.325006718427336
0	2.61184535843146	0.351706936885664
3.18327796165104	0	0.361596669984412
2.94647519528619	-0.0357753745002371	0.335272492006477
2.27770290306046	-0.162122351129259	0.260358190566112
1.28299487042906	-0.443642524161543	0.148209327478547
0.114237190719418	-0.900253771166012	0.0157395790602935
-1.04905229155111	-1.49418926543417	-0.117430154900323
-2.02717272956946	-2.1276520287105	-0.231654914384182
-2.67403971041075	-2.6563024421092	-0.309912914437219
-2.90251741988357	-2.91528059320057	-0.340119824063005
-2.70905012658962	-2.7593744433407	-0.317412794560863
-2.20510074468038	-2.14639626601	-0.243950244226408
-1.56461467794545	-1.15834420906557	-0.130015300692204
-0.945915095434178	0.0522558404144583	0.0077884086012537
-0.463154516240468	1.28651932364611	0.148641059776774
-0.16596983269005	2.3364617713851	0.270380793472915
-0.035432788604181	3.03084690516329	0.352965956586704
0	3.27122958787135	0.382249108847859
3.82935397059024	0	0.38377747635435
3.54844947739343	-0.0399662467188157	0.355637310616069
2.75428826982792	-0.187421807831244	0.275925063984142
1.57305664526109	-0.518826623192116	0.156904108797133
0.187584656939803	-1.05666313182513	0.0166952317250607
-1.1919643902271	-1.75636353633706	-0.124052041979821
-2.35810073940476	-2.50485178648899	-0.24484661179274
-3.13866674541767	-3.13349001013662	-0.327820438178573
-3.427379441615	-3.44654186638255	-0.359964563845052
-3.20688977346697	-3.26036802565151	-0.33680189407563
-2.61211486719263	-2.52588313355897	-0.259660752450935
-1.85586930411659	-1.34869022408655	-0.139423596154355
-1.1244529160488	0.0916489214740356	0.00664765986059687
-0.551271815605707	1.5658736071601	0.156848624351905
-0.196563741748793	2.82971692661545	0.287451181283536
-0.0405045129767042	3.67524090992618	0.376493133199065
0	3.97052801022088	0.407976918245593
4.4991882546396	0	0.400964711756201
4.17088309345633	-0.0446075243038696	0.371319384732442
3.24484347416794	-0.214562357168899	0.287821655206936
1.8706485027257	-0.598036023454624	0.163616370571966
0.263010996147093	-1.21971151539897	0.0176632473040723
-1.33890295745847	-2.02888419908252	-0.128603751848852
-2.70232457760848	-2.89880303841639	-0.254264313087128
-3.62862643753252	-3.63702530517986	-0.340916592897191
-3.98885597306827	-4.0147858188296	-0.374788409979717
-3.73693363786457	-3.79735766011911	-0.351228712733861
-3.04219669792611	-2.92954158302066	-0.271708824787717
-2.16392609154443	-1.55398805075911	-0.146845731142514
-1.31509949232326	0.124137512187725	0.00545146551511105
-0.64698385406103	1.8485176408815	0.162983835036245
-0.23039064745871	3.33974780527336	0.300836688185561
-0.0462600910093658	4.34927963872077	0.395519632023875
0	4.70343747901471	0.428974081539801
5.18503761066025	0	0.41315702770792
4.80636294098447	-0.0496591869754212	0.382226859809034
3.74295990708281	-0.243329579761422	0.295905379162766
2.17185082091595	-0.680511917449239	0.168268448153565
0.339829539998845	-1.38748435119014	0.0186102865766105
-1.48732391453486	-2.30829579434456	-0.131123119991971
-3.0554448955336	-3.30500637289335	-0.259963693469153
-4.14086225418256	-4.16376344002433	-0.3490448827191
-4.58553926101876	-4.61846450880398	-0.38476664126062
-4.2972387127025	-4.36915340892775	-0.360978910136336
-3.49127963255864	-3.35369001947271	-0.28004305806591
-2.48551370058737	-1.77201910242919	-0.152226031205074
-1.5162265493338	0.14834595264387	0.00420968361243467
-0.750240351544128	2.12832042210633	0.16693266191511
-0.268345215759961	3.85708633166071	0.310259865782127
-0.0531794815381243	5.04435491348326	0.409858423824665
0	5.46281114579462	0.444990505507788
5.87818498822743	0	0.42024529402714
5.44559185283694	-0.0555133642372555	0.388227450900316
4.24073863236401	-0.273934414754774	0.300017045902695
2.47243123820184	-0.765434005204816	0.170693129959647
0.417596633501351	-1.55779372018705	0.0194728194158219
-1.63444516667061	-2.59081621910891	-0.131644345735467
-3.4123415731528	-3.71820512678657	-0.261950784109861
-4.67156090420644	-4.70904581998359	-0.352435933104535
-5.21388742566599	-5.25621343433118	-0.389463996773083
-4.88418975895767	-4.9718939718261	-0.36614586308828
-3.9549953955137	-3.79383274994009	-0.284623547429904
-2.81708245763362	-1.9999510035457	-0.155515477607102
-1.72597917625263	0.163571518297796	0.00294512318638308
-0.860898395835011	2.40010915322864	0.168676294572761
-0.311580069805519	4.37187133180524	0.3158583743679
-0.0636183345728354	5.74856669516892	0.419017145616376
0	6.24008417933527	0.45552307042654
6.5691857538587	0	0.421554412177772
6.07866255683359	-0.0636564819324337	0.389343591856343
4.72880751229747	-0.307315733343452	0.300088423787601
2.76716795850991	-0.85248314211595	0.170787759954391
0.495371168676816	-1.72865174615565	0.0201550116358845
-1.7778785622259	-2.87283888553696	-0.130246335321063
-3.76804102950253	-4.13333746840713	-0.260267182011715
-5.21399014790751	-5.26693166694758	-0.351014059872136
-5.86887391104632	-5.92249395640261	-0.388769665150482
-5.49316158976648	-5.60064489296097	-0.366342865386384
-4.42860166709927	-4.24514663253527	-0.285398892019957
-3.15483607963948	-2.23476350455011	-0.156694409438336
-1.94197162881612	0.170007452458634	0.00168235056141216
-0.978041456470525	2.66042191947307	0.168200339329868
-0.359574690316574	4.87943070172392	0.317531764319736
-0.0759918306345996	6.45329712267714	0.422648023043339
0	7.02384746375691	0.459807597203378
7.24869570922653	0	0.416577970696279
6.69782882387015	-0.0733286298664687	0.385045074159924
5.20053345171197	-0.343430975680858	0.296265834285182
3.05127531290953	-0.941100290028797	0.168548188160641
0.571661731036848	-1.89823713054391	0.0205790435704914
-1.91623244588337	-3.1511089446117	-0.127029751670452
-4.1183960235095	-4.54549138606402	-0.254981637210641
-5.76191523908785	-5.83106858435623	-0.344741938433017
-6.54404183873848	-6.60996567315759	-0.382427771992334
-6.1181223284723	-6.24983997815611	-0.361166096912116
-4.90740741074371	-4.70392687745098	-0.282295748703482
-3.49496726884381	-2.4741371716245	-0.155761253484481
-2.16126937275108	0.168358452607874	0.000428497746086844
-1.09967568170144	2.90766962920902	0.165456811860222
-0.411024704575012	5.37577957456285	0.314846420936386
-0.0886480005560101	7.15607849404615	0.420310887110217
0	7.80816320926471	0.457573983817837
7.90952906617913	0	0.405293270528393
7.29704601828384	-0.0831967127127473	0.374758543099499
5.65304002016905	-0.381164316275763	0.288480334742642
3.32190194232816	-1.03003818917641	0.163966332979339
0.64508387526589	-2.06460236141738	0.0206906895889694
-2.04892377120496	-3.42259459594111	-0.122069910444696
-4.46021527641738	-4.94994985312143	-0.246097416622349
-6.30767076318632	-6.39324767700698	-0.333431067905195
-7.23233700713317	-7.30993226226939	-0.370323260482287
-6.75240096324628	-6.91433112622105	-0.350446128445016
-5.38655782394127	-5.16716463344261	-0.275180878956885
-3.8336691014576	-2.71637907879018	-0.152665038448758
-2.38068075852519	0.15923370021899	-0.000814353223680439
-1.22319600155747	3.14101465099168	0.160345715407103
-0.464345728543592	5.85586844354065	0.307474064548118
-0.10145108687994	7.85066210879441	0.411667277065437
0	8.58888466876667	0.448668674503999
8.54682406335816	0	0.387838483572726
7.87136245216256	-0.0928692064340075	0.358608747108861
6.08370812863458	-0.418606223322343	0.276288128751527
3.57760480934493	-1.11722609638457	0.156998722391941
0.714711018752358	-2.22540473603303	0.0204724002581538
-2.17519017107545	-3.68395047026412	-0.115390227414089
-4.78994691795842	-5.34143531276735	-0.233579922407201
-6.84168973458891	-6.94373017100593	-0.316961723079873
-7.92071189794366	-8.00895321922102	-0.352277935638632
-7.38747744932524	-7.58582088899405	-0.334219157511593
-5.86057647790029	-5.6307256733072	-0.263866657344821
-4.16680293915611	-2.95946624470899	-0.147272364642827
-2.59694491433681	0.143048744010442	-0.00200437446698463
-1.34628597345341	3.35864247569261	0.152797234735997
-0.518499534912131	6.31351370878643	0.295201516005401
-0.114621173816151	8.5245268671761	0.396615968609275
0	9.35418108017256	0.43288657373705
9.15285289993946	0	0.364299263350348
8.41496406320023	-0.10174146552726	0.336728047312379
6.48834733983866	-0.454505861688872	0.259618635425026
3.81666271090977	-1.200595113086	0.147571262325956
0.779878533662453	-2.37804581345601	0.0198706953373022
-2.29373304313546	-3.93147419643611	-0.107044054535148
-5.10244985443846	-5.7137395870829	-0.217506673456016
-7.35330209198905	-7.4719420709713	-0.295465623784307
-8.59154784729375	-8.69064549409424	-0.328398369147254
-8.01119427348403	-8.2500228136886	-0.312686514137764
-6.32245888078998	-6.08773253397747	-0.248271079103416
-4.48948796454318	-3.200133646637	-0.139472391817275
-2.80654495145321	0.120422479731948	-0.00307463192920363
-1.46673653000229	3.5580201350007	0.142831324420722
-0.572831027915238	6.74103207487586	0.277922279228447
-0.128572932330548	9.16324838763703	0.375059676527191
0	10.0871963564585	0.41011735625023
9.71527483717307	0	0.334882023465814
8.91872427837454	-0.109957333858905	0.309335010588345
6.86131017472263	-0.488177265719234	0.238579216896514
4.03623741174703	-1.27852990559952	0.135689672235335
0.839657730752701	-2.52003033993459	0.018838383225238
-2.40310542035907	-4.16131256647838	-0.0971352430600255
-5.39240721108453	-6.06038915818697	-0.198066899176739
-7.83156810258213	-7.96684122867232	-0.269241011451373
-9.22776950483492	-9.33805745922017	-0.299128579879334
-8.60922770495899	-8.89020342852961	-0.286218689858135
-6.76375831370294	-6.52973672736557	-0.228478748978563
-4.79606204566292	-3.43409346044589	-0.129242185099885
-3.00556546939222	0.0925595398558288	-0.00395360787234978
-1.58198559243387	3.73733757831106	0.130566016148475
-0.626155887482766	7.13230053343407	0.255814440467991
-0.143782944967214	9.75431014940246	0.346668888740239
0	10.771816278864	0.380093284257675
10.2221017329454	0	0.299935715741111
9.37256234578627	-0.117735681211799	0.276751890718751
7.19628889495516	-0.519213477553706	0.213422424760787
4.23285732231867	-1.34975071311208	0.121452743675325
0.892876599105469	-2.6490497607546	0.0173516718571438
-2.50190685108165	-4.3696973619082	-0.0858070572965561
-5.65479100321643	-6.3751214257146	-0.17553828468407
-8.26635516862162	-8.41797348350456	-0.238738562109826
-9.81333733915262	-9.93502835288455	-0.265038554904897
-9.16642606652042	-9.48946961676422	-0.255123134593614
-7.17514588690211	-6.94677713768513	-0.204673857625107
-5.08048759529077	-3.65622203547758	-0.116610201049346
-3.18983171881963	0.0612289332666532	-0.00456901579643866
-1.68910437428299	3.8955813686968	0.116154900815867
-0.676385371019546	7.48366211044788	0.229098835886161
-0.158646728553995	10.2892584683972	0.311688287597585
0	11.3959309373818	0.342411214641429
10.6635866146299	0	0.25945520758237
9.76834714887363	-0.125482163010287	0.239444920718553
7.48766923717453	-0.547304508918933	0.184499427931137
4.40314457250761	-1.41317822023482	0.105044562863626
0.938301230183841	-2.76302794859132	0.0154150315866101
-2.5888668703258	-4.55309637925352	-0.0732363525700794
-5.88496925701867	-6.65205637284789	-0.150279227650672
-8.64865475129088	-8.81581676974335	-0.204449880774621
-10.3337859990225	-10.4667103748642	-0.226845507358287
-9.66844036873935	-10.0317990416252	-0.219832481510961
-7.5467449989913	-7.32770413634656	-0.177193933925986
-5.33638462815218	-3.86049712396053	-0.101681370156387
-3.35510211322238	0.0286627045224513	-0.00486588005082719
-1.78526290828009	4.0318412095961	0.0997919770727457
-0.72173384381243	7.79117732238185	0.198100110448829
-0.172252403963286	10.7606987269067	0.270524729767813
0	11.9495196252846	0.297637434305243
11.0328034166169	0	0.213886691271676
10.1010724263325	-0.132480853346621	0.197687678431096
7.73148396182622	-0.571759339008044	0.152291365932166
4.54426312306143	-1.46772631672958	0.0867345244987694
0.974781412074751	-2.86009860085885	0.0130652821145068
-2.6628846855338	-4.70834031784337	-0.0596238286994029
-6.07881434640067	-6.88587723265836	-0.122716038358293
-8.9705475457736	-9.15183679859845	-0.166994722084602
-10.7763584406819	-10.9198100162675	-0.185246012299004
-10.1026046561163	-10.5028622340299	-0.180869714435746
-7.86899280223909	-7.66155389224017	-0.146434820113609
-5.55738226661261	-4.04049014992082	-0.0846350322389918
-3.49720054879498	-0.0025561109990924	-0.00481081851202007
-1.86782437048106	4.14529745551778	0.0817224603880713
-0.760877610906548	8.05004281527057	0.16327346649515
-0.184114512099095	11.1594774617659	0.223745647710139
0	12.421781243497	0.246550236876041
11.3237956503687	0	0.163970302709549
10.3672007920623	-0.138129539593467	0.152070862555181
7.92451516692148	-0.591832405835847	0.11723590175235
4.65357381186865	-1.51252751187537	0.0668199123557614
1.00090691645027	-2.9388597892066	0.0103498012985522
-2.72343147665212	-4.83293693977172	-0.0451957215722427
-6.23312911519042	-7.0722361566743	-0.0933457295264472
-9.22505088471921	-9.41848999916132	-0.127045182417434
-11.129779025495	-11.282408310622	-0.14094459657151
-10.4578913863137	-10.8900604824385	-0.138820487433589
-8.13290260564845	-7.93780788510083	-0.112848280967977
-5.73712304202231	-4.18926927809021	-0.0657000668447046
-3.61186869938215	-0.0289848432547779	-0.00437976152954354
-1.93414059589715	4.23604855134963	0.0622451519255926
-0.792454610085862	8.25670678042059	0.125214511845882
-0.193833194842744	11.477447200923	0.172256119381403
0	12.8017956301936	0.190104189211992
11.5302962552485	0	0.110533401403
10.5614308231377	-0.142283537998609	0.103264118308427
8.06203292848568	-0.607402883821834	0.0798429695230384
4.72743225622497	-1.54728448586359	0.0455491733743198
1.01448360362981	-2.99865477318079	0.00728717687042489
-2.77063826694999	-4.92528472669428	-0.0302219488715223
-6.34565144595248	-7.20795279086509	-0.0627053405895218
-9.40700344889706	-9.61013614091385	-0.0854187860357859
-11.3846198244745	-11.544832498552	-0.0947142389070435
-10.7240998740989	-11.1817162584726	-0.0942180307619587
-8.32980386505236	-8.14609751599677	-0.0768886694587954
-5.86912015158913	-4.29914182917674	-0.045108564756557
-3.69461462316292	-0.04582301046829	-0.00351206207536847
-1.98136237238021	4.30599325273252	0.0417532451041482
-0.814934335151062	8.41011817985796	0.0846638721482567
-0.200842890835641	11.7104586344267	0.117127357539079
0	13.0815496437809	0.129368817653935
11.6494952868032	0	0.054868939306982
10.679485143643	-0.144437079269456	0.0520990849314551
8.1406815056897	-0.617959748588713	0.0406044139541695
4.76483880891366	-1.57104751268395	0.0231588325437592
1.01619948316607	-3.03797944261029	0.00382160168454626
-2.80231891622251	-4.98313952081764	-0.0150410996203269
-6.41212935133787	-7.2892722998628	-0.0313779531560219
-9.51049797016581	-9.72117287375969	-0.0428627653977129
-11.5310279628224	-11.6962710613979	-0.0470980993484866
-10.894442803687	-11.3705271368933	-0.0480463549589115
-8.4528999637622	-8.27872004455971	-0.0390889764252692
-5.9485456257133	-4.36492856153871	-0.0230721465225024
-3.74258170494387	-0.0508990417535653	-0.00205239596582072
-2.00800772800976	4.35494496760431	0.0208040877995969
-0.827640343841575	8.50866560856779	0.0425612088092671
-0.204910786296072	11.8569180570868	0.059483151969725
0	13.2553107268404	0.0654967160464364
11.6961138479461	0	0
10.7343008517958	-0.141525181134579	0
8.19110628560528	-0.61443525265711	0
4.80789047119514	-1.56822918936004	0
1.0514792452333	-3.03529707172126	0
-2.77648839608364	-4.98174035773756	0
-6.39959048375036	-7.29256843068416	0
-9.51515280392011	-9.73417480962262	0
-11.5522539360569	-11.7203858076188	0
-10.9503993070035	-11.4327516816129	0
-8.50400879276115	-8.34023929547037	0
-5.99058256690325	-4.41472065849625	0
-3.77530514152478	-0.0882213331532268	0
-2.03145980286411	4.33205520827615	0
-0.84238358538313	8.50432121954779	0
-0.211437967625332	11.8816304671855	0
0	13.298078364341	0
