0	0	0
0	0	0
0	0	0
0	0	0
0	0	0
0	0	0
0	0	0
0	0	0
0	0	0
0	0	0
0	0	0
0	0	0
0	0	0
0	0	0
0	0	0
0	0	0
0	0	0
0.0582706478820266	0	0.0879712427664221
0.0350448689245071	-0.0117660834102405	0.0816372193308075
-0.0127017085961296	-0.0308756603183622	0.0642930513682253
-0.0718944210431284	-0.0596791435751213	0.0385122590847164
-0.136936740657066	-0.0993155066659594	0.00781066739767879
-0.197957319383802	-0.14719633115006	-0.0234168680762921
-0.244004399750647	-0.196523846033016	-0.0505271035526935
-0.26591154143331	-0.236888274809526	-0.0697795851420138
-0.258343971134899	-0.256421689792419	-0.0769038098333781
-0.224630326905851	-0.247395901636609	-0.0700734877516866
-0.175755099764721	-0.210933709397876	-0.0506780760566525
-0.124367893062031	-0.155351974169978	-0.0231201599279608
-0.07907808131714	-0.0913449580757244	0.0087780171199462
-0.0447537610522337	-0.0304935223533839	0.0401227795702455
-0.0221826548158803	0.01658429074193	0.0661602515326219
-0.00911247141192306	0.0391942480335102	0.082996283491899
0	0.0408969087274959	0.0881287992501263
0.319615235540053	0	0.167650580926219
0.253160447015029	-0.0239988379137077	0.156144608495633
0.120009303402628	-0.067151945196142	0.122888799072618
-0.0655793603163162	-0.142180805730474	0.0729906458395753
-0.280950439210669	-0.254781255546564	0.0136684219504356
-0.491625527595725	-0.398276946680827	-0.046330028432516
-0.660304077980457	-0.552213235731328	-0.0979396175504823
-0.756252105636472	-0.685087612441845	-0.133217390324279
-0.761892270097534	-0.759964958921387	-0.146065532931493
-0.681583330445519	-0.748058623713062	-0.133914123049409
-0.543350364608825	-0.64391686567201	-0.098617001782182
-0.385950127662606	-0.467666020240342	-0.0462000725716631
-0.241791899325473	-0.252639389995724	0.0151389334843543
-0.130704099707328	-0.0373295448336874	0.0759462269619561
-0.0588473060249919	0.140954476179773	0.126928635419029
-0.0207151815066246	0.246768884950709	0.160447651373934
0	0.259294676181432	0.172132808197761
0.773165876183717	0	0.239200509389307
0.664411605939162	-0.029469687880858	0.222476582950914
0.435721668767611	-0.0908335482384228	0.174218871947572
0.105390337512592	-0.207182119511624	0.101610071002483
-0.282993308555924	-0.38830437846084	0.0153713839732864
-0.666969486369689	-0.622231184986834	-0.0716280026123815
-0.980426861789849	-0.873312877904516	-0.146208927743871
-1.16906462081443	-1.08713492966431	-0.196851065388245
-1.20407943544871	-1.20269316505325	-0.215360226831929
-1.09191029971486	-1.17162255537119	-0.198488877019589
-0.876787377133829	-0.981913383942606	-0.1484907610463
-0.621623347901124	-0.662798823357597	-0.073162291264163
-0.383490897760451	-0.271188931943759	0.0158193673805074
-0.199545677831847	0.124294244801377	0.104655007673906
-0.0829460548341256	0.456097194666267	0.179646534744881
-0.0254274123807543	0.661967251891158	0.229392482006576
0	0.696655827421202	0.246842989326339
1.34536646907142	0	0.30350975809305
1.19994356079468	-0.0323116974248511	0.28189995496274
0.860895050260965	-0.111186455924133	0.219764030166709
0.365753114463318	-0.270076545980252	0.126344570254486
-0.217250147450797	-0.522103138939625	0.0155515260970967
-0.794983866830372	-0.848685259189197	-0.0960132596446005
-1.27072475349689	-1.19743472827589	-0.191488924811961
-1.56604564716697	-1.48993556249961	-0.256246689312601
-1.64003651918597	-1.63971176835119	-0.280181686834755
-1.50098614154325	-1.57788908762203	-0.259286263625495
-1.21053373888845	-1.28630590994856	-0.196124382599381
-0.85704120847158	-0.804533828431991	-0.100099351106503
-0.523038656878413	-0.213699426792193	0.0141213800094205
-0.264677869582853	0.384474821272346	0.128861378121976
-0.103417114418115	0.888029555989956	0.226285076020261
-0.0280961903553631	1.20600942659307	0.291338966738945
0	1.27901365082557	0.314236325344583
1.99768940976298	0	0.361049580498457
1.81633038181032	-0.035357037453222	0.335024551003216
1.35078725597255	-0.134320477125221	0.26038204936048
0.667483846070652	-0.341720420315017	0.1483307792876
-0.135609509162213	-0.673649853722082	0.0156964201696408
-0.931152883281631	-1.10362483957676	-0.117607308561506
-1.58915698060662	-1.56058600838747	-0.231535074562583
-2.00564247483467	-1.94014012350832	-0.308812496664899
-2.12593916343357	-2.12764908661374	-0.337690523191905
-1.95925019462943	-2.0306967201234	-0.31341371742985
-1.58628522315428	-1.62396270210303	-0.238824279846516
-1.12379730680904	-0.958856969923928	-0.124593052339275
-0.682368422637149	-0.142515385837656	0.0120902092054154
-0.339862501603595	0.686275936542979	0.150187032213513
-0.127796260633913	1.38585300634611	0.268091666073151
-0.0318010783622443	1.83401081710372	0.347265960915413
0	1.96169410360596	0.375294005208623
2.71817764912964	0	0.411938853341211
2.49565901104455	-0.0392891264589031	0.381968221616754
1.88923483172678	-0.161348570327415	0.296270915180177
0.995320530372599	-0.424079733369503	0.16785377575105
-0.0531022513196951	-0.84641026932511	0.0161816778218963
-1.09067825690792	-1.39277471215409	-0.135951624295536
-1.95133876155927	-1.9715142643143	-0.265820991962487
-2.50378824085756	-2.45005788576852	-0.353964912900229
-2.67728609779031	-2.68235974024206	-0.387207631108345
-2.48049928958248	-2.54836739428972	-0.360188605108862
-2.01501768662014	-2.01414529911346	-0.275955218832944
-1.4299811635101	-1.14529231825071	-0.146072999841209
-0.867017272178533	-0.0770737413482778	0.0102140653017116
-0.428427030845775	1.01111356184507	0.169030331998786
-0.15759079587832	1.93306606577388	0.305387672103167
-0.0368288643595524	2.53217887703939	0.397415246357899
0	2.72488140828112	0.430116824512554
3.50026563547314	0	0.456163822942211
3.22920224213506	-0.0439336705196196	0.422707735358927
2.4698456140181	-0.191532939918028	0.327388750184258
1.3461956688593	-0.515493024812063	0.184871699141925
0.0304562755033368	-1.03760281349659	0.0169584817120807
-1.27085953151879	-1.71233407076471	-0.151119189860372
-2.35328121247283	-2.42589799137227	-0.294457585626097
-3.05636325364363	-3.01554856324365	-0.391856393280097
-3.29062543310012	-3.30057445373121	-0.428922020399937
-3.06171288318343	-3.12851405198244	-0.399814739603454
-2.49354387530987	-2.45482241565137	-0.307623053900651
-1.77291758451038	-1.3630693679496	-0.164622021198563
-1.07525315739014	-0.0190071040360402	0.00842901973824758
-0.529332792646248	1.35514367285771	0.185342254985497
-0.19199339440321	2.52503413230869	0.338138943015985
-0.0426146638651839	3.29543161572163	0.441746672145877
0	3.5582529331513	0.478593768153268
4.33488052991799	0	0.49366357249051
4.00832940572805	-0.0491353087760488	0.457193133956602
3.08567662710711	-0.224317583614132	0.353666078594628
1.71718099077249	-0.614243354024249	0.199295752456635
0.116747760114893	-1.24371711409436	0.0179201899461878
-1.46619920970026	-2.0568403886045	-0.163262222419207
-2.78769977608315	-2.91711137525277	-0.317627298050033
-3.65571769295392	-3.62957147162422	-0.42271244193342
-3.95952126832741	-3.97607000481208	-0.463016730423786
-3.69690061798947	-3.76504048442952	-0.432557171550737
-3.01614912230153	-2.940322735137	-0.333998899068718
-2.14820992803259	-1.60842775400358	-0.18037637814377
-1.30462187745279	0.0316035844969332	0.00661437278676673
-0.641479366944973	1.71475441598309	0.199001184043642
-0.23034235008911	3.15664444467393	0.366246046913487
-0.0488882328868141	4.11695286393934	0.480179048044006
0	4.45238746776529	0.520672194276923
5.21127084076281	0	0.524420736663819
4.82344626698122	-0.0549704192717755	0.48537232067231
3.72791428389758	-0.259743078969514	0.375064095468627
2.1030400085469	-0.719418904575456	0.211068095569065
0.205591212729975	-1.46197521961379	0.0189962096422922
-1.67232183066153	-2.42129848374611	-0.172471416500994
-3.24842214815142	-3.43894567869354	-0.335557450632811
-4.29610732469659	-4.28666752876499	-0.446751585250323
-4.68045782601219	-4.70565186380917	-0.48948160343557
-4.38125165711551	-4.45372283144868	-0.458505534864129
-3.57765143456651	-3.46568884940235	-0.355277429949181
-2.55203977654945	-1.87879556772846	-0.193386959338997
-1.55341016641559	0.0729549844237886	0.00474699732117244
-0.764733763265569	2.08384196865074	0.209999162576532
-0.273182409859411	3.81937283805352	0.389624927797487
-0.0559332914135672	4.98786740537939	0.512669609796193
0	5.39895137074367	0.556291230149259
6.11844389674921	0	0.548400979815858
5.66487320634754	-0.0614337743977011	0.507198894790683
4.38775684663501	-0.297791343011938	0.391495847891345
2.49781555093451	-0.83042978112573	0.220186304283798
0.295739459773986	-1.69006223507433	0.0201448367096212
-1.88588788642322	-2.80125875508526	-0.178801751732316
-3.72959377485984	-3.98563189049604	-0.348273785272672
-4.97341442701181	-4.98201409677021	-0.464119421339919
-5.4536242353796	-5.4880116469217	-0.508925241969102
-5.1118409373589	-5.19388259041799	-0.477532582861586
-4.17281575393013	-4.02655845982056	-0.371470072208873
-2.98056870169793	-2.17202955402055	-0.203625905372845
-1.81986911126636	0.10274663428355	0.00285808206896464
-0.898913302664867	2.45556312139697	0.218222881371985
-0.320611033829433	4.50312329617292	0.40803903742154
-0.0639273687959522	5.89711989722591	0.539102015406356
0	6.38912331761841	0.585544056082879
7.04573351962215	0	0.565576025502684
6.52246234100033	-0.0684683542474377	0.522524527853712
5.05651771903527	-0.338159704897028	0.40275207076953
2.89628380914064	-0.946210949786495	0.22654020761607
0.386376834369986	-1.92532696620728	0.0213217205411584
-2.10343032718743	-3.19202718969154	-0.182307113207949
-4.22544480902339	-4.55122629709537	-0.355861990977556
-5.68388402829711	-5.7117250748013	-0.474606202701625
-6.27757644217391	-6.32153637017038	-0.521575988145896
-5.88648090426764	-5.98438165656011	-0.490018683445968
-4.79640897421867	-4.61829260560852	-0.382513087488109
-3.42948364356834	-2.48527530152459	-0.211017541734655
-2.10183230642555	0.119112246199765	0.00096576687945201
-1.04397833585342	2.82163870215972	0.22351397128483
-0.373867309866947	5.1950259972529	0.421089860027359
-0.0735266408500397	6.83288699943694	0.559193505722546
0	7.41299462665832	0.608062794801054
7.98125340291314	0	0.57576805113109
7.38361608786362	-0.0766083185567929	0.531140389683251
5.72358919841192	-0.381123650391903	0.408597603529265
3.29287387073504	-1.06559652504066	0.22989669849977
0.477096186826053	-2.16470365329632	0.0224408469348241
-2.321072542221	-3.58840028202519	-0.183037483871193
-4.72917195027759	-5.12869790765842	-0.358344636899045
-6.42275185699918	-6.46986664518581	-0.478539523716271
-7.1480054095701	-7.20491360388668	-0.526838047575602
-6.70070987703924	-6.82045403940182	-0.496098300353433
-5.44275578761827	-5.23511306348751	-0.388363201377345
-3.89402791711701	-2.81475223181084	-0.215496824921231
-2.39676388352272	0.121222732179178	-0.000893712611196098
-1.19972643402376	3.17521807872709	0.225846214790978
-0.434535746840885	5.88179894487162	0.428945370002207
-0.0879494204409257	7.77901688866863	0.572232688839362
0	8.45881714743254	0.623126363147633
8.91223336313213	0	0.578026402853237
8.23500791346139	-0.087881131669333	0.533049324633287
6.37647875814599	-0.427951546350312	0.40892007816623
3.68076421038531	-1.18808953559865	0.230109783651918
0.566895648950213	-2.40536201131712	0.0233716785829724
-2.53538094667284	-3.98535051898484	-0.181103487198892
-5.23408356114154	-5.7112093495212	-0.355793303592696
-7.18123631289189	-7.24870901040917	-0.475844975691963
-8.05856625835101	-8.13113086542758	-0.524584873770621
-7.54869387040662	-7.69587502831014	-0.495262605393452
-6.10562584937727	-5.87074262687379	-0.388965174332585
-4.36903713340888	-3.15632165016342	-0.21703940270559
-2.70133760265503	0.109579611701933	-0.00268207451310876
-1.36486817372439	3.51184564848802	0.225201246096505
-0.501892041059747	6.5572239320051	0.431460444591071
-0.105034735569797	8.72382294638123	0.577717627556668
0	9.51107242553332	0.62964705368178
9.82610737489241	0	0.571632763336501
9.06625026196395	-0.101249759833289	0.527508743126775
7.00642213898499	-0.478564759873176	0.403908681855543
4.05377276445335	-1.31285324449122	0.22716927934585
0.654087104613284	-2.64467139921865	0.0240081462860006
-2.744189400701	-4.37827644391216	-0.176643867443692
-5.734509549327	-6.2920490883525	-0.348315352004575
-7.95118639097342	-8.03992107367006	-0.46650499991811
-9.00096939406406	-9.09072739634704	-0.514510175187695
-8.42266717641166	-8.60354305687514	-0.486993425043832
-6.77882545788904	-6.52036936728555	-0.384232322262361
-4.84927452375322	-3.50670552891426	-0.215644029267559
-3.01142351521343	0.0854605782434637	-0.00438503778101476
-1.53660983699141	3.82964845519844	0.22151626494835
-0.574146710586167	7.21600301406993	0.428035850779167
-0.12251835218674	9.66389074379216	0.575037500182431
0	10.5615661829583	0.627233956286334
10.7132352730179	0	0.556537252292676
9.86927196165613	-0.114894002256433	0.51372392997518
7.60971071460511	-0.531406929144904	0.393467466105134
4.40832445355956	-1.43810267265419	0.221062465528232
0.737151235583921	-2.87981088341088	0.024276479084565
-2.94635270337361	-4.76283180710374	-0.169761113177166
-6.22593129136624	-6.86466401035407	-0.335926301208661
-8.72235879975217	-8.83249497766785	-0.450311045171252
-9.96608364551803	-10.0723691309979	-0.496520831993407
-9.3139694841984	-9.53688811947479	-0.471100233082054
-7.45586476495101	-7.18001620067865	-0.373996367074411
-5.32944353872146	-3.86338046996699	-0.211240453808915
-3.32250140625373	0.0500693958006339	-0.00599488515627869
-1.71129111486164	4.12781652990612	0.214658060876332
-0.649127116002181	7.85146265643861	0.418214516069683
-0.140216504359433	10.5907900065848	0.563706592620617
0	11.6046490101721	0.615662207718214
11.5670900514855	0	0.532916783455183
10.6375265149179	-0.128273487724335	0.491857908895667
8.18298839183772	-0.583837092298325	0.376989219367211
4.74271425442798	-1.56092528358605	0.211729485980001
0.81518353567775	-3.1074096679886	0.0241528818008888
-3.14040334357143	-5.13417877064213	-0.160486945222342
-6.70312106089559	-7.42155920473641	-0.318591677877402
-9.4815743228869	-9.61300615488314	-0.427163234581588
-10.936198124695	-11.0578313021024	-0.4704994008022
-10.2111227066629	-10.4847223490287	-0.447708207017181
-8.1292181477093	-7.84392962409267	-0.358023224067957
-5.80369413935201	-4.22323230615423	-0.203647277436177
-3.62991434282136	0.00440967403249933	-0.00744968745930319
-1.88562651035315	4.40427915940321	0.204534021091156
-0.72538635834381	8.45555119414603	0.401696342919698
-0.158442537240794	11.4878901748455	0.543548716978069
0	12.6247286920701	0.594610199546314
12.3773984704449	0	0.50087142176508
11.3634189418025	-0.140551733971501	0.46208408505167
8.72083478727328	-0.634116204339166	0.354373614648085
5.05485427792444	-1.67841362066058	0.199067730002298
0.887625249779143	-3.32374057096739	0.023563962181376
-3.32405706894581	-5.48691573668699	-0.148894977748449
-7.15842012949515	-7.95372944539659	-0.296434762273082
-10.213673492054	-10.3664413348198	-0.397313541527941
-11.8867327046668	-12.0242164759754	-0.43676025294164
-11.0970723877539	-11.4270608059223	-0.417223542156721
-8.78894297828839	-8.50222660138222	-0.336240771160902
-6.26501001930573	-4.58126391532012	-0.192719040326291
-3.92859697140343	-0.0501577162918287	-0.00865501578240926
-2.05645348378099	4.65606430991081	0.191172922379085
-0.801986329593525	9.01834716172457	0.378327119474958
-0.177770000818443	12.3362631914046	0.514395798623411
0	13.5997585624017	0.563875127605063
13.1279300835345	0	0.460665227028396
12.0350664870622	-0.151914545895298	0.424689306811879
9.21592628503091	-0.68127994831584	0.325761719772962
5.34116084781372	-1.78828659800418	0.183082054730869
0.953560298998777	-3.52521369692486	0.0224439743096135
-3.49475304453073	-5.8153699142733	-0.135128730929725
-7.58367462166506	-8.45158621114427	-0.269730981092519
-10.9026652758059	-11.0767028137154	-0.361240710768091
-12.7932768159785	-12.947257727355	-0.39608010166125
-11.9512123656013	-12.3399703181356	-0.380308939548084
-9.42276270945084	-9.14245029539267	-0.308817613945807
-6.70513539112139	-4.93087116797983	-0.178435967350197
-4.21287296404275	-0.111397262223499	-0.00951341144105887
-2.22009549936154	4.88121786011418	0.174735980419125
-0.8772404505451	9.53209968178652	0.348345753862109
-0.19884593085154	13.1196740848191	0.47577763885778
0	14.5087742669942	0.523052532508781
13.8030799532135	0	0.412768786037129
12.6393805960601	-0.162655207599715	0.380106066557293
9.66008158376182	-0.724750020046567	0.291493370846248
5.59720294617205	-1.88872783083439	0.163903664337248
1.0117440748651	-3.70849206760425	0.0207578655163602
-3.64994409895494	-6.11393845639742	-0.119386384543565
-7.97091806350986	-8.90564960033424	-0.238873162856855
-11.5332473441329	-11.7281049124622	-0.319617897938448
-13.6323469421763	-13.8032539238724	-0.349386721817239
-12.7512834351415	-13.1987605002485	-0.337539086033396
-10.0168251040894	-9.74966259688307	-0.276066271746129
-7.11512572348827	-5.26409409120912	-0.160852813658066
-4.47665238686328	-0.176244758249591	-0.00992994118263941
-2.37235660031679	5.07885899965629	0.155430915703852
-0.94820559028895	9.99236180334814	0.312053313172044
-0.219468783372749	13.8272944304558	0.428022953640549
0	15.3361197494376	0.471576712763021
14.3902868506203	0	0.35718272225327
13.1658601693394	-0.173324867797797	0.328972585877953
10.0460374661579	-0.764084462682435	0.252046682307489
5.81866967259536	-1.97819872669214	0.141780593800308
1.0608403301667	-3.87055829522439	0.0185079512588757
-3.78724378105209	-6.37731923248534	-0.101912851046352
-8.31258968668954	-9.30683885560828	-0.204359556950076
-12.0913120617793	-12.3059130425274	-0.273152900192666
-14.3822527227839	-14.5699133193657	-0.297766459000892
-13.4757346648529	-13.9795226281278	-0.28962888321003
-10.556204792673	-10.3069617397504	-0.238506609503096
-7.48540092335198	-5.57155621940211	-0.140131558514568
-4.71370778713395	-0.240966264726746	-0.0098365310590787
-2.50917163078587	5.24823640428444	0.133518620536368
-1.01235671496584	10.3943059623285	0.26989230975191
-0.238380472308709	14.4497320689555	0.371687451003624
0	16.0689505765843	0.410217147899032
14.8807262316237	0	0.294532229684474
13.6080881942273	-0.182945767435291	0.271673011246152
10.3686927459711	-0.798322017729724	0.208081681861158
6.00195699624923	-2.05515561276874	0.117078209863768
1.09960376988229	-4.00869082379438	0.0157395741975042
-3.90451773061557	-6.60071303649642	-0.0829861820729292
-8.60177534270729	-9.64679519951856	-0.166774942500949
-12.5640050789945	-12.7965150768869	-0.222701805263375
-15.0234174053225	-15.2268234895163	-0.242219626050691
-14.105116112331	-14.6604433444301	-0.237365268240012
-11.0261949151557	-10.7974783736828	-0.196721608341657
-7.80627377059561	-5.84319847641932	-0.116534814172318
-4.91787359571539	-0.301338778896181	-0.00919761768112976
-2.62673897633885	5.38870924089062	0.109328042166044
-1.06780553981428	10.7319701945698	0.222484378171005
-0.254912326040968	14.9753193528087	0.307548537533442
0	16.6934945030248	0.340037068363505
15.26686679698	0	0.225847191247631
13.9615510175281	-0.190696573916177	0.20902666680333
10.6239239683875	-0.826428379096606	0.16020151121151
6.14370603733944	-2.11836176165564	0.0902007546959021
1.12640765853292	-4.1208251255371	0.0125117293803802
-4.00046377438289	-6.78028937078012	-0.062919549803849
-8.83289496189267	-9.91853704529234	-0.126793078602697
-12.9396650925898	-13.1875583985107	-0.169162524455157
-15.5381201531384	-15.7552612173476	-0.183689967792965
-14.622173497922	-15.2220216428664	-0.181559885737623
-11.412760706775	-11.2048436064698	-0.151345535041637
-8.06801295668159	-6.06824310144016	-0.0903894069781125
-5.08286129041901	-0.352011776245118	-0.00799344307096089
-2.72124050118436	5.50083363541308	0.0832592495103467
-1.11260051100986	11.0010592968573	0.170645649151759
-0.268508227707025	15.3937245067173	0.236854742424603
0	17.1958335028691	0.26234987689063
15.5407894896771	0	0.152279120615603
14.2193701429275	-0.196391074870064	0.141960070760233
10.8055894692143	-0.848235619758022	0.109108419612276
6.23918331739925	-2.16738496240728	0.0614863512562804
1.1385231014818	-4.20595718464714	0.00884381107993216
-4.07476475975268	-6.91351147072686	-0.0420859876801137
-9.0018245167605	-10.1168316792197	-0.0851362233106987
-13.2092494587584	-13.4694273137766	-0.113598891651873
-15.9110773685716	-16.1394739268168	-0.123134807682499
-15.0108554282711	-15.6461101115585	-0.122888761578061
-11.702269486616	-11.5129043144241	-0.10298579418286
-8.2607200855624	-6.23496655364975	-0.0620205768335585
-5.20207569822738	-0.385895434634325	-0.00615675109398554
-2.7885808943571	5.58751861809283	0.055839144343625
-1.14454284841079	11.2005735990752	0.115392668633181
-0.278371154878989	15.6998152900339	0.161091287895458
0	17.5657669582247	0.178641580432236
15.698967298531	0	0.0756146983368121
14.3759089036778	-0.199357272697205	0.0716279347640632
10.9092532450032	-0.863061117779467	0.0554841191319293
6.28704354376007	-2.20092820714999	0.0312587740577116
1.13692959268426	-4.26196912461953	0.00465399571320959
-4.12416547770905	-6.99704948837026	-0.0209533348750045
-9.10203911564938	-10.2358423735433	-0.0425877135871076
-13.3630051738916	-13.6327889397891	-0.0569560643415055
-16.1257010767919	-16.3613834842448	-0.0611388644684431
-15.2600779894196	-15.9207771852891	-0.062557228205826
-11.8838500635353	-11.7093494270126	-0.0523155428771988
-8.37694139557011	-6.33526269267947	-0.0317130968621749
-5.27124482873821	-0.39950793486897	-0.00349056546232552
-2.82655647580319	5.64892989096274	0.0278163645154744
-1.16258193706432	11.328881081768	0.0580134455455784
-0.284120577002945	15.8919382066294	0.081821790550675
0	17.7960823141448	0.0905141057375103
15.7604836414933	0	0
14.4479407388217	-0.195391892853165	0
10.9751597829923	-0.858383329177664	0
6.34278665145155	-2.19746731985329	0
1.18165882196406	-4.25916762863831	0
-4.09279547380857	-6.99666449838768	0
-9.0888422687148	-10.2424482428206	0
-13.3719553473789	-13.6521733056835	0
-16.1536896943745	-16.3928466906664	0
-15.3410009586294	-16.0101309274468	0
-11.9588907826621	-11.7987513675438	0
-8.43727889940324	-6.40580695506796	0
-5.31723252035747	-0.450621146571516	0
-2.85913903057557	5.61861439597512	0
-1.18295439904552	11.3239485306563	0
-0.293058392863575	15.9258446250209	0
0	17.8546979564278	0
