0	0	0
0	0	0
0	0	0
0	0	0
0	0	0
0	0	0
0	0	0
0	0	0
0	0	0
0	0	0
0	0	0
0	0	0
0	0	0
0	0	0
0	0	0
0	0	0
0	0	0
0.0515442940032836	0	0.0781142568504043
0.0309245667420206	-0.0104325953461055	0.0725107672276813
-0.0112728571710345	-0.0273549417409025	0.0571673695690327
-0.0635466378831353	-0.0528374757274897	0.0343484290339578
-0.121080788082841	-0.0879241377257039	0.00714863082285271
-0.175207190596629	-0.130375697649058	-0.0205492176577194
-0.216194042021549	-0.174193336159256	-0.0446237741183792
-0.235810341837042	-0.210112965921913	-0.0617374492015289
-0.229216987424078	-0.227528785521868	-0.0680783731563359
-0.199321835796414	-0.219514788590992	-0.0620128407379418
-0.155890892430969	-0.18704578112505	-0.0447772259355801
-0.110222297554978	-0.137571047998613	-0.0202946887469776
-0.0700169395292391	-0.0806934620507193	0.00802253181942909
-0.0396014248317693	-0.026765929732615	0.0358209952907742
-0.0196327824438769	0.0148201839861666	0.0588884555246306
-0.00806890540759043	0.0347061037262668	0.0737897340369665
0	0.0359654375353968	0.0783231327652843
0.283048712413696	0	0.148843326545304
0.224092989122699	-0.0212722149177053	0.138677022210381
0.106478092400156	-0.0594523515247817	0.109270685997244
-0.0574826245771819	-0.125799488811867	0.0651102549001334
-0.248084788119478	-0.225465721373099	0.0125425275381558
-0.434966688359752	-0.352686344032538	-0.0407074924316374
-0.584969708329671	-0.489393383623215	-0.0865870245208545
-0.670550668259832	-0.607550468418073	-0.11799586015457
-0.675848399760703	-0.674189954433364	-0.129457195824481
-0.604630564927555	-0.663599984778303	-0.118651244610547
-0.481819981439869	-0.570889483498074	-0.0872370389065093
-0.34199216990028	-0.414094438104718	-0.0406173510954505
-0.214056664021934	-0.223088767974823	0.0138738143102541
-0.115627158537134	-0.0322503526766624	0.0678170921436882
-0.0520557025078724	0.125379114693647	0.112981285890198
-0.0183327702457814	0.218695982714186	0.14264077606022
0	0.229151719184233	0.152973922249132
0.684964013965667	0	0.212298152113769
0.588539407047494	-0.0261143843373419	0.197536270635573
0.386679549663308	-0.0803480206197262	0.154888246211733
0.0949442276417922	-0.183139637636566	0.0906549209831754
-0.248749628636065	-0.343374746646924	0.0142549605260735
-0.589419876839859	-0.550755332216954	-0.062952448306754
-0.86826894947091	-0.773814747535021	-0.129258469774874
-1.03655941403966	-0.964096170338325	-0.174356890268032
-1.0681959684686	-1.06705958635051	-0.190872619284621
-0.968691228654081	-1.0394235515491	-0.175862955801873
-0.777447724018044	-0.870446958646279	-0.131351645332859
-0.550671929393721	-0.586426291613078	-0.0643459191858933
-0.339312962625094	-0.238463710091507	0.0146963430457689
-0.176371119178646	0.11209643233447	0.0934834505721106
-0.0732887949422664	0.405411417412656	0.159888567772497
-0.0224853177171865	0.586862080026453	0.203884325201226
0	0.616531741558525	0.219317685289279
1.19211931545088	0	0.269277581013035
1.06331062486292	-0.028621097695764	0.2502144858663
0.76418338877675	-0.0982555492420643	0.195332796791562
0.327007160396031	-0.238507536957344	0.112725656744226
-0.188872727009113	-0.461348647916209	0.0146026773215496
-0.701519166858957	-0.750829465397343	-0.0843886809365287
-1.12488391541624	-1.06075178985398	-0.16926799029686
-1.38845252446903	-1.32124612131704	-0.22694012114158
-1.45502455990125	-1.45487790264433	-0.248297015323684
-1.33162857314115	-1.39989977199975	-0.229700553889351
-1.07326003012047	-1.14007052766783	-0.173460934504117
-0.758970060206232	-0.711093171585674	-0.0880455727573082
-0.462501447332076	-0.185965919807099	0.0133990779813606
-0.233717139970924	0.344292764393267	0.115126698240595
-0.0912629973012712	0.789344542568257	0.201356400259693
-0.0248257512565012	1.06943479780058	0.258861808729115
0	1.13264742871622	0.279103534012185
1.77041404678178	0	0.320213186243817
1.60998058977593	-0.031301108473705	0.29726550560743
1.19937350364626	-0.118585547892756	0.231375445281972
0.596143018591198	-0.301515455722871	0.132335814341223
-0.114444815907737	-0.594844874482945	0.0149013208781898
-0.820400541423673	-0.975872157693123	-0.103366903303524
-1.40608024575714	-1.38199759530203	-0.204657259829335
-1.77787199244136	-1.72017940532971	-0.273493727527122
-1.88593258973524	-1.88764235790679	-0.299267115538656
-1.73796567416766	-1.80143076091662	-0.277650832636774
-1.4060688406582	-1.43889500721219	-0.211215005462428
-0.994796796330033	-0.846512337771242	-0.109592662088875
-0.603017509599833	-0.120840125173965	0.0117913562987645
-0.299849478978686	0.613863043604458	0.134191829708341
-0.112657103772309	1.23207012019671	0.238503481131015
-0.0280815969839335	1.62670565784063	0.308454540487358
0	1.73799134554908	0.333212179381914
2.4093480703286	0	0.365214667532734
2.21275517887308	-0.0347596603010256	0.338800923926231
1.67799000281976	-0.142320401656626	0.263196485537776
0.88886514696466	-0.373893157890417	0.149740480640169
-0.0387460289756921	-0.746899782519029	0.0154828263510869
-0.959459515872285	-1.23088125813907	-0.119486712893735
-1.72557372198374	-1.74518231771513	-0.234972247556421
-2.21878457449642	-2.17164931410584	-0.313519753406297
-2.37448917277088	-2.37923483053487	-0.343204529957162
-2.19976884196099	-2.26009139051072	-0.319130922722285
-1.78546350000846	-1.78384917664659	-0.244066497747779
-1.26522221227479	-1.00988083811455	-0.128489279010825
-0.765714004934032	-0.0602483119388931	0.0103050706386226
-0.377697434210303	0.904376809806648	0.151035348763088
-0.138802824221029	1.71901969606858	0.271619362607491
-0.0325048681089816	2.24656231211363	0.352880251955132
0	2.41510583520613	0.381739524118139
3.10322027188925	0	0.404272730724104
2.86399268203031	-0.0388423731375518	0.374804346485751
2.1944387378539	-0.168804744292787	0.290760716029369
1.20250524596466	-0.45415934171936	0.164902571295087
0.0384390177533292	-0.915019730584967	0.0163030576020896
-1.11622300497821	-1.51242482050235	-0.132813932800046
-2.0797178296198	-2.14637461150363	-0.260313064013539
-2.70741556201392	-2.67186383842434	-0.347156973719695
-2.9175109508996	-2.92663072419747	-0.380282771177356
-2.71423539765961	-2.77363593923027	-0.354327680771373
-2.20850165838854	-2.17300123427843	-0.272113144765048
-1.56778425736881	-1.20039833595802	-0.144810897154457
-0.949003622144964	-0.00555134223684267	0.00888265939039386
-0.466320373152196	1.21249370757904	0.165613858266054
-0.168979701773425	2.24617063251466	0.300674062122967
-0.0375941145745673	2.92462483670856	0.392103226196295
0	3.15495916525486	0.424591058044149
3.84409748001168	0	0.437339518682686
3.5561246287296	-0.0434119345902024	0.405237085918739
2.74261770401817	-0.197546230085495	0.314009719843364
1.53450085986927	-0.540788287978675	0.177743723760803
0.118638836034476	-1.09607356312222	0.0172668475449314
-1.28574958032245	-1.8156092303272	-0.143483034680332
-2.46195473847328	-2.57961217258352	-0.280839743359505
-3.23687363418886	-3.21447319771569	-0.3746037313827
-3.50918653104264	-3.5242034152827	-0.410664933651141
-3.27594286936977	-3.33654263647463	-0.38347706899857
-2.67000704118848	-2.60119595367781	-0.295506731755866
-1.89849888508913	-1.41461525087307	-0.158678767102089
-1.15066049371682	0.043261615860919	0.00741621734515339
-0.56472233299974	1.53507432825965	0.177819639689168
-0.202596299153148	2.80907018020056	0.325580602552321
-0.0431098179147362	3.65496073098468	0.426053902980679
0	3.94931057623023	0.461725603598071
4.62253808969779	0	0.464408396439703
4.28070805686556	-0.0485366273777168	0.430060246619788
3.31473877096742	-0.22858240257283	0.332913995930815
1.88021380581913	-0.63297226208351	0.188213954168233
0.201705623765203	-1.28758800631709	0.0183110633224801
-1.46410775061485	-2.13596469123226	-0.151573830199643
-2.86671322089769	-3.03930367170229	-0.296751534941598
-3.80194564688193	-3.79451922761534	-0.396052494950652
-4.1462782927655	-4.16899527495619	-0.43434539843229
-3.88050385149882	-3.94493765460401	-0.406660021000341
-3.16527107536497	-3.06390425625132	-0.314419249181445
-2.25389663931993	-1.65014253884587	-0.170138583459999
-1.36911862298896	0.0846556592722914	0.00588399447241761
-0.672765113204797	1.86674721320533	0.187646392695834
-0.240129601861311	3.40021677601434	0.346268259304302
-0.0493035075983673	4.42979050942202	0.454699838939746
0	4.79087473876429	0.49309539229809
5.42886420174694	0	0.485458834684998
5.02920373335052	-0.054212676375279	0.449240724341108
3.90300220886207	-0.261900025807629	0.34740179358524
2.23433882575281	-0.730193892041232	0.196312727053502
0.286516993374199	-1.48751128354209	0.019398160664768
-1.64830589319083	-2.46951783838335	-0.157134578001606
-3.28870453618777	-3.52024983243218	-0.308068483927207
-4.3988401084081	-4.40758946495909	-0.411631346885237
-4.82879890158436	-4.85968540596317	-0.451870405487899
-4.52517301240019	-4.59805944300027	-0.423768391029838
-3.6895323050572	-3.55711480801371	-0.32885965289751
-2.63049779102205	-1.90498535171281	-0.179166176683948
-1.60278867485752	0.11662857517243	0.00431205118585392
-0.790269905394791	2.20145703836717	0.194994513558269
-0.281660155517993	4.01068785324203	0.362532699819943
-0.0563319797391628	5.2393754912349	0.477946595441819
0	5.67191689270142	0.51879110800374
6.25366251123095	0	0.500475838469904
5.79263112881413	-0.0603905246811582	0.462655770433416
4.49968687643791	-0.297235069401049	0.357293163090758
2.59219790592752	-0.831521088880281	0.201943893500914
0.372304109156508	-1.6935081979871	0.0204883100046262
-1.83526613424875	-2.81209774076257	-0.160212243121536
-3.72272052883253	-4.01710337093089	-0.314863025128523
-5.02406793510167	-5.05008277137295	-0.42115348193394
-5.55528708558934	-5.59465448638776	-0.463447119548953
-5.20783461466551	-5.29471392453926	-0.435143452175735
-4.23802864827342	-4.07656516031064	-0.33876940681923
-3.02441787811003	-2.17654183534903	-0.185694535443338
-1.84972710569642	0.137526071285408	0.00271454600539706
-0.917189997026817	2.53183413371252	0.199724527112645
-0.328279132923649	4.62905779749829	0.374028180782328
-0.064776272199395	6.07326521420974	0.495554035460969
0	6.5837144342666	0.538496942467793
7.08639779638015	0	0.509312748371213
6.55979330416738	-0.0675439075251614	0.470130946052895
5.09532728624072	-0.33483667325442	0.362386371614306
2.94877565635659	-0.935938931293079	0.204902634683879
0.458630753466668	-1.90289230170291	0.0215049316765477
-2.02157981093938	-3.15910621229147	-0.1608499201716
-4.16265468894269	-4.52357260739092	-0.31714986997534
-5.67323446173421	-5.71657443271913	-0.424904782929721
-6.3217238307138	-6.3725290901993	-0.468549171847027
-5.92435297755763	-6.03048380738452	-0.44090240723277
-4.80561595205504	-4.61699206002764	-0.344106276423405
-3.43140257641911	-2.46142166854494	-0.189665464972864
-2.10768582481755	0.146568078723532	0.00112148933661553
-1.05334843118444	2.85172891581736	0.201813171333368
-0.381386338880261	5.24348924117565	0.380910810255958
-0.0774866474999797	6.91711222860319	0.50690661079337
0	7.51587853918654	0.551587017660754
7.9157108183551	0	0.511138231773379
7.31880849948775	-0.0774697155200002	0.471679079321824
5.67874115533862	-0.375833916465374	0.362588929267968
3.29791144340695	-1.04303097382418	0.205061659436867
0.544501634234864	-2.11320046119219	0.0223321431148044
-2.20426707580495	-3.50612549543866	-0.159144574014334
-4.60253167655241	-5.033563660105	-0.314986915629749
-6.33839471449713	-6.40006229726916	-0.422808797531595
-7.12228716988762	-7.18688387947037	-0.467055937348109
-6.66937204415584	-6.79965484998415	-0.440588001844303
-5.3866729817545	-5.17270731395545	-0.344815958974776
-3.84686271714447	-2.75595491990886	-0.191056564402503
-2.3737418292252	0.14411227121596	-0.000435170055507092
-1.19761737268738	3.1570907279372	0.201243450961683
-0.440345675788321	5.84841045873559	0.383054868293174
-0.0925478343319529	7.76053127555241	0.511569776838666
0	8.45463697048784	0.557114386097038
8.73039808232397	0	0.505325930564777
8.06040308518704	-0.0892492229368091	0.46664922725834
6.24205384192015	-0.420165295116616	0.35807226701201
3.63399489670938	-1.15208456327379	0.202413495385412
0.628288535482588	-2.32215748246637	0.0228757651910925
-2.38150705825911	-3.84913662287505	-0.15521870356279
-5.03732089729654	-5.5411233433287	-0.308464193608086
-7.01217679911157	-7.09302252166774	-0.414837644389375
-7.94942560809973	-8.02911640246251	-0.45868057471489
-7.43582554855046	-7.5957381339553	-0.433729336479771
-5.97562140503784	-5.73934153483504	-0.340816815903572
-4.266166595606	-3.05727027022286	-0.18986650528111
-2.64428153609963	0.131173413666303	-0.00194467968321467
-1.34754955698862	3.44614649553091	0.197958497618235
-0.503575665083922	6.43907181852698	0.379932096359032
-0.107957434001916	8.60051233901561	0.509006131792808
0	9.39276038067753	0.554741062502081
9.52185598472854	0	0.491838588682681
8.77735822591247	-0.101270153175104	0.454341723316883
6.78189758463218	-0.46646487751286	0.348752005035088
3.95373814457319	-1.26155041789015	0.196947407839874
0.708503563031216	-2.52732705552132	0.023070195690669
-2.55241642825957	-4.18436675603518	-0.149163345372567
-5.46307057921788	-6.04048007589026	-0.297591240639317
-7.68540382091684	-7.78560963453107	-0.400788164385974
-8.79484756470975	-8.88896842192341	-0.443316985603012
-8.21585956259157	-8.4127269275262	-0.420142729899553
-6.56664607756441	-6.31330631268897	-0.331954778397424
-4.68465291000317	-3.36320378845449	-0.186033435095299
-2.91536156101544	0.108677940992852	-0.00340224985526122
-1.49994273166134	3.71805043283507	0.191838865069712
-0.569155788857674	7.00947648236944	0.371140775947357
-0.123552135355176	9.42954720969222	0.498794167009938
0	10.3252373256322	0.54427348333493
10.2842609878253	0	0.470837177212719
9.46379399844798	-0.113056112477206	0.434903576982515
7.29521738577756	-0.512406183031422	0.334090691158031
4.25553025786259	-1.36888165919747	0.18861051654669
0.784206642654157	-2.72579035173925	0.0228941544816767
-2.71585832440849	-4.50763367912638	-0.141006812152797
-5.8752855733989	-6.52509709471258	-0.282332524946787
-8.34642554606657	-8.46596017967256	-0.380547324434028
-9.642807038399	-9.75022936896974	-0.420813137336858
-8.99923273997233	-9.24064174266923	-0.399910268761165
-7.15308475935739	-6.88953005272131	-0.318014041842271
-5.09720979107076	-3.67112354967487	-0.179396480934077
-3.18293479119891	0.0773488141145248	-0.00475506543134997
-1.6519344124946	3.97081253801456	0.182801298034201
-0.635815979292941	7.5523443677547	0.356418274588592
-0.139604727772701	10.2327287948925	0.480791736803883
0	11.2380449424406	0.525441912959295
11.008408303533	0	0.442416413935864
10.1128544072539	-0.123870294641408	0.408490964010688
7.77710019768749	-0.556460601318922	0.31400089368495
4.53742307762166	-1.4715348669676	0.177312450105732
0.854767837892697	-2.91431622932846	0.0222826527162987
-2.87000787125848	-4.81428740927379	-0.130814113094493
-6.2674217054562	-6.98719530618759	-0.262790272724169
-8.98202063781988	-9.12097650105377	-0.354309797863831
-10.4717120257751	-10.5927984427507	-0.391381685740161
-9.77099532232022	-10.0619450801151	-0.373340576014462
-7.7262621684121	-7.45943181384813	-0.29891504606515
-5.49775343270446	-3.97680486770408	-0.16982454792739
-3.44261644446436	0.0381929777597495	-0.00592083327658493
-1.80078041071918	4.20161482257747	0.170870536029297
-0.702742272727283	8.05867428859269	0.335631080398536
-0.156620521765158	10.9930051084941	0.454862717667227
0	12.1112932127179	0.498085565677484
11.6796892867617	0	0.406816457332397
10.7137987791712	-0.133881303474352	0.375362086034927
8.22091584337247	-0.597784370027266	0.288609599355834
4.79613316447372	-1.56751871956945	0.163058614755886
0.919239021567353	-3.0897971055922	0.0211778584429898
-3.01282690310734	-5.0994654562978	-0.118711788946211
-6.63260098410847	-7.41856981188858	-0.23920147634541
-9.57841472319027	-9.73677684502963	-0.322470683575856
-11.2603451442139	-11.395594021374	-0.355642817729772
-10.5132813060276	-10.8558367208583	-0.340958428665861
-8.27558018694583	-8.01232058066583	-0.27478586574904
-5.87917245216597	-4.27468575626728	-0.15729557644965
-3.68950799731781	-0.00703892190319854	-0.00681330167021399
-1.9432936928881	4.40852991010216	0.156189262308395
-0.768467365908525	8.52137479234781	0.308992277321133
-0.175174018893009	11.6956797564159	0.420597775314191
0	12.9260272588551	0.461860065387534
12.2839968472006	0	0.364455956020181
11.2547836080694	-0.143350975692496	0.335902660695475
8.61925890807161	-0.635873648337692	0.258219687185754
5.02762057048109	-1.65525099675654	0.145966637396342
0.976379598808013	-3.24935056442663	0.0195496455530174
-3.14231161228698	-5.35838762627695	-0.104874444602646
-6.96419972086138	-7.81118863944151	-0.211908344325637
-10.1226128413859	-10.3000050433212	-0.285602094603286
-11.9885049286866	-12.1382407607594	-0.314357462891057
-11.2069674662651	-11.6010591787279	-0.303210317300918
-8.7891951992933	-8.53547596114212	-0.245878499827604
-6.23381852621228	-4.55809275984315	-0.141851710345147
-3.9183693537935	-0.0558870082370667	-0.00734702414746851
-2.07583438802511	4.59058725293475	0.138942216480552
-0.830418846858115	8.93630656413887	0.276768705685678
-0.193318923168408	12.3309001606037	0.378289855748121
0	13.6680550524168	0.416269545882917
12.8099268995848	0	0.315332316816478
11.7262863482787	-0.152768410704652	0.290677334546716
8.96554854456428	-0.670343801742842	0.223255208324613
5.22795518734563	-1.73339390689154	0.12625753322345
1.02487053209166	-3.39037667865272	0.0174015075823545
-3.25660942824655	-5.58655055042259	-0.0895177088419358
-7.25601497189284	-8.1574292113464	-0.181348318399768
-10.6028236117577	-10.7982855214202	-0.244314871786373
-12.6377223072372	-12.8017664056061	-0.268442850063896
-11.8337169099326	-12.2772142499447	-0.260678202438109
-9.25444825735434	-9.01458091608287	-0.212629061276743
-6.55355133607801	-4.81917869141168	-0.123628867316394
-4.12385823000812	-0.105314901942513	-0.00745903041956227
-2.19488009134746	4.74693606747031	0.119362079569863
-0.88639293221806	9.2989923997787	0.239352677173244
-0.2099454777682	12.8900908678011	0.328430996036115
0	14.325691862454	0.361996729943147
13.2494284770507	0	0.259993281931934
12.1224708872195	-0.161267309141186	0.240022456884823
9.25515173756212	-0.700349758064203	0.184299740331586
5.39384576064206	-1.80060346090684	0.104255973579321
1.06348252759162	-3.51053398489397	0.0147755505318102
-3.35408450713195	-5.77989479909132	-0.0728862944268132
-7.50244089963036	-8.45033397642705	-0.148037971376685
-11.0084731128681	-11.2203411495408	-0.19936178980374
-13.1914881770526	-13.3689606229176	-0.218762583803687
-12.3771406165107	-12.8658547825066	-0.214027846747283
-9.65896628682134	-9.43544551158022	-0.17553594864606
-6.83018790272143	-5.04954863836929	-0.102852432584193
-4.30069919671322	-0.151858571439837	-0.00711389492390808
-2.29714178047923	4.87682936153947	0.0977426169222731
-0.934747534545496	9.60393422919942	0.197294902894457
-0.224463381837309	13.3626148868985	0.271708752087611
0	14.8863819582563	0.299983062540056
13.5956083349882	0	0.1993440170085
12.4392252712719	-0.168119470581435	0.184659131859681
9.48431837014205	-0.72498122034298	0.141885569657048
5.52222711345506	-1.85580430053674	0.0803207919166745
1.09065869722025	-3.60805411896393	0.0117263209324722
-3.43381838514586	-5.93520223629764	-0.0552558753399911
-7.69903327890956	-8.68414862131177	-0.112575769602032
-11.3300948212495	-11.5560635749062	-0.15154482458968
-13.635003459789	-13.824183812597	-0.166157207410865
-12.8228203365796	-13.3506124461902	-0.163971319350026
-9.99102657161025	-9.78437700705031	-0.13515305756474
-7.05553515626193	-5.24018940260511	-0.0798060494375325
-4.44351264382289	-0.19103831070013	-0.006288903298966
-2.3793158009379	4.9806027450487	0.0744414693778019
-0.973788464302171	9.84712684129732	0.151317425087443
-0.236383679315742	13.739032915267	0.209224361747403
0	15.3374353437813	0.231388252029235
13.8412177905289	0	0.134396679563146
12.670325680411	-0.173155525708258	0.125403680031934
9.64749255269279	-0.744090490424656	0.0966326220960483
5.60881675354637	-1.89862390588155	0.0547520400002115
1.10387833441418	-3.68209132378549	0.00827342911336753
-3.49573146466102	-6.05036993583741	-0.0369550203933224
-7.84256738453898	-8.85460768218823	-0.0756056854673825
-11.5605048003227	-11.7977288581231	-0.101826595597533
-13.9556698939843	-14.1544746666401	-0.111511884315276
-13.1573796240586	-13.7162865542505	-0.111126821250051
-10.2392823752175	-10.0478792461318	-0.0920229928830557
-7.22125078303791	-5.38121738404896	-0.0547744259204151
-4.54664201034353	-0.216789116701808	-0.00491822859853397
-2.43785336057826	5.06071662685668	0.049929506007336
-1.00160881239504	10.0275288521285	0.102319008488572
-0.245009524027882	14.0146066251204	0.142285221371262
0	15.669547702511	0.157519347277973
13.9830207984162	0	0.0667265128472913
12.810704546877	-0.175773296872209	0.0632720217812972
9.74069280121953	-0.757067014344097	0.0491411246336747
5.65241835760868	-1.92791305389216	0.0278363508143264
1.10399382590715	-3.73079491824718	0.00434670051355267
-3.53705229955595	-6.12255717516364	-0.0183958455578908
-7.92756457013638	-8.95683578048236	-0.0378265680445116
-11.6917754788145	-11.9377781188434	-0.0510742331135187
-14.1400606957281	-14.3451600979724	-0.0554069635229825
-13.3717338893558	-13.953100546884	-0.0566163833030202
-10.394757654339	-10.2157844981934	-0.0467638241335294
-7.32108695182043	-5.46587886029291	-0.0280115592516805
-4.60645275998064	-0.226232200560734	-0.0028212666314748
-2.47087221520938	5.11716118508669	0.0248749826320528
-1.01732596790181	10.1434875900765	0.0514390530135963
-0.250027496142172	14.1876816607791	0.0722657908314555
0	15.8761082794922	0.0797853776879074
14.0383033130228	0	0
12.8755557952269	-0.172255669951098	0
9.80018433264899	-0.752866677668291	0
5.7029662155802	-1.92468518930556	0
1.1449586773006	-3.72795736488487	0
-3.50773347294078	-6.12159368071549	0
-7.91433609135795	-8.96184222471977	0
-11.6987142741405	-11.9543280666223	0
-14.165339756224	-14.3737118462151	0
-13.4417091701061	-14.0305996634553	0
-10.4591245554414	-10.2927999515568	0
-7.37334939558592	-5.52729919397784	0
-4.64667946151699	-0.271426880209336	0
-2.49953231954414	5.08992797744403	0
-1.03529205203508	10.1387073403812	0
-0.2579373080889	14.2176470710656	0
0	15.9279473476393	0
