0	0	0
0	0	0
0	0	0
0	0	0
0	0	0
0	0	0
0	0	0
0	0	0
0	0	0
0	0	0
0	0	0
0	0	0
0	0	0
0	0	0
0	0	0
0	0	0
0	0	0
0.0375457990823987	0	0.05734282355924
0.0224146165353058	-0.00763593936780501	0.0532590266535139
-0.00827215567464588	-0.0199910698725955	0.0420773001303336
-0.0462354785995094	-0.038562938069414	0.0254307405164113
-0.0881601583193746	-0.0641658912119	0.00555331103857901
-0.127814497100068	-0.095238556093443	-0.0147322232366066
-0.158036995979901	-0.127425628969584	-0.032403453273489
-0.172656683972408	-0.153895612278034	-0.0449885270668886
-0.167986466757018	-0.166773471698752	-0.0496621795995809
-0.146104584077866	-0.160897938115039	-0.0452087447686494
-0.114187064510032	-0.13694612754496	-0.0325390980727886
-0.0806115987374667	-0.100465064676137	-0.0145521472517798
-0.0511092978527547	-0.0586482943600777	0.00622226298588598
-0.0288687194197341	-0.0192043295995075	0.0265772664220717
-0.0143157991403442	0.0110125168549948	0.0434335372530363
-0.00588866968766503	0.0253311106631347	0.054301725730371
0	0.0258668545591347	0.0575941170299316
0.206695451201264	0	0.10923088555141
0.163490125837862	-0.0155605634602462	0.101840819803789
0.0780334408045637	-0.0433891634941345	0.0804296608697616
-0.0411402507456337	-0.0916988927722793	0.0482216670707308
-0.180147920266902	-0.164404615756063	0.00978773807609796
-0.31705104289451	-0.257501753838339	-0.0292626033301449
-0.427452590496433	-0.357858074420488	-0.0630146950136093
-0.490785210655405	-0.444807202789226	-0.0861898242118008
-0.495065612207624	-0.493921618994028	-0.0946777622304865
-0.442933645609654	-0.486137877355461	-0.0867203845127254
-0.352713018894712	-0.417773451230231	-0.063554481278071
-0.250000552005128	-0.302285992882976	-0.0292224829063022
-0.156195438632158	-0.161977864260643	0.010812689926233
-0.084246667619241	-0.0223825404758897	0.0503356727846559
-0.0379207591785547	0.0923480830768741	0.0833350262561412
-0.0133658044588347	0.15991175512981	0.104956308317757
0	0.166574049930741	0.112480151551748
0.500601179352169	0	0.155694699463988
0.430010567820379	-0.0190929599602686	0.144986386840804
0.283533500218845	-0.0585411786555634	0.113968558880454
0.0716167912545101	-0.133255171421104	0.0671597383620928
-0.179007568626068	-0.250024407039847	0.0113310359631901
-0.428643545115799	-0.401747274191718	-0.0452779501280625
-0.634006766663965	-0.565594726776872	-0.0940663759432094
-0.758607061462509	-0.705816001389278	-0.127359685448436
-0.782577083319024	-0.78187243292184	-0.139598859840508
-0.709690774886798	-0.761539844587915	-0.128535771077008
-0.569027062382029	-0.636799618126032	-0.0956899270998824
-0.402312401789945	-0.427412866284618	-0.0463309753614851
-0.247316346688482	-0.171676064814473	0.0117337525739231
-0.128280442525475	0.0847810150769398	0.0694276515662133
-0.0532677077805105	0.298205781209788	0.117904553914912
-0.0163678520658579	0.42943767927851	0.149944529518562
0	0.449510719168209	0.16118645147517
0.87163673256182	0	0.197335479536825
0.77750876394787	-0.0209095340120647	0.183523834857771
0.560634345830879	-0.0714548552876957	0.14365458652041
0.243212186526775	-0.173221438152444	0.083510314786727
-0.132916703182826	-0.33543400493416	0.0118532239919463
-0.508660109781813	-0.547145909762726	-0.0607024217285973
-0.820656673759811	-0.774912301842169	-0.1231530778794
-1.01595298931748	-0.967144079639288	-0.165735588791908
-1.06602696799907	-1.06611110873951	-0.181563455021589
-0.975575744061915	-1.02566085674147	-0.167845911140547
-0.785319041283995	-0.833681079458749	-0.126330000647483
-0.554101800782804	-0.517158626796059	-0.0634091346099967
-0.336685141197799	-0.131020011409538	0.011085726211818
-0.169669710658909	0.256932388753155	0.0855268707452422
-0.0661689653467162	0.580639601329128	0.148417649154194
-0.0180433166821431	0.782974238185448	0.190254512066747
0	0.826964004448286	0.204986840638945
1.29493101878844	0	0.234489857649534
1.17797504630304	-0.0228430547880845	0.217878407847745
0.880422493013783	-0.0860805824853567	0.17006835028949
0.442521667841165	-0.218613317353777	0.0980239634150624
-0.0755132041282296	-0.431896645834282	0.0123126849289207
-0.592977123191896	-0.710390812947244	-0.0743532401321784
-1.02473733738182	-1.00887984040648	-0.148889477220127
-1.30034542485934	-1.25865042766775	-0.199739243071901
-1.38139608727445	-1.38290678984712	-0.218850861173376
-1.2728706794709	-1.31947541596964	-0.202889380165719
-1.02829016226302	-1.05146245715084	-0.153812916085143
-0.725641530372531	-0.614143895154702	-0.0789334375611138
-0.438420902620231	-0.0803953068401048	0.010187132480297
-0.217307322116665	0.457137163365599	0.0997022682892409
-0.0815096187834589	0.906665409218096	0.17571274314661
-0.0203844139324317	1.19159239801298	0.226551642496758
0	1.27017541785356	0.244541941476772
1.76295002711241	0	0.26724422851915
1.61998321891454	-0.0253354747380563	0.248142294751344
1.23257100351942	-0.103130832101379	0.193348984227196
0.659745725565998	-0.270677111511639	0.110891096612172
-0.0164470695858484	-0.54158194370575	0.0129509466401308
-0.691278733669547	-0.895026672271069	-0.0859463501007826
-1.25609622156159	-1.27289519013222	-0.170961956608971
-1.6217651156565	-1.58796274490064	-0.22903489739522
-1.73835405523294	-1.74215353670481	-0.25107281482186
-1.61015461534656	-1.65449120435468	-0.23327268998667
-1.30474443040712	-1.30230929225396	-0.177761561848596
-0.921954592239476	-0.730787196798547	-0.0925510226206436
-0.55599361923073	-0.0322583066798993	0.00935281012136333
-0.27330767633654	0.67344073080765	0.112219977126418
-0.100257993580389	1.26571760561458	0.200008798161182
-0.0235724642621104	1.64660604640558	0.258999999588074
0	1.76654166606579	0.279931417377709
2.27170199987757	0	0.295595611080356
2.09808738063629	-0.0282739954186943	0.274309452170203
1.61310179624574	-0.122123774102717	0.213473492571375
0.893015789516124	-0.328316023628541	0.122084650443258
0.04451892939962	-0.662625560940883	0.0137344978417917
-0.801641234277126	-1.09845368657949	-0.0955313877348602
-1.51190451332291	-1.56393592617359	-0.189445851700872
-1.97726697848395	-1.9521245619724	-0.253728497868994
-2.13438633574096	-2.1414480466204	-0.27836398590266
-1.98518897253735	-2.0288701957893	-0.259140723248392
-1.61235519009796	-1.58461285627043	-0.198252549901403
-1.14110794649535	-0.866330838801634	-0.104319891800809
-0.688167642335345	0.0125238134187139	0.00853934414395637
-0.336953988659499	0.903505217363606	0.123048321075359
-0.121879901327474	1.65499040560953	0.221284126209837
-0.0272396266858608	2.14500600126905	0.287572691608639
0	2.3096420946586	0.311091395586778
2.81554929891666	0	0.31951775146665
2.60687732135957	-0.0315587253849174	0.296359687476745
2.01763746600655	-0.142699333928409	0.230403870498274
1.14051570801691	-0.390407558476773	0.131547914983388
0.108562234164292	-0.792709762522325	0.0145928522588307
-0.920353315791135	-1.3170214521215	-0.10320581961455
-1.78722159577031	-1.87751412805547	-0.204455039218102
-2.36164638153987	-2.34632974165967	-0.273961626127424
-2.56508163267876	-2.5765083171412	-0.300843501974405
-2.39383858002987	-2.43839624712765	-0.280666259014542
-1.94717334962774	-1.89441324545208	-0.215396150848591
-1.38006363168828	-1.01808355843227	-0.114329069671859
-0.833243747536561	0.0540806644322861	0.00766650195171484
-0.407488013141128	1.14513397591044	0.132108672358122
-0.145935116518933	2.0713566352627	0.239476715295051
-0.0312106512132384	2.68262697011933	0.31222196022694
0	2.893623064464	0.337999409124149
3.38772075117627	0	0.339018627392526
3.14027273442117	-0.0352404393011164	0.314275350467764
2.44052540457561	-0.16488649472193	0.244126056642019
1.39886591019473	-0.456360802410684	0.139246509914322
0.175595128120377	-0.930011503198962	0.0154791734105544
-1.04446824694259	-1.54740601513307	-0.109026908274248
-2.07783385068121	-2.20941878304932	-0.216131203108108
-2.77091185485523	-2.76677651036605	-0.28987192084377
-3.02788827961108	-3.04498002217725	-0.318510714816081
-2.83271008564357	-2.88004148008564	-0.297909160997159
-2.30558836341373	-2.22820225422596	-0.229316267964216
-1.63616657433812	-1.18414524767792	-0.122612406126617
-0.990011823781831	0.0913794859324704	0.00671670604496527
-0.484779643799727	1.39446195096661	0.139397806458202
-0.172763346420684	2.50942239286088	0.254540639165927
-0.0356694066928318	3.253921422042	0.332931976591229
0	3.51331634830036	0.360629263747108
3.9812384996819	0	0.35409793919425
3.69209217455828	-0.0393175760559324	0.328044310233987
2.87607101849672	-0.1886787884759	0.254595858535468
1.66415554124641	-0.525804631585247	0.145182845796756
0.244771466175786	-1.07303288905976	0.0163654101159221
-1.17176209503789	-1.78666779784312	-0.113028966505171
-2.37974100533302	-2.55573379625388	-0.224484119827302
-3.20208510617778	-3.21003780400913	-0.30155011972833
-3.5225810066139	-3.54565255440727	-0.331773436326564
-3.2995671031733	-3.35300911325909	-0.310795416125772
-2.68394675132202	-2.58284119556394	-0.240016495051663
-1.90676930547642	-1.36293114735355	-0.129152489462976
-1.15725880495572	0.123002253142484	0.0057069765510714
-0.56867449699175	1.6470797215384	0.144844554250162
-0.202414171558809	2.96271261537427	0.266334815559759
-0.0407294355922141	3.85186933771991	0.34964668786682
0	4.16319897601957	0.379059079056911
4.58928004499074	0	0.364759867651835
4.25579186631798	-0.0437551960339747	0.337590135675634
3.31860095492352	-0.213888382943615	0.261690383884122
1.93289740422666	-0.59807398610176	0.149289276664917
0.315459911061175	-1.22009042390722	0.0172219780812709
-1.29998998476698	-2.03175266693986	-0.115244882806984
-2.68901586305567	-2.91245026562515	-0.229560782875831
-3.65238545530482	-3.67325684975327	-0.308856552732485
-4.04781972583533	-4.07705723957275	-0.340787900746549
-3.7926000216861	-3.85615059735871	-0.319578603527124
-3.07859660776512	-2.9550053011959	-0.247449652288688
-2.18895633632254	-1.55245335814632	-0.133899874345683
-1.33353756597182	0.147727099419507	0.00464522776751039
-0.6591228211728	1.89755208656513	0.148348935915764
-0.235674318134994	3.42285314210462	0.274618329609988
-0.0468145593931342	4.46888284660274	0.362206475354329
0	4.83698936195868	0.393073176987753
5.20413941152054	0	0.370913963498025
4.82313786722337	-0.048899955446243	0.342801887632367
3.7611009373762	-0.240703823470702	0.265272812813061
2.20131103143536	-0.672452826397826	0.151419194107911
0.387228363203914	-1.36926714132425	0.0179927154200895
-1.42671395509605	-2.27933073370578	-0.115704130336482
-3.00110609666408	-3.2749026398819	-0.231363420833154
-4.11836178056545	-4.15223851806156	-0.311991822082602
-4.60037030674003	-4.63787910621334	-0.345168778806952
-4.30852229618577	-4.38595557653341	-0.324338925014917
-3.48562784123345	-3.34065860445906	-0.251577779273896
-2.47958026130853	-1.75020115680022	-0.136810705031451
-1.51721295962244	0.164902223028963	0.00355075603707169
-0.756000223371158	2.14126561694651	0.14989472089351
-0.273559764951461	3.88109622291412	0.279517234149935
-0.0560057830319187	5.09443101659281	0.370184524926961
0	5.52713323942192	0.402234023928579
5.81744471696943	0	0.371969805044815
5.38533536056298	-0.0560656254890671	0.343705361462431
4.19522788067665	-0.26995707500692	0.265287068607787
2.46472023581329	-0.748670994023984	0.15148328357236
0.459188050183273	-1.51883002609127	0.0185930215660247
-1.54986294444558	-2.52623963378548	-0.114475770291634
-3.31160817167498	-3.63861347217869	-0.229925673682467
-4.59399462484101	-4.64166838849173	-0.310882653439336
-5.17569215462922	-5.22311866720743	-0.344812075371884
-4.84315651267668	-4.93796708792085	-0.324729857886478
-3.90081139450302	-3.73548931971449	-0.252352070785072
-2.77529079643067	-1.95351942777895	-0.137866974571341
-1.70619371767739	0.17464591579131	0.00244448843108322
-0.858504577909312	2.37510684050479	0.149469203913396
-0.315612880598405	4.33328356732343	0.28094462448311
-0.0669019590171067	5.72088579647676	0.373279296903197
0	6.22354059379023	0.405875692515745
6.42089877811438	0	0.367485713087311
5.93550120726721	-0.0645804736829121	0.339836118914695
4.61506060256748	-0.301614314491161	0.261864834475141
2.7188245136852	-0.826248719091866	0.149478993702221
0.529950859166124	-1.66719833182085	0.01895426148798
-1.66826431715499	-2.76963782357654	-0.111648388249234
-3.61687095421835	-3.99925421067427	-0.225305503427741
-5.07371865791893	-5.13588087981637	-0.305488885548698
-5.76798402663661	-5.82618703503479	-0.339481957200137
-5.39108856772896	-5.50717708244268	-0.320386976271219
-4.3199726870893	-4.13618921764292	-0.249704699713955
-3.07273963014384	-2.16039210450908	-0.137066987038439
-1.8979138652685	0.177513564536994	0.00133199355679949
-0.964888079809832	2.59761246829093	0.147029664814896
-0.360682194043716	4.77586790406534	0.278519001963399
-0.0780450383088815	6.34607927503653	0.371103896242078
0	6.92098694600061	0.403764144239668
7.00811603906081	0	0.357445798628603
6.46825702998283	-0.0732663959668686	0.330690180648586
5.0180119155228	-0.33469595492173	0.254945654797835
2.96103921703982	-0.904099740324671	0.145399648074061
0.598219083868718	-1.81268275885742	0.0190286308355912
-1.78147499108212	-3.00688929659469	-0.107288476155265
-3.91411840953724	-4.35268975492098	-0.21750357719755
-5.55073725100148	-5.62760352056004	-0.295633939049455
-6.37092822271359	-6.43930800339913	-0.329062988864549
-5.94634839177082	-6.08895938357095	-0.311151605788377
-4.7388091291166	-4.54009078947045	-0.2435149841908
-3.36859032141697	-2.36937632457416	-0.134365703508544
-2.08958703803377	0.173966166870601	0.000214331656446361
-1.07286881017462	2.80797593098203	0.142487266950954
-0.407368925945205	5.20434399886792	0.271952314879023
-0.0893146273771935	6.96447177938509	0.363364316590171
0	7.61580863559762	0.395766976455458
7.57477742492074	0	0.34197482002679
6.97918290058632	-0.0817785142378617	0.316379502379966
5.40172063112469	-0.36752137837061	0.244137685603414
3.19003448015248	-0.980410783919326	0.139206984262293
0.663102402863059	-1.95324619009875	0.0188007341442276
-1.88890628356219	-3.23509157382404	-0.101416647987539
-4.20029660617776	-4.69432272485398	-0.206486911157237
-6.01664356759013	-6.10827986067087	-0.281199653140653
-6.97299783581726	-7.05060376947069	-0.313372454729779
-6.50139450648633	-6.67597250601312	-0.297040436680544
-5.15250700847174	-4.94358103795439	-0.233612749907777
-3.65923183227576	-2.57876350170012	-0.129645001858167
-2.27837278692784	0.16428242093235	-0.00087228624354049
-1.18042336018083	3.00451199059891	0.135779972359284
-0.454761036210394	5.61316680227497	0.261058310138665
-0.100902447729915	7.56490259250801	0.349979504564405
0	8.29743418457939	0.381712255613237
8.11399634434099	0	0.321152343856523
7.46306839442871	-0.0895847351589954	0.297022817532186
5.76241869983796	-0.398991640412108	0.229379451746559
3.40423433504775	-1.05336977032707	0.130835847429398
0.723944983091296	-2.08662633429814	0.0182235061158326
-1.9895091765714	-3.45103928455235	-0.09407979886694
-4.4709938604861	-5.01877650294691	-0.192320879550913
-6.46214796700149	-6.56870222500177	-0.262289172043597
-7.55875344784614	-7.64572898790599	-0.292472322304065
-7.04559447153014	-7.25570844117174	-0.278206357064886
-5.55496605639654	-5.34069690441381	-0.219918114516627
-3.94042475943512	-2.78578078400333	-0.122805773767329
-2.46121446213867	0.148906898660483	-0.00186911812426994
-1.28562761995759	3.18488327467652	0.126925291368491
-0.50228804117802	5.99542614905933	0.245745000617846
-0.113173342956689	8.13446178400726	0.330871508926679
0	8.95076194462571	0.361514367366668
8.6147368618643	0	0.295165048491372
7.91172435184953	-0.0968143620594619	0.27281601424603
6.09503101783053	-0.428506371656795	0.210767055644671
3.60106868567945	-1.12156404497075	0.120291913722925
0.779857276677716	-2.21065226213285	0.0172555990719394
-2.08211478531861	-3.6514038628567	-0.0853692933011133
-4.72168572702222	-5.32047673273918	-0.17516981027552
-6.87780681386127	-6.9993300599327	-0.239153653810203
-8.113343413111	-8.20994782233832	-0.266724053935156
-7.56651591859492	-7.81361392618837	-0.254948145277998
-5.93887801690407	-5.7241653972586	-0.20249638611812
-4.20726898245372	-2.98678730157714	-0.113825605585375
-2.63471459181654	0.12878934095519	-0.00271276922161937
-1.38625176104056	3.34738395981338	0.116027624180167
-0.548917302618252	6.34557944576768	0.226170836283861
-0.126549220476693	8.66190296927041	0.305754006455146
0	9.56132785387855	0.334945798034867
9.06624251040175	0	0.264323058591364
8.31609575542133	-0.103662053122469	0.244045715422087
6.39388864969578	-0.455710820978691	0.188524770364317
3.77740338927964	-1.1838762241804	0.107663232324079
0.829733963355512	-2.32331804635123	0.0158765536209965
-2.16560215755576	-3.83293830644079	-0.07541119457999
-4.94813424514988	-5.59406221126341	-0.155276937061796
-7.25495843857897	-7.39120677668622	-0.212182138689109
-8.62291854923962	-8.72931561506421	-0.236605808642728
-8.05108924751352	-8.33509216511938	-0.227510444418485
-6.29621946492006	-6.08544883601051	-0.181499855840469
-4.45456150107046	-3.17743841471039	-0.102726783113287
-2.79525621439734	0.10536941400539	-0.00333851836934293
-1.47974558749448	3.49101420768227	0.103223113315793
-0.592821739191868	6.6602741443848	0.202531103100849
-0.139614677649652	9.13959720104276	0.27484470678314
0	10.1182382290843	0.301654158239727
9.45973983341359	0	0.228620609489284
8.66886462929401	-0.110487061223868	0.211123701226007
6.65394093098513	-0.480335181986371	0.162963200918924
3.93018824583141	-1.23936529214571	0.0931131068105762
0.872416326651994	-2.42282249580363	0.0140910740610132
-2.2389663185582	-3.99260634601392	-0.0643611244538945
-5.14646805419478	-5.83452516761101	-0.132957740278185
-7.58598415723109	-7.73624568298563	-0.181804084781521
-9.07508198226068	-9.19111419507066	-0.202734733902954
-8.48701726524427	-8.80638212298773	-0.196255128363638
-6.61853598047744	-6.41501376291536	-0.157217060209823
-4.67682316957313	-3.3526241823006	-0.0895987438159637
-2.93917045392243	0.0804911454585152	-0.00369638403882231
-1.56364705650772	3.61486663684404	0.088683924823582
-0.632441430137372	6.93590529150655	0.175112795151848
-0.151566826178497	9.56085188833705	0.238503322255455
0	10.6124522181191	0.262141057031463
9.78897223470704	0	0.188448731904477
8.96551226672088	-0.116657182417444	0.174289452627568
6.8716108434495	-0.501772790240976	0.134506799768955
4.05685844418056	-1.28708347093669	0.076879998766541
0.906824066011686	-2.50754797804655	0.0119326145979165
-2.30134728321976	-4.1276898411867	-0.0523957124657366
-5.31326176819143	-6.03735751088538	-0.108588830314356
-7.86425372368162	-8.02725772737321	-0.14856703016018
-9.45898353054991	-9.58404027166561	-0.165720721771868
-8.86351409539675	-9.21524535046566	-0.161633680031511
-6.89767991831343	-6.70352109639223	-0.129991258802415
-4.86859988413179	-3.50689246571397	-0.0745969029016251
-3.06285015823939	0.0563088384573098	-0.0037549612977846
-1.63566498193045	3.7181156330824	0.0726277692515239
-0.666623541746043	7.16809365126371	0.14431802656218
-0.161978035839071	9.91739181992083	0.197230866763646
0	11.0342070887506	0.217094406112608
10.0485451972522	0	0.144457237221465
9.2028397144368	-0.121640473755566	0.134062113406249
7.04399351439825	-0.519368423169947	0.103541042041049
4.15502813886375	-1.32627449764766	0.0592268171462058
0.931652247369187	-2.57628274491716	0.00944405816214227
-2.35238066090499	-4.23606012638437	-0.0397141540673409
-5.44589641058865	-6.19889323338739	-0.0826106207212678
-8.0839617107295	-8.25792850613397	-0.113069749061799
-9.76510899329324	-9.89803555728151	-0.126192642812399
-9.17123723233485	-9.55096893122624	-0.124163800184102
-7.12602493619138	-6.94203473235305	-0.100219573281697
-5.0244564353592	-3.63434577000973	-0.057921047222408
-3.16261699737642	0.0357465801025625	-0.00349057220337331
-1.69349879248628	3.80075750454407	0.0553200163648622
-0.694183827762991	7.35357374012892	0.110672285713923
-0.170497228474688	10.2018381467546	0.151824391236888
0	11.3736300324506	0.167355621882478
10.2327793921904	0	0.0973722072410664
9.37608112435304	-0.12530688333831	0.0910306760611798
7.16683913324954	-0.533015889790184	0.0705151575242476
4.22142417112102	-1.35668057693391	0.040373195753909
0.944909511058699	-2.62846519994933	0.00664287922307243
-2.39226990995408	-4.31636137585826	-0.0265542415659944
-5.54254687313689	-6.31646951652238	-0.0554999354433805
-8.240872459147	-8.4235851705582	-0.076044795873829
-9.98557838984824	-10.1250291017979	-0.0848533307584882
-9.40155616444314	-9.80363052869119	-0.0843277372226871
-7.29622213099853	-7.12173989220424	-0.0683064726007091
-5.13883880556122	-3.72839204676477	-0.0397747774832855
-3.23458451539193	0.0229503453130186	-0.00284684410168708
-1.73467148396391	3.86440035296654	0.0371097530442181
-0.713793029674	7.49131493945493	0.0748285871229861
-0.176630057531081	10.4104018231855	0.103225406583629
0	11.6234729311232	0.113864037037186
10.3391197053535	0	0.0483309440950083
9.48141228766554	-0.127205381271326	0.0459257083602086
7.23714860528673	-0.542260617861692	0.035861436579265
4.25515564134894	-1.37746306807465	0.0205278036378472
0.947195392860192	-2.66277831144247	0.00348072940370399
-2.41912874236435	-4.36665633188408	-0.0132142590901129
-5.59957451612464	-6.38688721787662	-0.0277745465450389
-8.33003056907535	-8.51954318059702	-0.0381662418649701
-10.1122190541519	-10.2560320540329	-0.0422109388732044
-9.54879465855351	-9.96712466234757	-0.0430212062852047
-7.40253499623604	-7.23613310596925	-0.0347327309723126
-5.20762516331245	-3.78462655819775	-0.0203457289589686
-3.27629465030216	0.0197437114730458	-0.00168388158981063
-1.75790860541531	3.90878953105057	0.0184915498852851
-0.724879625003913	7.57976566712827	0.0376158242883437
-0.180184021211951	10.541554824056	0.0524203280209347
0	11.7785314183939	0.0576316003263216
10.3807835022804	0	0
9.53045173222348	-0.124632046378947	0
7.28231734359408	-0.539125441912811	0
4.29380116766835	-1.37491146081045	0
0.97902972253059	-2.66026677728923	0
-2.3955689010978	-4.36516045840719	0
-5.58775407489384	-6.38942624420763	0
-8.33362597277808	-8.53070812144432	0
-10.1310995741001	-10.2775427073368	0
-9.59727585469153	-10.0211525462343	0
-7.4467587803269	-7.28954990416375	0
-5.24424726611367	-3.82821099483289	0
-3.30495632951141	-0.0132253821136206	0
-1.778502913946	3.88840432872264	0
-0.737843498005158	7.57576420497516	0
-0.185942631590721	10.5633746410494	0
0	11.8162595268889	0
