0	0	0
0	0	0
0	0	0
0	0	0
0	0	0
0	0	0
0	0	0
0	0	0
0	0	0
0	0	0
0	0	0
0	0	0
0	0	0
0	0	0
0	0	0
0	0	0
0	0	0
0.0069851351840893	0	0.0108470569181963
0.00412731048085623	-0.0014352382891022	0.0100854041846541
-0.0015660122245872	-0.00374608393387028	0.00799987961741238
-0.00859644153981945	-0.00720904869476863	0.00488903994006195
-0.0164175734654023	-0.0119969876972096	0.00116248179713261
-0.0238920920274452	-0.0178428841041994	-0.00265534068155996
-0.0296526501230695	-0.0239364351854263	-0.00599410756093813
-0.0324866428863418	-0.0289729997767658	-0.00837937785049121
-0.0316600974284803	-0.0314394008859757	-0.00926809976099863
-0.0275429663279946	-0.0303305624599816	-0.00842483859483219
-0.021501812864035	-0.0257708487696682	-0.00602355037439027
-0.015136029339711	-0.0188184265032971	-0.00261815919020598
-0.00955842038427904	-0.0108831435436469	0.00130439803331185
-0.00538174977062742	-0.00346995544417421	0.00513380893720813
-0.0026688148615623	0.00212988282872157	0.00829232059238375
-0.00109921498550709	0.00472981848940141	0.0103209623007308
0	0.00466762971923982	0.0109298736357016
0.0386870097640491	0	0.02064932074861
0.0305452487079499	-0.00292165028134896	0.0192787802525375
0.0147083372807798	-0.00811040158104912	0.0152924986992566
-0.0074017208628642	-0.0171022074374521	0.00927621466431942
-0.033365111382534	-0.0306849480696836	0.00206343043419501
-0.0591462837669355	-0.048178027392852	-0.00530697716765907
-0.0801054603757139	-0.0671401715737456	-0.011715846904148
-0.0922371219003227	-0.0836359566151322	-0.0161411131631191
-0.0931747617748852	-0.0929819000503955	-0.0177721947695318
-0.0833653861888709	-0.0915009442697981	-0.0162559100077295
-0.0663077264941721	-0.0784964084225146	-0.0118337921844615
-0.0468739329405853	-0.0565343011293391	-0.00529930095615062
-0.0291804090879583	-0.0299703838685835	0.00228462989357651
-0.0156889689720609	-0.00375168025539941	0.00973005989399131
-0.00705728867020702	0.0175765356032239	0.0159122802824451
-0.00249088838553395	0.0299927198434395	0.0199443416401404
0	0.0308365717276035	0.0213447090988076
0.0938839617845777	0	0.029391389365757
0.0806027018961476	-0.00358165783141931	0.0274145041579453
0.0535135941906877	-0.0109088539337687	0.0216530449417088
0.0142330826479469	-0.0247688773163513	0.0129248282871307
-0.0325669279354748	-0.0465377039981694	0.0024597713209239
-0.0795976362330113	-0.075026588664675	-0.00822040443552004
-0.118628857575516	-0.106011733189855	-0.0174887723631119
-0.142526524069621	-0.132681161262912	-0.0238544395393112
-0.147305297580105	-0.147212148131761	-0.0262107497241327
-0.133579177781818	-0.143349982541351	-0.0240984219120263
-0.106918242154124	-0.119553771124937	-0.0178182358476266
-0.0753327791584302	-0.0796653037387885	-0.00841688590070778
-0.0460973943447586	-0.0312066730133699	0.00257917369015454
-0.0238068457332079	0.0169653927409633	0.013434755129511
-0.0098694319673027	0.0566206529968795	0.0224999520517367
-0.00304098910315677	0.080690447705474	0.0284630011734201
0	0.0837941234142774	0.0305584805200398
0.163654892818654	0	0.0371929605562976
0.145999442834686	-0.00391683259029356	0.0346496235136409
0.105942951167018	-0.013268523875971	0.0272619473660313
0.047143844535972	-0.0320847361212158	0.0160685335906436
-0.0230764601315342	-0.0622567747143195	0.00265496284317906
-0.0938902308234862	-0.101970157071646	-0.0110233082042954
-0.15325506987536	-0.14506904658397	-0.0228859826533479
-0.190772246691911	-0.181719542010874	-0.0310319105810081
-0.200642993745642	-0.200716400030785	-0.0340808455788164
-0.183590361314849	-0.193038206688825	-0.0314569771681085
-0.147446040192143	-0.15633399431482	-0.0235114244053865
-0.103589902922128	-0.0959373632313529	-0.0115257548668903
-0.0625913099082335	-0.0227062979669044	0.00257083626973418
-0.0313686129301811	0.0501730592399981	0.0165564281362744
-0.012199645654054	0.110278369314914	0.0282940016768846
-0.00334166381684263	0.147308837569638	0.0360651059150906
0	0.154658365164334	0.038807356471442
0.243358457904426	0	0.0441256510982056
0.221515706885276	-0.00427043399278375	0.0410720799508623
0.166594836369157	-0.0159282532792697	0.0322350659336179
0.0854925701830242	-0.0403608696566699	0.0188523716744333
-0.0112076064466564	-0.0799400608454587	0.00282767108960745
-0.108734491439426	-0.132102055820593	-0.0135029935464395
-0.190926896233241	-0.188567548055198	-0.0276663806951771
-0.243914342620238	-0.236248328870894	-0.0374050306267118
-0.259819805823202	-0.260179125194362	-0.0410922237215473
-0.239340429872823	-0.248139995592012	-0.0380320713528402
-0.192811286098127	-0.19683162260183	-0.0286244761297383
-0.13539331426708	-0.113306642998363	-0.0143518733774085
-0.0812863862941995	-0.0120415711796417	0.00250546591735612
-0.0400368697685011	0.0889326609753926	0.0193010449734127
-0.0149654804429921	0.172363227953534	0.0334603189287056
-0.00376601393761029	0.224465067928225	0.0428839291977788
0	0.238089374419617	0.0462216905836753
0.331638393897759	0	0.0502077830032791
0.305058456730964	-0.00472513695946879	0.0467032050399128
0.233574728484412	-0.0190193723436562	0.0366013911912362
0.127469175993701	-0.0498237226086329	0.021313765388064
0.00125388742281667	-0.0999756922825838	0.00302292552903164
-0.125906399977139	-0.16604656281267	-0.0156094438949683
-0.233422473011882	-0.237450086708001	-0.0317781214109061
-0.303733093566746	-0.297604699138111	-0.042921597654931
-0.326548607989163	-0.327353439932196	-0.0471852530018959
-0.302340409649769	-0.310714957295721	-0.0437624378388531
-0.244208437867349	-0.243245485919454	-0.0330955026399101
-0.171629456043217	-0.134043948858155	-0.0168333142350342
-0.102804722544526	-0.00151424740284978	0.00244192666426861
-0.0501984422875116	0.131027037286227	0.0217209090969942
-0.0183467975358127	0.240931738942953	0.0380429021321589
-0.00434706747973352	0.310601204456348	0.0489518276703862
0	0.331792818953758	0.0528198230335703
0.427817728592037	0	0.0554398019025421
0.395665640626002	-0.00525977580559128	0.0515438643936146
0.306186677470193	-0.0224501369465576	0.0403575190425237
0.172762493093492	-0.0602616056281229	0.023447635351319
0.0143869558739115	-0.121998642667427	0.00323400682250469
-0.145002406729679	-0.203283974669381	-0.0173523745112724
-0.280151413216966	-0.291095549800454	-0.0352356702727441
-0.369604695310794	-0.365163101212774	-0.0476023614699045
-0.40028421970648	-0.401713003046728	-0.0523872067033479
-0.372096128613422	-0.380341522029459	-0.048677566486142
-0.301134188437549	-0.295198807273723	-0.0369402487619564
-0.21188720911343	-0.157942886736659	-0.0189818012432856
-0.126887379790815	0.00876365547438961	0.00237159395054587
-0.0617078816454616	0.176064979445619	0.0238100572673499
-0.022240313989988	0.315519691822424	0.0420375222790954
-0.00501539864092786	0.405236457718277	0.0542628333926636
0	0.434644988408463	0.0585912179521057
0.530906426127182	0	0.0598198123404432
0.492375334128739	-0.00585577545681145	0.0555931780316807
0.383650036867941	-0.0261524244404782	0.0434980864326826
0.221062346345278	-0.0714604523565925	0.0252435886060164
0.0284396075392734	-0.145563932305741	0.00344739570475658
-0.165291260863787	-0.243105781822744	-0.0187495381134754
-0.330136206133104	-0.348617926369719	-0.038058601112876
-0.440490802731098	-0.437960928367537	-0.0514715099761354
-0.480135842947482	-0.482388891364163	-0.0567191357536176
-0.44776637938992	-0.456160048190084	-0.0528088027259736
-0.362787194731356	-0.351877962125907	-0.0401783265111706
-0.255553269007568	-0.184437789426029	-0.0208138552417842
-0.153190496195674	0.0188643089490252	0.0022789582688807
-0.0744113974570039	0.223681019598691	0.0255537796713963
-0.0265599693772689	0.395602165500339	0.045432946835229
-0.0057380194637235	0.507667325919791	0.0588086583107133
0	0.545624896678872	0.0635340599509672
0.639690270392614	0	0.0633541071911719
0.594087863972711	-0.00652296403888554	0.0588519636789188
0.464928297373937	-0.0301316066311778	0.0460235047048333
0.271746732091104	-0.0833084674214864	0.0266961773057717
0.0434061707024014	-0.170325029121036	0.00365416335515631
-0.186197040907907	-0.284872477559566	-0.0198110444847736
-0.382541121948355	-0.409188125451978	-0.0402713691422232
-0.515577312495524	-0.515220851479893	-0.0545525731365327
-0.565552425590922	-0.568864031457886	-0.0601809117496347
-0.528644093633937	-0.537528145633918	-0.0561663329046059
-0.428431065789953	-0.412554910016832	-0.0428313917867876
-0.302091115530793	-0.213120834035684	-0.0223356326885192
-0.181465627278636	0.0286271660809535	0.00216022589134199
-0.0882735844890309	0.273181754343423	0.0269521712178139
-0.0313653755873465	0.480215049244559	0.0482228403864665
-0.0065492498810205	0.616920096521497	0.0625890632148002
0	0.663834656614846	0.0676463004020871
0.752902836561493	0	0.0660483327241847
0.699672518335413	-0.00726146684901658	0.0613227433581145
0.548963443093444	-0.0343869971092344	0.0479289569835512
0.324075761399857	-0.0957380059202998	0.0278072113022854
0.0591195714566627	-0.196003225024221	0.00384899791504826
-0.207295064250519	-0.328026142658309	-0.0205427461139569
-0.4365769315995	-0.472038926583255	-0.0418733526969891
-0.594233176712976	-0.596229478564649	-0.0568602473286241
-0.656400150308051	-0.660815447497487	-0.0628507323883319
-0.614222919843141	-0.624205304163983	-0.0587367199937228
-0.497323501336469	-0.476571960387845	-0.0448980349070309
-0.350974130071156	-0.243657699409141	-0.0235435841163619
-0.21147030835053	0.0377999993402524	0.00201804027936158
-0.103256780401103	0.323752990914016	0.0279928370208151
-0.036661490360671	0.568174704050267	0.0503842275623888
-0.00746969328753189	0.731730059165402	0.0655985483314911
0	0.788299464874172	0.070946852980805
0.86929087852636	0	0.0679093344292469
0.807914732768448	-0.00806512729958878	0.0629966825660112
0.634686111603686	-0.0388846442096247	0.0491951507899109
0.377373983541813	-0.108629903110729	0.0285653391021034
0.0754351781108403	-0.222293331233832	0.00402637817764724
-0.228174269113843	-0.371999678699369	-0.0209500633485481
-0.491477392622233	-0.536395050747453	-0.0428705350714997
-0.675859924299541	-0.680376061591367	-0.0583658473011855
-0.752325055646383	-0.757859774961647	-0.064757782436391
-0.70406648124677	-0.715874172054221	-0.0605673273912878
-0.568727747847592	-0.543240722636029	-0.0463667433392183
-0.401638767275184	-0.275657968671842	-0.0244278996912685
-0.242928576560502	0.0461424780322737	0.00185324283051469
-0.119346133258841	0.374360530645251	0.0286583205669935
-0.0425907133380725	0.657912549337073	0.0518771670261124
-0.00857816966816698	0.850707145125031	0.0678136467456492
0	0.917888077821606	0.0734011358314638
0.987408362361271	0	0.0689272031456628
0.917254025874805	-0.00899887548251987	0.0638601657124138
0.720746896684617	-0.0436616424580501	0.0498012337620308
0.430890293025727	-0.121859201214597	0.0289446707278503
0.0922279382877093	-0.248855063887664	0.00417592616497044
-0.248406566230511	-0.416188407579352	-0.0210375866808838
-0.546374386241633	-0.601374156801466	-0.0432596261769972
-0.759737124710832	-0.766803806176423	-0.059102438589694
-0.852613570978841	-0.859637645671121	-0.0658273254228915
-0.797468015858867	-0.811779313695819	-0.0616690947479095
-0.641871626622764	-0.611752833386133	-0.0472267816023394
-0.453494853370417	-0.308657039874819	-0.0249795519450772
-0.275542817426781	0.0534926501206218	0.00166876104371571
-0.136520706194386	0.42409460525002	0.0289464916215646
-0.0493397634734851	0.747758614749162	0.0527308559079206
-0.0102635196071218	0.971870914805891	0.069164284372537
0	1.05120903627035	0.0749353142317785
1.10565710623842	0	0.0689988352142166
1.02599907436409	-0.0103089057997278	0.0639254484531422
0.805514330533349	-0.0488757698248935	0.0497420979231004
0.483679263876673	-0.135387837139612	0.0289304253053357
0.109267504336791	-0.275390050615901	0.00428209002752146
-0.267652776109659	-0.460031869440868	-0.020817429700177
-0.600450164419373	-0.666147792916483	-0.043043356774389
-0.844682615541224	-0.854468648663837	-0.0590484693428733
-0.956321187281408	-0.965111876960932	-0.0660314076999306
-0.893561684546148	-0.910996153932431	-0.0619703187872844
-0.715939591440588	-0.681267486259826	-0.0474648007897382
-0.505931160148398	-0.342188081255476	-0.0251943200992473
-0.308943683166354	0.0598087429014106	0.00146790752108086
-0.154638704956721	0.472312747163101	0.0288554253480324
-0.0568248006583037	0.836906727636905	0.0529315111321563
-0.0122622244241555	1.09378674742933	0.0696009893759948
0	1.18637278915136	0.0754358340788337
1.2224362404747	0	0.0680488364099031
1.132818566676	-0.0118689051643517	0.0631107714024409
0.887810707399129	-0.0545243754930577	0.0490456013230683
0.534853000371989	-0.149141072678861	0.0285237412996462
0.126214861992451	-0.301633399839853	0.00433239183565472
-0.285760456592115	-0.503039133405108	-0.0203056712723558
-0.653052041783054	-0.729933213285344	-0.0422295067538783
-0.929621634156326	-0.942280831764314	-0.0581880486640142
-1.06228040332613	-1.07296058889168	-0.065313629981219
-0.991264562605438	-1.01251272208871	-0.061393117982118
-0.790139001230868	-0.751151954495741	-0.0470644647338183
-0.558348987370108	-0.37592534243901	-0.0250714259632799
-0.34268295785342	0.0651155056791643	0.00125115637253834
-0.173387736764452	0.518676161111462	0.028377102185136
-0.0648304346193281	0.924669760472607	0.052409892405659
-0.014303043129211	1.21607267410097	0.0690537141686698
0	1.32243909456088	0.0748643391332263
1.3365080112658	0	0.0660796795052429
1.23666412136012	-0.0134578652615918	0.0613253163436237
0.967098078314202	-0.0604309048708424	0.0477011799604011
0.583851552767325	-0.162932412277759	0.0277241062936993
0.142743392858993	-0.327302409489687	0.00431822304859853
-0.302728074659413	-0.544764755274856	-0.0195145527831994
-0.703722059461615	-0.792004708395665	-0.0408158867310282
-1.01329012685046	-1.02889184207	-0.0564771854574705
-1.1692503255678	-1.18166285379652	-0.0636362460098248
-1.08940673921481	-1.11541003757247	-0.0598971051879568
-0.863672821206464	-0.820923487303391	-0.0459998410453639
-0.610162637536268	-0.409669898439239	-0.0246023104021529
-0.376277047493045	0.0694105610887958	0.0010180926519364
-0.192361456847408	0.562960412502572	0.0274946131712569
-0.0730951397812619	1.0101586373078	0.0511147755601258
-0.0163627531534909	1.33767934883891	0.067473714040076
0	1.45873262450135	0.0732001665954479
1.44703762150574	0	0.0631183616937417
1.33665729292362	-0.0150122711730664	0.0585925640104956
1.04287689878071	-0.0662881387003778	0.0456359756067979
0.630360649977825	-0.176440062679196	0.0265246001623774
0.158606399430786	-0.352049989440394	0.00423700004817206
-0.318537413611124	-0.58472206620083	-0.018447713486914
-0.751989120145348	-0.851581076568785	-0.038794014606836
-1.09419776573466	-1.11278578208775	-0.0538812871587245
-1.27511845951707	-1.28903859529896	-0.0609381689482215
-1.18659686517635	-1.21833931938994	-0.0574690640615136
-0.935688391960917	-0.889974083563886	-0.0442345965230521
-0.660751973292344	-0.443197418277559	-0.0237645132122489
-0.409238099576375	0.0726468405766362	0.000774922567884346
-0.211205416953875	0.604756676807132	0.026196223850202
-0.0814534926336347	1.09224001216555	0.0490142900595968
-0.0184739099694749	1.45640618017829	0.0648568357259452
0	1.593137784616	0.0704235894767838
1.55266753813202	0	0.0591851746730058
1.43173456052908	-0.0164349148828387	0.0549374648977749
1.11435938135091	-0.0718976147509821	0.0428397526766132
0.674017620134694	-0.189342171841613	0.0249134206862375
0.173604879417579	-0.375487039174198	0.00408024637360692
-0.333094573466267	-0.622377924315812	-0.0171135790646494
-0.797169406929882	-0.907774194114163	-0.0361733462454448
-1.17077901783149	-1.19240943784252	-0.0504074563995766
-1.37717422463158	-1.39258719328978	-0.0571993496013324
-1.2809963350229	-1.31911867394687	-0.0541130107925148
-1.00515494034145	-0.957328685346272	-0.0417467574708562
-0.709404128480063	-0.476114152243304	-0.0225382846131193
-0.441046583721957	0.0747951304605664	0.000532417691340141
-0.229588481109919	0.643510999841675	0.0244853412860808
-0.0898077091104861	1.16947100393771	0.046094386010999
-0.020702991248066	1.56963439153186	0.0611996070806666
0	1.72257399762997	0.0665350411400749
1.65117173768024	0	0.0543214650118648
1.52020725183037	-0.0177525605580003	0.0504008236244372
1.18048616089731	-0.0771538637843447	0.0393322402937434
0.714263335464685	-0.201390286001537	0.0228923960524176
0.187495562976386	-0.397241158690731	0.00384069887669478
-0.346291325973668	-0.657183539979453	-0.0155287880828325
-0.83859240793398	-0.959688232384932	-0.0329823120974647
-1.24151383848738	-1.26621796824839	-0.0460923638473996
-1.47291848791586	-1.48984060262054	-0.0524595536600274
-1.37054053972684	-1.41529713977669	-0.0498586010218672
-1.07087562240265	-1.02183827709646	-0.0385401452880796
-0.755307978895254	-0.50789400857634	-0.0209173646455156
-0.471129206938911	0.0759094934346529	0.000302804663893442
-0.247129215047899	0.6787763060232	0.0223817827866397
-0.0979802038935103	1.24064504289757	0.042386587491972
-0.0231300863707782	1.67502050485214	0.0564557727564266
0	1.84405035182419	0.0615050762810656
1.74033358560253	0	0.0485887211679379
1.60019161375856	-0.0190032968965134	0.0450393319925722
1.24007128640978	-0.0819965678678367	0.0351570064163102
0.7504263567361	-0.212389925212067	0.0204789183152541
0.199993614019882	-0.416970443118969	0.00351519449857738
-0.358032501328784	-0.688609339091186	-0.013716388420001
-0.875662558623523	-1.00648501825024	-0.0292649545313123
-1.30508021165385	-1.33282302623151	-0.0410022658654869
-1.56011340529377	-1.57855730061887	-0.0467875776119614
-1.45312655685361	-1.50449925141144	-0.0447284740740562
-1.13157418345877	-1.0821776148232	-0.0346344275727198
-0.79761897597472	-0.537906609402765	-0.0189032791910332
-0.498879765706338	0.076128754880041	9.91664787785055e-05
-0.263390461826797	0.710237439213032	0.0199115203947565
-0.105650660030823	1.30497357847178	0.0379279217715956
-0.0254933463940888	1.77092544498373	0.0506690073357936
0	1.95527909770331	0.0552740279705671
1.8183089531251	0	0.0419853025115458
1.67014269529414	-0.0202557619342647	0.0389303061502509
1.2920497922509	-0.0863805772945296	0.0303727076280307
0.781851414097314	-0.222178878549626	0.0177042819485479
0.210805291474308	-0.434370421656312	0.00310542841192611
-0.368243694513546	-0.716165396185024	-0.0117048830931776
-0.907859908136509	-1.04739915055074	-0.0250797512299615
-1.36037981948721	-1.39102424347285	-0.0352152508843777
-1.63683767383433	-1.65677416616019	-0.0402879062629601
-1.52683927795962	-1.58455112300094	-0.0387746176873055
-1.18593483516921	-1.13687547078592	-0.0300758820663811
-0.835461113495263	-0.565398619732671	-0.0165098164362493
-0.523688033974181	0.075664657303923	-6.76810119010039e-05
-0.277952702201266	0.737595612048469	0.0171075038354605
-0.112548317759982	1.36161354425757	0.0327724098175015
-0.0276463194042471	1.85588149101129	0.0439077135018747
0	2.05432211403518	0.0479385400903867
1.88375411104127	0	0.0345808810611345
1.72908433842934	-0.0213927378964986	0.032115893650153
1.33565475226417	-0.0901974976224686	0.0250579630710876
0.807981661339401	-0.230592907291258	0.0146135143293926
0.219656357891166	-0.449168963378904	0.00261858632145751
-0.376871554668745	-0.739417635591697	-0.00952669995650997
-0.934741216297823	-1.08175421475676	-0.020497649261907
-1.406503431361	-1.43979272868618	-0.0288358409535742
-1.70147951351257	-1.72281601470068	-0.0330741573233421
-1.59005058897141	-1.65356896472662	-0.03207528053101
-1.23271633075242	-1.18451288586453	-0.024924148043749
-0.867974142530821	-0.589561432221046	-0.0137633759127586
-0.544958087040373	0.0747889560619134	-0.000189966702048816
-0.290428964710678	0.760567023746616	0.0140114101840509
-0.118477530112275	1.4095602667831	0.0269952098369912
-0.0295108856394723	1.92808444638088	0.0362658612689164
0	2.13905761235818	0.0396285608154671
1.9354902899969	0	0.0264918804170654
1.77631409012816	-0.0223155837303177	0.024689684335514
1.37025816809067	-0.0933292398148986	0.0192833046130752
0.828300085867675	-0.237501731203991	0.0112559310297671
0.226236329418099	-0.46116514072063	0.00206367201880223
-0.383945456496234	-0.758033050962876	-0.00721854193787197
-0.95599587064763	-1.10901445407525	-0.0156027432952295
-1.44267576714863	-1.47824566488033	-0.0219822301765019
-1.75268394456156	-1.77524935943028	-0.0252738090972339
-1.64138403261305	-1.70993544712773	-0.0247307868956834
-1.27077665906008	-1.22374345849026	-0.0192528607595468
-0.894304264279738	-0.609495957307343	-0.0106991790783121
-0.562082117880904	0.0739292493386205	-0.00026094498013146
-0.300431958588227	0.779032448765668	0.0106740453366596
-0.123240001736739	1.44802487427004	0.0206935059545053
-0.0310242976465526	1.98590502666445	0.0278895696641756
0	2.20733203925242	0.0304993537339143
1.97226609984715	0	0.017847468165092
1.81082833588494	-0.0229976458712579	0.0167583299830849
1.39497123543297	-0.09575651041327	0.0131310041831608
0.842125841575077	-0.242862073516256	0.00767258075304502
0.230113629662131	-0.470270766802482	0.00144495261703404
-0.389586249369432	-0.771809457715428	-0.00482436193245942
-0.971432283140265	-1.12880535886304	-0.0104868466352488
-1.46836807917491	-1.50575957816068	-0.0148018908543335
-1.78937716304644	-1.81298735259062	-0.0170390490157821
-1.67957463864878	-1.7521546930701	-0.0168439300555193
-1.29901620201924	-1.25322234535933	-0.0131411196869074
-0.913569735846365	-0.624147203015281	-0.00735395220961739
-0.574413086062962	0.0737648073585315	-0.000267461070773238
-0.307543771295716	0.793198240435053	0.00716209793996221
-0.126615162802206	1.47666762678359	0.0139873450511135
-0.0321007878668781	2.02846078854916	0.0189484806798618
0	2.25755564154321	0.02071904842337
1.99350039055085	0	0.00885290715243467
1.83185319794316	-0.0233491491189211	0.00845285690560219
1.40918492961843	-0.0973908234705427	0.00667880919576969
0.849276280936248	-0.24651846400446	0.003901865817934
0.231388754048639	-0.476252064159016	0.000754257510378915
-0.393482211253794	-0.780426406891907	-0.00239921435277272
-0.980469981334938	-1.14063112043629	-0.00524958607737397
-1.48286404483514	-1.52167167946562	-0.00743430878419733
-1.81045907430632	-1.83480212638321	-0.0084904094813023
-1.70384817823051	-1.77939774817993	-0.00860830370188217
-1.31658891665017	-1.27198674861261	-0.00668784714821422
-0.925124107001687	-0.632838721254032	-0.00376330033031396
-0.581553717567503	0.0745389015501804	-0.000180885881426247
-0.311563629150315	0.802903283459531	0.00356995227861414
-0.128526716453978	1.49502383791282	0.00702956634344677
-0.0327200673165672	2.0552975525435	0.00961831787948294
0	2.28855708407381	0.0104676813913292
2.0019139228795	0	0
1.8417918394135	-0.0228701261109692	0
1.41837543433842	-0.0967908260256324	0
0.857181172534427	-0.245999861176427	0
0.238031376899872	-0.475677874984151	0
-0.38834121208935	-0.77993885806972	0
-0.977529010054836	-1.14078359256404	0
-1.48300551786928	-1.52344284264041	0
-1.81398529228683	-1.83888345830752	0
-1.71191456420353	-1.7884991898112	0
-1.32399596356447	-1.28114293489557	0
-0.931471868274892	-0.640646244364061	0
-0.586629697759054	0.0683906116693014	0
-0.315239256264904	0.79899288824801	0
-0.130853587124477	1.49417720867901	0
-0.0337814053728271	2.05938538410327	0
0	2.29550114688375	0
