0	0	0
0	0	0
0	0	0
0	0	0
0	0	0
0	0	0
0	0	0
0	0	0
0	0	0
0	0	0
0	0	0
0	0	0
0	0	0
0	0	0
0	0	0
0	0	0
0	0	0
0.0294695204633658	0	0.0452066781411671
0.0175440768184034	-0.00600975820082081	0.0419997958809325
-0.00652184867449279	-0.0157204738320801	0.0332192133911317
-0.0362754724683469	-0.030303982975532	0.0201402082943131
-0.069197174332702	-0.0504234154806883	0.00450835235952475
-0.10042639791694	-0.0748818869743654	-0.0114624460573898
-0.124306222839427	-0.100264007412106	-0.0253909823135784
-0.135917688455384	-0.121170111621603	-0.0353199946972924
-0.132312423546805	-0.131366634720305	-0.0390113746312683
-0.115078977136809	-0.126728111086804	-0.0354994142465879
-0.0899110884797122	-0.107809497324171	-0.0255053012198501
-0.0634220610888223	-0.0789843638561378	-0.011320425447527
-0.0401675384563053	-0.0459886104683017	0.0050503146740834
-0.0226700216070387	-0.0149507289057718	0.0210741975795152
-0.0112427446048101	0.00873758427121904	0.0343290917221594
-0.00462647587074565	0.0199033798223606	0.0428662962429862
0	0.0201475894441932	0.0454462439518018
0.162480338619948	0	0.0860982993444224
0.128451597499142	-0.0122429610008618	0.0803037281295081
0.0614590331637284	-0.0340958374898075	0.0634986567171325
-0.0319878262591189	-0.0720119203706324	0.0381963193506619
-0.141188037394556	-0.12913313505319	0.00796333178113247
-0.248987847497991	-0.202395681550477	-0.0228040942608471
-0.336128027792935	-0.281499867754311	-0.0494423619602549
-0.386253898177495	-0.350120557669465	-0.0677621305749829
-0.389796974029031	-0.388923975718866	-0.0744843898874951
-0.34873333650809	-0.382750802718189	-0.0681994053771045
-0.277619551781825	-0.328776233123139	-0.0498909880415741
-0.196625577262473	-0.237575940921479	-0.0227785261734735
-0.122725705110922	-0.126927583792862	0.00879702979282727
-0.0661382291292671	-0.0170901448442305	0.0399212072914368
-0.0297656161471803	0.0729325554313034	0.0658686547633753
-0.0104957048063119	0.125785977235393	0.0828481424632638
0	0.130579808338998	0.0887532176869197
0.393711578356992	0	0.122675709287295
0.338141623809889	-0.0150183176670064	0.11428938394551
0.223386133225392	-0.0459619755717672	0.0899595676784521
0.0572657941783122	-0.104546150313851	0.0532043585326897
-0.139602990948086	-0.196232903418473	0.00930174262749448
-0.336196993165944	-0.315611352108007	-0.0352952734615616
-0.498344372427699	-0.444797903155506	-0.0738052190162328
-0.596993346110427	-0.555543308076961	-0.100131805631812
-0.61620029943079	-0.615695483681596	-0.109829209779412
-0.558786289691985	-0.599621925318776	-0.101087041302259
-0.447823658157359	-0.50104383319969	-0.0751173052960955
-0.316310268942051	-0.335614993192391	-0.0361310091330417
-0.194199674396245	-0.133887582785393	0.0096606236275184
-0.100611025590457	0.0679081851420541	0.0550799632121399
-0.041760617722186	0.235345320378533	0.0931786319061149
-0.0128422087537822	0.337946914521461	0.118326136238477
0	0.353004503727524	0.127152071675577
0.685713368855661	0	0.155419553746615
0.611681935772332	-0.0164405445175095	0.14461020488158
0.441843519023236	-0.0560450849274993	0.113357858674737
0.193070359258429	-0.135767563044012	0.0661555093729474
-0.102362419222295	-0.263057214281553	0.00982634826155558
-0.398300747223959	-0.429595798872069	-0.0473219622653444
-0.64472379257774	-0.609218704877091	-0.0966142876297473
-0.799411940231085	-0.761150626931821	-0.130290118663026
-0.839382069197128	-0.839522932007293	-0.142832262006026
-0.76811995011086	-0.80758152878394	-0.131987524077355
-0.617928180114917	-0.655761501740985	-0.0991549579201462
-0.435470935557466	-0.405580338305003	-0.0494558681721582
-0.264189060358361	-0.100914544610655	0.00928091226167383
-0.132934615646624	0.204361020380482	0.0678610401428846
-0.0518050092022361	0.458267127293261	0.117261758325922
-0.0141445672501427	0.616361679003496	0.15008076533253
0	0.649962594495973	0.161642124892198
1.01894951046067	0	0.184604107769354
0.927078825492941	-0.0179506335285098	0.17160982722018
0.694112198099675	-0.0674500178032661	0.134157902019065
0.350943184995716	-0.171189043921846	0.077644712211613
-0.0559303835068382	-0.33844866485399	0.0102895862401537
-0.463497098745419	-0.557436684878273	-0.0579641254303092
-0.804566052392581	-0.79282792449165	-0.116800855452885
-1.02291573907031	-0.990314715885936	-0.157026387207758
-1.08751716017197	-1.08880618509309	-0.172176294267001
-1.00200095193645	-1.03873608268212	-0.159549846220299
-0.808840439550417	-0.826703225447386	-0.120722189040018
-0.56999274410472	-0.480953856927197	-0.061567873487655
-0.343772184683892	-0.0597717050806963	0.00869321059484978
-0.170097423894532	0.363203720906488	0.079111095487169
-0.0637424689538056	0.715752644186844	0.138786965192677
-0.0159690494871574	0.938322795633505	0.178644883213944
0	0.998892240970203	0.192750388038424
1.38755767474145	0	0.210299914522535
1.2753999336359	-0.0198959620713844	0.195365418701964
0.972115208496553	-0.0807346001270875	0.152472412680911
0.523205531210686	-0.211782718270731	0.0878235835369523
-0.00787052517010595	-0.42409208143785	0.010881024279126
-0.539356116760565	-0.701874922600479	-0.0670021138136433
-0.985537404900001	-0.999791519605212	-0.134126277311808
-1.2752519854413	-1.24893016817859	-0.180088931443222
-1.36809898702656	-1.37121313098528	-0.197571049602394
-1.26706664695271	-1.30202542038841	-0.18347893752063
-1.02582017559948	-1.02334445927573	-0.139532487126376
-0.723762546278135	-0.571435983247292	-0.0721943782741545
-0.435644766804233	-0.0202168637585178	0.00814483988914518
-0.213751054546051	0.535060059556404	0.089042031780063
-0.0783325168606806	0.999531750997947	0.157929765858225
-0.0184570786943249	1.2970758916504	0.204149553780395
0	1.38995504608492	0.22054359526956
1.78847760967194	0	0.232506063573817
1.65242644346765	-0.0221878173277292	0.215874695967374
1.27277667983418	-0.0955184684376343	0.168284445911047
0.708428039002632	-0.256679479084491	0.0966708584905372
0.0420407399246958	-0.518503323865006	0.0115737843051898
-0.624314926649203	-0.86082737786928	-0.0744755386464215
-1.18534251753804	-1.22766833347062	-0.148650482657273
-1.55402254528482	-1.53459032877811	-0.199562582903234
-1.67906618576819	-1.6847676293609	-0.219125324387866
-1.56147165971553	-1.59591626624731	-0.203891950998386
-1.26696010033912	-1.24433329471914	-0.155648028432672
-0.89520285136542	-0.676356113753198	-0.0813821129032772
-0.538802832827766	0.0171248756466028	0.00760107782584778
-0.263319098882108	0.718140814677859	0.0976289421935716
-0.0951516154957672	1.30746239805079	0.174673087289152
-0.0213188126739666	1.69034407987097	0.226572962991575
0	1.81818672380798	0.244973522165871
2.21734886427509	0	0.251205576315396
2.05395991374549	-0.0247478292918141	0.233125237644461
1.59269486371922	-0.111518037470887	0.181566174246888
0.905212033102003	-0.304992884405665	0.104142215566732
0.0947579760232972	-0.61984734358156	0.0123120588722177
-0.715412785756715	-1.03139330801493	-0.0804605774581199
-1.40003393110133	-1.4728745544623	-0.160461335662814
-1.85506135786845	-1.84344364783838	-0.215556594255375
-2.01687638437025	-2.02602633858551	-0.236932064287857
-1.88188817861988	-1.91701343435155	-0.220924263378041
-1.52908253113617	-1.48647175149845	-0.169154781849943
-1.08187172450045	-0.793525506510888	-0.0892010794703159
-0.651879753806782	0.0524093023557876	0.00699825619386302
-0.318192007736658	0.910766100574856	0.104810044749272
-0.113849821181217	1.63714792697226	0.188968761500652
-0.0244163114838053	2.11493307023433	0.2458786526867
0	2.2790643070185	0.266025592605037
2.66890599075831	0	0.266410305754516
2.47526116777971	-0.0276162948269482	0.247107908461976
1.92744610313505	-0.128756398024414	0.192309950408215
1.11090842454821	-0.356257536059227	0.110211677637418
0.150222516956829	-0.726684472493871	0.0130587845756092
-0.810303080457114	-1.21093695154765	-0.0850016686696676
-1.62624053618031	-1.73204839861668	-0.169668181049325
-2.17515144855085	-2.17242371717352	-0.228177232097072
-2.37943972430831	-2.39305123019708	-0.250991530279676
-2.22556567113491	-2.26284946489314	-0.234622524495331
-1.80927612500804	-1.74691625230583	-0.18014889033244
-1.28163276040636	-0.921386652980444	-0.0956778810268707
-0.773897300601776	0.0848622129618284	0.00632189906797914
-0.378254876674276	1.1099270455402	0.110583522751224
-0.134690036697435	1.9843923998826	0.200783272296485
-0.0278941003188961	2.56654797821068	0.262057511978568
0	2.76859788230017	0.283682805230261
3.13770580224633	0	0.278126519928458
2.9114978072756	-0.0307924846175948	0.257818574348779
2.27255855157475	-0.147229456755702	0.200484831591129
1.32243027026968	-0.410184222691185	0.114882549355903
0.207758107820268	-0.837838455350779	0.0137917476344966
-0.907224714009551	-1.39713516807496	-0.0881252472606316
-1.86076445909228	-2.00206580272134	-0.176276210893226
-2.51186279480892	-2.51874969857561	-0.237493878532377
-2.76647410322419	-2.78478036334502	-0.261627340146009
-2.59064445882424	-2.63269225896757	-0.244929881613297
-2.10459613200267	-2.02311259032756	-0.188631321885637
-1.49236383011526	-1.05864440625221	-0.100798701800196
-0.903881870775168	0.113385498569503	0.00558463990295495
-0.443376225390923	1.31216612200557	0.114894322458375
-0.15770675938513	2.34413057023907	0.210009500098096
-0.0318408551902148	3.03971829989596	0.275071214484165
0	3.28250675713114	0.298011681387408
3.61840982091301	0	0.286364303253133
3.35753461686806	-0.0342494223792687	0.265203191863839
2.62356034894756	-0.166791327689584	0.205998218127072
1.5370076685191	-0.466256610188552	0.118102984464431
0.266837720194769	-0.951996548718528	0.0144876066567067
-1.00441958854924	-1.58758846871655	-0.0898564230193242
-2.10047401267296	-2.27973869162051	-0.180319426556643
-2.86291294179415	-2.88008169886945	-0.243394532851985
-3.17680582438585	-3.19993294557572	-0.268963358433034
-2.97558707295903	-3.02551862461945	-0.252046553022508
-2.41210264946433	-2.31236224797098	-0.194562443889009
-1.71174596270415	-1.20370687413934	-0.10452422236745
-1.04068727831253	0.137008209443401	0.00479181188726398
-0.513510476225725	1.51318894068313	0.117664997084319
-0.183513446755427	2.70977178904922	0.216463576416116
-0.036589342233169	3.52850554567952	0.284801446292274
0	3.81589735018509	0.308849308872675
4.10495533095106	0	0.291060218159287
3.80687512713421	-0.038259787407901	0.269182246862716
2.97489423074719	-0.187592687707347	0.208747581748991
1.75161812030235	-0.523922493761823	0.119759285791948
0.327071318957556	-1.06767243876947	0.0151022556375983
-1.09999951990419	-1.77969671056288	-0.0902173775719236
-2.34176193578379	-2.56137948331814	-0.181795545488677
-3.22549248776371	-3.25302892086775	-0.24603245942974
-3.607763316355	-3.63734024605705	-0.272694944724988
-3.3776978835584	-3.43844905313115	-0.256032013229977
-2.72866506354147	-2.61141982190372	-0.19790871779008
-1.93729615554426	-1.35459669757195	-0.106819173430275
-1.18303491242259	0.155176263944434	0.00395763232679708
-0.588562374569236	1.70931517768583	0.118883486914367
-0.212905420621583	3.07439772068797	0.220250450267681
-0.0437749395545989	4.02461361108967	0.290923305879831
0	4.36285061696727	0.315860666583184
4.5907263615808	0	0.291758013098364
4.25255385113761	-0.0438568248920883	0.269783848175292
3.31992289228188	-0.210290325078463	0.20869442118485
1.96250687032927	-0.582984048887281	0.119783155332717
0.387688086937218	-1.18353322108859	0.0155693786082265
-1.19238815269588	-1.97100672407596	-0.0892615277138804
-2.5811629611663	-2.84346920129384	-0.180727026444937
-3.59478977747311	-3.63334107171829	-0.245341634544626
-4.05565784463909	-4.09294478364525	-0.272731894823349
-3.79358528736804	-3.86786447806777	-0.256607076719828
-3.0509183207206	-2.91684220847983	-0.19862728078455
-2.16639106416369	-1.50925068831156	-0.107668518999919
-1.32930351649175	0.16791395634708	0.00309769849693659
-0.667910972621771	1.8980288150437	0.118540016471596
-0.245525480851345	3.43470356177507	0.221304313091776
-0.0522949595617486	4.52203164542266	0.293207212193549
0	4.91542613493692	0.318534242576245
5.0691475481774	0	0.288118065130813
4.68911081302464	-0.0505119764811376	0.26664823337346
3.65391458628968	-0.234862165042342	0.205945489041458
2.16620157005227	-0.643081583476633	0.118174148581888
0.447508042694593	-1.29837175354489	0.0158352861653806
-1.28073735614685	-2.15932945001198	-0.087058005026025
-2.81583138751941	-3.1226267413797	-0.177155920269138
-3.96637163585458	-4.01651066528237	-0.241281209511144
-4.51581757625038	-4.56144701265792	-0.268875835793001
-4.21889664049331	-4.30972504751402	-0.253475065354496
-3.37555318894412	-3.22599640551367	-0.1966608402152
-2.39642339564439	-1.66613287272752	-0.107070468234018
-1.47751087181321	0.175571168835434	0.00221558947866577
-0.750199426767462	2.07810547804093	0.11660075146501
-0.28046928900114	3.78786968888535	0.219327458561151
-0.0610051275066041	5.01907454742987	0.291351615822841
0	5.46954915386325	0.316691998228314
5.53515211597845	0	0.280133442961872
5.11227048649744	-0.0572987044373048	0.259382734716643
3.97477678506352	-0.260545945450274	0.20045392733266
2.36058701318356	-0.703380606961476	0.114927694539919
0.505417267234294	-1.41089888738976	0.0158626406125902
-1.36479033824711	-2.34264695928938	-0.0836589341625946
-3.04364677111056	-3.39564879416379	-0.171080004426135
-4.33488101267854	-4.39681193611406	-0.233699758900766
-4.98318359706945	-5.03663242059957	-0.261018187958658
-4.64885676617661	-4.76031046326816	-0.2464995299157
-3.69918171339057	-3.53678670873722	-0.191910728130601
-2.62480892753178	-1.82418169433422	-0.104989534877108
-1.62550925915356	0.178411895435271	0.00131128908358567
-0.833658195622827	2.24882782900669	0.112995370140315
-0.31663820715731	4.13030033982042	0.214096152851483
-0.0698101600940234	5.5113666860144	0.285132007140562
0	6.02234328914857	0.310234160641645
5.9853149082811	0	0.267905849026366
5.51850108845344	-0.0639471597023816	0.24807777126867
4.28059193847553	-0.286028737413086	0.191912105484612
2.54454725369893	-0.762475877787736	0.110013933673918
0.560626014078314	-1.51955334470875	0.0156395681862499
-1.44419016586641	-2.51874366944701	-0.0790803494325732
-3.26231879410082	-3.65900783592657	-0.162470461778549
-4.69378288188074	-4.76759494877757	-0.222489304376843
-5.44871450338954	-5.50918003448765	-0.248983858739764
-5.07753586021257	-5.21385297893966	-0.235674505925884
-4.0180615641401	-3.84643501087949	-0.184237762666739
-2.84876929517396	-1.98215732188415	-0.101332487891493
-1.77111637958271	0.176543761997558	0.000412460811890931
-0.91672514180718	2.40876730682518	0.107674786556125
-0.353321616072024	4.45753184040712	0.205466876785011
-0.0788572128830539	5.99000968864196	0.274495869135488
0	6.56534638086066	0.299038065803532
6.41414690973536	0	0.251503139731489
5.90361137661511	-0.070041748226906	0.232829204386266
4.56831156820245	-0.310454576172362	0.180272910917667
2.71677167917692	-0.818962625234325	0.103382056319614
0.612532993878464	-1.62259743667888	0.0151293738065398
-1.51823269386878	-2.68517983566213	-0.073358756712999
-3.46854358976227	-3.90861391805158	-0.151375060784786
-5.03595941157963	-5.12180268061282	-0.207715341689076
-5.90045063681278	-5.96799435365482	-0.232782704787662
-5.49672793524145	-5.66067993175282	-0.22109000437476
-4.32751586151722	-4.15040489354055	-0.173570310511837
-3.06506408671828	-2.13802170442924	-0.0960199669410183
-1.9119914061866	0.170188656232979	-0.000435098297913488
-0.997921610463027	2.55595954328327	0.100652733796835
-0.390081342503983	4.76397336750208	0.193370275565934
-0.0884311120643266	6.44463908419814	0.259392824253919
0	7.08641513957517	0.283052571474055
6.81280075285546	0	0.231078097833191
6.26099930616443	-0.0756869426066803	0.213794904814564
4.8338330111134	-0.333358888053654	0.16561357867517
2.87515818328237	-0.871748460287881	0.0950373326108588
0.660352739209922	-1.71836521938757	0.0143000414534342
-1.58613141157844	-2.83942964038171	-0.0665654579748245
-3.65897605973874	-4.14026239928845	-0.137919767991844
-5.35426972117292	-5.45221012161974	-0.189561295024905
-6.32702285097092	-6.40180649310086	-0.212662819465547
-5.89694976501228	-6.08965205131095	-0.202947315772499
-4.62199555289342	-4.44322164156926	-0.159948753498204
-3.26996719265744	-2.28909476268017	-0.0890317822223269
-2.04553853237051	0.159951380653613	-0.00118121454314736
-1.07553634297717	2.68892646223022	0.0920114927072494
-0.426122999637491	5.04509255606393	0.177932519626007
-0.0988646362784036	6.86616603362701	0.239604566701663
0	7.57388137098893	0.262111348210282
7.17260564079819	0	0.206877328484352
6.58335063924782	-0.0810374703897599	0.191202914714523
5.07257220592372	-0.35446912693688	0.148111947369881
3.01715492988204	-0.919971610376881	0.0850499548709718
0.703129087347474	-1.8053202917053	0.0131362190490084
-1.64714420316446	-2.97903784107644	-0.0587989022654432
-3.83052890966639	-4.34994393600214	-0.122293540588288
-5.64226306164408	-5.75212139746587	-0.168323183176589
-6.71795043874227	-6.80007604778874	-0.188971503150938
-6.26832592129635	-6.48970829236916	-0.18140786934408
-4.89546237087581	-4.71849769298946	-0.14348093743971
-3.45954642611591	-2.4321814328011	-0.0803820974792134
-2.1690002410389	0.146812419383727	-0.0017739109262193
-1.14761084732215	2.8067467379009	0.0818586389978799
-0.460033847659429	5.29809118360445	0.159307418025761
-0.109048155525001	7.2483791760691	0.215304578098886
0	8.01892414177681	0.23594290632514
7.48645254661629	0	0.178895043252046
6.86473406561708	-0.0863769866420894	0.165376879143469
5.28043779323398	-0.373578641928719	0.128012644719159
3.14027715805314	-0.962908067360554	0.0735491102005822
0.739865374313201	-1.88208631547197	0.0116425433480924
-1.70062031312395	-3.10171641871229	-0.0501806533024553
-3.98041790002207	-4.53394086884086	-0.104743255670536
-5.89435831278661	-6.01557005796854	-0.144334006488686
-7.06396228993597	-7.1533003923644	-0.162176571649162
-6.60165531189914	-6.85051498900915	-0.156733725151309
-5.14159719236069	-4.96912124815236	-0.124382936514027
-3.62968116625122	-2.56351534853459	-0.0701374257291126
-2.27958603183763	0.132065491411802	-0.00217216149767818
-1.21225704222342	2.9085725287785	0.0703304145992927
-0.490610460852175	5.51996760780397	0.137720794992201
-0.118354307495631	7.58580248239274	0.186776192021792
0	8.41418616352847	0.204943627246604
7.74924260052098	0	0.147434607472392
7.10146803683767	-0.0912092346333561	0.136502151547241
5.45452071045651	-0.390215746076547	0.105648459515477
3.24243008852897	-0.999827600277909	0.0607227574217279
0.769632074040619	-1.94742896746973	0.00984642327634996
-1.7460163275266	-3.20542371755978	-0.0408487483989645
-4.10620563562501	-4.68892699485963	-0.0855651612659569
-6.10577118397735	-6.23731398986299	-0.118025239536234
-7.35704199972199	-7.45313266263408	-0.13275329142004
-6.88894379983778	-7.16295650300389	-0.129269146376587
-5.35435117397876	-5.1881622324417	-0.102917706579942
-3.77628784463152	-2.67907727519603	-0.0584164519964466
-2.37455795579951	0.117249399440681	-0.00234897721351892
-1.26772155983536	2.99362153179637	0.0575991739206289
-0.516968141207355	5.70709609508819	0.113488620588552
-0.126448744184257	7.87167685335655	0.154413009894613
0	8.7516974886357	0.169654904789237
7.95656061889846	0	0.113001397052852
7.2909370525997	-0.0951165256511649	0.104983153019563
5.59245366949757	-0.403870050181849	0.0813207716861529
3.32166621086236	-1.03014845295205	0.0467778017193166
0.791329469377669	-2.00042753181127	0.00778277407476656
-1.78316660832237	-3.28857069776212	-0.0309589990480419
-4.20606778842733	-4.81221920886128	-0.0651072097487509
-6.27235208693092	-6.41278787094943	-0.0898742206012216
-7.59024828249454	-7.69223306655453	-0.101205590012985
-7.12331831608951	-7.41910270484727	-0.0994230336684009
-5.52809426880981	-5.36901215263882	-0.0793956880513485
-3.89530389236291	-2.77449356510481	-0.0453734338955539
-2.4511237701057	0.104521240966231	-0.00228288412160763
-1.31224477616811	3.06177057281352	0.043875066086232
-0.538200821806124	5.8567359807526	0.0870228792019397
-0.133058467023628	8.0999570242688	0.118838212381956
0	9.02339366110054	0.130735649217256
8.10375169112534	0	0.076159496511902
7.42928392674989	-0.0979938979130496	0.0712792941237639
5.69080115240241	-0.414458783911272	0.0553809281610866
3.37534205660708	-1.05367390213919	0.0318869634092168
0.803326113906291	-2.04066216063957	0.00546656274042228
-1.81233391296486	-3.35015897614548	-0.0206975806568681
-4.27876622095482	-4.90188947890434	-0.0437471690688394
-6.39113181911089	-6.53866258917686	-0.060469287800483
-7.7579140125728	-7.86481392847659	-0.0681105865853542
-7.29844011956594	-7.61161352725846	-0.067588690053208
-5.65740791731614	-5.5051390111009	-0.054138746070939
-3.98256695102916	-2.84481556575837	-0.031166716200053
-2.50632615403835	0.0970257907717391	-0.00192629936000721
-1.34393037019362	3.11419014298608	0.0294343852409293
-0.553293504823114	5.96793636737617	0.0588349235106423
-0.137801923334619	8.26749606727652	0.0807852830636891
0	9.2233482941116	0.0889166408013684
8.18870778837175	0	0.0377958020936316
7.51344262864658	-0.0994812794682093	0.0359591753735949
5.74715874219545	-0.421620774281294	0.0281656498093004
3.4027446911029	-1.06974568887572	0.0162137606321415
0.806082059101841	-2.06711213476064	0.00286088946521452
-1.83208746061908	-3.38871854618229	-0.0102979914077291
-4.32157301133062	-4.95555706248135	-0.0218952702481526
-6.45850410906551	-6.61154764309715	-0.0303568035366622
-7.85421163274504	-7.96444042348845	-0.0339006533150593
-7.41021681694069	-7.73608947046063	-0.0345019293521724
-5.73808612692162	-5.5917712243841	-0.0275363320252584
-4.03500054898193	-2.88677511552407	-0.0159445218620222
-2.53831053486519	0.0960813079604691	-0.00116615983398338
-1.3618198160103	3.1505621478939	0.0146683306499638
-0.561830367758981	6.03930491739614	0.0295743403116841
-0.140544794529705	8.3729292357382	0.0410208493176774
0	9.34727960443272	0.0449844710645362
8.22208971777881	0	0
7.55279005078396	-0.0974589230951386	0
5.78346001863515	-0.419134170800253	0
3.43388455161696	-1.06767468793694	0
0.831917526311111	-2.06498328952887	0
-1.81267743454889	-3.38725154023289	0
-4.31138807419333	-4.95712304843378	0
-6.46069376387525	-6.61993142335153	0
-7.86913656799053	-7.98151909032893	0
-7.44713942336276	-7.77737723497286	0
-5.77175740834754	-5.63267894239085	0
-4.06317449239594	-2.9205795534119	0
-2.56052603995424	0.0701704446620405	0
-1.37783509359803	3.13436523182208	0
-0.57193048604489	6.035987350797	0
-0.145058296946738	8.39007259130928	0
0	9.37684956634894	0
