0	0	0
0	0	0
0	0	0
0	0	0
0	0	0
0	0	0
0	0	0
0	0	0
0	0	0
0	0	0
0	0	0
0	0	0
0	0	0
0	0	0
0	0	0
0	0	0
0	0	0
0.0139197992452735	0	0.0215335354519481
0.00824348529652997	-0.00285339910170242	0.0200168592859797
-0.00310792316712704	-0.00745250883085641	0.0158640867629702
-0.0171291626080227	-0.0143487616603288	0.00967229505542709
-0.0327011490443622	-0.0238769636687818	0.00225996419181344
-0.04755005468451	-0.0354953790974226	-0.00532786630843956
-0.0589683823691895	-0.0475906123199007	-0.0119583740349886
-0.0645677525773929	-0.0575782202476673	-0.0166924011961215
-0.0629054005247218	-0.0624637194686746	-0.0184552602817966
-0.0547213042176858	-0.0602595647766505	-0.0167816377729441
-0.0427287585185652	-0.0512180389914438	-0.0120163459442196
-0.0300967203378325	-0.0374362351521123	-0.00525673056258861
-0.0190229425633619	-0.0216940485452517	0.00253388833558112
-0.0107187733256993	-0.00695783136235049	0.0101454113364697
-0.00531574958616126	0.00420896711965144	0.0164288644440452
-0.00218888949147431	0.00941816132819278	0.020468004070515
0	0.00936907860064554	0.0216829111046381
0.0769820799061148	0	0.0409985772250416
0.0608034200044832	-0.00580980390560767	0.0382659225821274
0.0292220481398297	-0.0161433332831122	0.0303251986177415
-0.014855195228234	-0.0340568141270776	0.0183493367806699
-0.0665380718089367	-0.0610943121919423	0.00400602596808837
-0.117770081833749	-0.0958734392324671	-0.0106329871062554
-0.15935245191984	-0.133530982993124	-0.0233459764311557
-0.183379755136387	-0.166264566252397	-0.0321138093239189
-0.185192527649995	-0.184800352924951	-0.0353413876528396
-0.165692211440923	-0.181859442834351	-0.0323364274264894
-0.131822481594004	-0.156070462009271	-0.0235751220168558
-0.0932392682870186	-0.112514003326251	-0.0106201059389837
-0.0580898502303318	-0.0597860381830988	0.0044311792419112
-0.0312546853719707	-0.00765535233803019	0.0192255502219167
-0.0140615394229573	0.0348484706496181	0.0315247131177982
-0.00496169105062228	0.0596572800438009	0.0395543189693764
0	0.0615197079838415	0.0423440879658545
0.186726756401308	0	0.0583741447245092
0.160327512117546	-0.00712360008093294	0.054428431114248
0.106285952273947	-0.0217276607335214	0.0429456446787929
0.0279656643124053	-0.0493591348977469	0.0255646229650291
-0.0651987222031275	-0.0927115291552906	0.00474838473481012
-0.158650146952176	-0.149362214731281	-0.0164663707961544
-0.236069053958986	-0.210887527694757	-0.0348495158333526
-0.283385330246653	-0.263782237415501	-0.0474578791831861
-0.292776652903372	-0.292576320093685	-0.0521183585794951
-0.265496561101267	-0.284911105237277	-0.0479341633833289
-0.212584865006035	-0.237748898240102	-0.0354963451556973
-0.14989304764143	-0.158670403635488	-0.0168608641206746
-0.0918132456608367	-0.0624989332951023	0.00496360599420799
-0.04746214502288	0.0332808080492336	0.0265398776318813
-0.0196836249102068	0.112315406222592	0.0445819279990036
-0.00606150266782661	0.160428313883265	0.0564621259837319
0	0.166900162200821	0.0606349891222596
0.325403863854749	0	0.0738952211463415
0.290288511441823	-0.00779259377255923	0.0688160440780135
0.21035830190458	-0.026447287124895	0.0540842048418198
0.0931072627499355	-0.0639859689432474	0.0317845361169108
-0.0466851091380255	-0.12410322810102	0.00509502991578075
-0.187384652594968	-0.203093205432208	-0.0220797599321224
-0.305108518583196	-0.288664277997806	-0.0456088935667003
-0.37936431026704	-0.361319409373529	-0.0617412267909542
-0.398801213968783	-0.398925488233796	-0.0677706025688064
-0.364919144691005	-0.383689356612573	-0.0625752874526585
-0.293220374819047	-0.310978640624656	-0.0468428972374468
-0.206193064312005	-0.191286146526595	-0.0230854819971656
-0.124737041412363	-0.0459768770045933	0.00489764138301565
-0.0625896547809162	0.0989254447776432	0.0327045277568464
-0.0243571818931175	0.218734465024056	0.0560755091332438
-0.00666548650245789	0.29278824817953	0.0715644642793805
0	0.307812400775769	0.0770267744734951
0.483771406487837	0	0.0877004685791671
0.440289210391961	-0.0084997269716785	0.0816000212388123
0.330685580571862	-0.0317726702345202	0.0639681714421115
0.168957630794089	-0.080547158666316	0.0372955721600985
-0.0235534627580121	-0.159448510844493	0.00540173937853046
-0.217328631398015	-0.263235596780942	-0.0270460460845723
-0.380306773352289	-0.375357237620427	-0.0551361900454216
-0.48516467462708	-0.469856744512801	-0.0744174956545059
-0.516510353633554	-0.517197147779693	-0.0817062455785047
-0.475828914738562	-0.49330979775091	-0.075650257244688
-0.383555283911904	-0.391697098362364	-0.0570299583177026
-0.269618389314209	-0.226202938111653	-0.0287436766946903
-0.162091318831952	-0.0252822439576089	0.00472285416756587
-0.0799463507100467	0.175482288829784	0.0381266074190669
-0.0299065477791569	0.34180029457078	0.066331464970483
-0.00751593610270941	0.446011038876224	0.0851226321988676
0	0.473610447591333	0.0917759142115085
0.659106383406035	0	0.0998254788162376
0.606143730916059	-0.00940953720515239	0.0928210456820241
0.463479964546489	-0.0379660464718653	0.0726539323760071
0.251903218452578	-0.0994963665312371	0.0421713749320964
0.000633422656756782	-0.19952748441285	0.00575815368905221
-0.252031690811386	-0.331048426155421	-0.0312643446256685
-0.465230286785869	-0.472871984934753	-0.0633252647939264
-0.604368008127632	-0.592095348778789	-0.0853781974645677
-0.649355932913356	-0.650924033681994	-0.0938009614837308
-0.601274790325061	-0.617912684321586	-0.0870317761485133
-0.486001375650132	-0.484314156490049	-0.065930584503778
-0.341956212976558	-0.267962482553386	-0.0337104351530925
-0.20512567196486	-0.00500822098276649	0.00455635979977466
-0.100305772474965	0.258529627835241	0.0429090392878813
-0.0366901964388873	0.4776292321385	0.0754360059901926
-0.00867893782350167	0.616965405889165	0.0972003854882677
0	0.659698610651513	0.104917490636499
0.850029869401166	0	0.110270824770631
0.785911215486576	-0.010479940406879	0.10248004945165
0.607333490338566	-0.0448456159845126	0.0801343690074362
0.341306038463683	-0.120415328406122	0.046401858031408
0.0260164965387433	-0.243620758108726	0.00615108930773391
-0.290709479855245	-0.405511389887497	-0.0347538457017861
-0.558730108324069	-0.579996040214042	-0.0702048626180329
-0.735764668532857	-0.72682193376173	-0.0946644289921147
-0.79628592697143	-0.799092486417885	-0.104108361345523
-0.740306369024693	-0.756693072565255	-0.096777711727429
-0.599586383862835	-0.58811272268319	-0.0735756400761152
-0.422409327880442	-0.316181769536641	-0.0380087683402778
-0.253336584056668	0.0145997596381681	0.00438120465113377
-0.123383469858739	0.347266708027992	0.0470399897725179
-0.0445041345779561	0.625268286824767	0.0833808707484057
-0.0100165849903274	0.804656260125626	0.107786433362181
0	0.863804085673188	0.116430081963312
1.05454188864538	0	0.119031507113817
0.977653847406713	-0.0116739288013233	0.110574076273073
0.760673758034892	-0.0522762658272318	0.0863980698056194
0.436533742517687	-0.142880021002164	0.0499662510429456
0.0530760497184985	-0.290847660311672	0.00655377943472769
-0.331922376635817	-0.485224791532751	-0.0375501372620308
-0.65888283702809	-0.694985129347455	-0.0758148308066642
-0.877315946205626	-0.872147968362815	-0.102325582703773
-0.955556220830403	-0.960002942930775	-0.112671183529969
-0.891278863027753	-0.907970901832041	-0.104951157393262
-0.722741951540086	-0.701504451939107	-0.0800047913425542
-0.509775733952461	-0.369761297604203	-0.0416716896094154
-0.306050615785434	0.0336638069061546	0.00416672883175792
-0.148878702226891	0.440943902669825	0.0504901990103447
-0.0531788584523462	0.78364333379543	0.0901436183363726
-0.0114633303216971	1.00764752340759	0.116864154315524
0	1.08385970389288	0.126309191343615
1.27020154496551	0	0.126117992144142
1.17916515214183	-0.0130109217214599	0.117102966715438
0.921426822698075	-0.0602688582340544	0.0914444970625304
0.536342110876175	-0.166668709401134	0.0528532533393078
0.0817952127399277	-0.340520780146374	0.00694850631156289
-0.374534158230745	-0.56892252528214	-0.039673649263089
-0.764044006886059	-0.816205411781256	-0.0802048651693535
-1.02743002830971	-1.02655425361464	-0.108409712509078
-1.12610242807757	-1.13265993798443	-0.119489500791785
-1.05281619411873	-1.07050039329834	-0.111573140763587
-0.854027600953976	-0.823070065486343	-0.0852620051650572
-0.603003485485278	-0.427910689195683	-0.0447116103588586
-0.362782307894965	0.0518499987533928	0.00390557096921177
-0.176725912623359	0.538166076882486	0.0532595229284161
-0.0628349048939086	0.95081268438413	0.0957106648032185
-0.0130875429267097	1.22397006923173	0.124431985873796
0	1.31804556622545	0.134549644350647
1.49447004414584	0	0.131539017144495
1.3881822385892	-0.0144909939037034	0.122069613761104
1.08748208882883	-0.0688219561345019	0.095262495301573
0.639260784441469	-0.191646178303638	0.055065816213335
0.111844807353165	-0.392084559217625	0.0073246920818875
-0.417702218852316	-0.655496406497867	-0.0411363196944149
-0.872658017186972	-0.942142553612318	-0.0833749222344688
-1.18488142364808	-1.18865074549683	-0.112947333227482
-1.30769819270295	-1.31646282537769	-0.124718472564776
-1.22394831824138	-1.24384202776876	-0.116617094616069
-0.991989299182582	-0.951528724790701	-0.0893455973245288
-0.701056120053422	-0.489978728211409	-0.0471216775146653
-0.423055047003728	0.0686510720749066	0.00360317843964558
-0.206854008250893	0.637306379019958	0.0553228298192854
-0.0734842367866432	1.12440540013726	0.100034744353405
-0.0149305688764847	1.45108221056092	0.130476825766096
0	1.56439335888575	0.141187297870135
1.7248420881297	0	0.135305496188562
1.60228251505414	-0.0161017478230363	0.125453955673128
1.25671342655135	-0.0778676290257305	0.0978119571165456
0.7439545552816	-0.217573136840007	0.056580712878644
0.142948372054242	-0.444927121111205	0.00767130415999034
-0.460603155612383	-0.743814511026846	-0.0419492913470744
-0.983210209902732	-1.07126146569912	-0.0853382423990551
-1.34851026358173	-1.35725233413826	-0.115882755409101
-1.49968320218086	-1.51069512522361	-0.128416655573014
-1.40384788358473	-1.42740729318635	-0.120177713265882
-1.13518078443256	-1.08553557937769	-0.0922340378072046
-0.80281745544999	-0.555193409485571	-0.0488826864158614
-0.486320913982736	0.0835948403471697	0.00326144437483811
-0.239235852226622	0.736313101797976	0.0566447194730192
-0.0854125747448421	1.3012979535881	0.103033976982786
-0.0171495452433442	1.68620117639327	0.134949115284788
0	1.82062978533716	0.146150827309166
1.95844143687612	0	0.137394485195188
1.81836850613775	-0.0179724134131031	0.127225569027389
1.42645099237606	-0.0874790575791091	0.0990491348115124
0.848947493376601	-0.244197084800044	0.0573456575366628
0.174876428087842	-0.498363040057871	0.00796759193356175
-0.502371269851801	-0.83266404451041	-0.0421221281300904
-1.09397607496172	-1.20180658117136	-0.0860899727371389
-1.51691080960686	-1.53068074832715	-0.117284000476588
-1.70068252274247	-1.71468883312705	-0.130436986881804
-1.59114512575984	-1.61973239174991	-0.122278976557183
-1.28207869941392	-1.22350021081389	-0.0939077261601657
-0.907110697808528	-0.622624236239921	-0.0499770854200128
-0.551982949649491	0.0963779519872473	0.00288642915471317
-0.273828727501184	0.833395744706865	0.057220420346491
-0.0989932229994901	1.47817965211108	0.104763781379998
-0.0205186144742504	1.92538705668788	0.137704875721496
0	2.08397347519286	0.149289675688364
2.19210182370868	0	0.137597328276756
2.03309431888897	-0.0205928125290854	0.127405307360445
1.59347941080504	-0.0979694659564348	0.0989612579819683
0.952389698669287	-0.271436893349093	0.0573302650310399
0.207199063266821	-0.551787101010148	0.00818243396579078
-0.542309053329413	-0.920914829056971	-0.0416793079842625
-1.20332126800909	-1.33212121869483	-0.0856371311207465
-1.68774828861725	-1.70687339317739	-0.1171118029229
-1.90885347901811	-1.92641969008831	-0.130728043982297
-1.78414848752225	-1.81901145068841	-0.12278160030164
-1.43106541971429	-1.36375828136749	-0.09434206080614
-1.01270975705326	-0.691325247194984	-0.0503968787945478
-0.619295606559797	0.106946914492122	0.00248492895274546
-0.310346885696729	0.927301851457725	0.0570457839331407
-0.114058760736584	1.65345661335136	0.105195506950945
-0.0245140639935589	2.16578509216644	0.138642407361202
0	2.3506616598045	0.150372745158626
2.42265930263203	0	0.13576049844133
2.24382955776456	-0.0237119190943974	0.125827969657735
1.75548653886466	-0.109332086581825	0.0976021658486579
1.05255210136328	-0.299137321048456	0.0565359720437159
0.239277148372505	-0.604658669237156	0.00829077835338138
-0.580082742249864	-1.00757133631595	-0.0406530675804267
-1.30992953698563	-1.46063210076369	-0.0839965265129813
-1.85889032794052	-1.88366651297065	-0.115338289719525
-2.12190128229411	-2.14328847609749	-0.129183336405815
-1.98072595841779	-2.02325549172281	-0.12153515391674
-1.58056293209402	-1.5050501271934	-0.0935061910717733
-1.11840845751851	-0.760621994040785	-0.0501407402096524
-0.68735235294459	0.115387122384762	0.00205808532327124
-0.34816231931339	1.01738585844352	0.0561047770141588
-0.130180859254666	1.82576937938381	0.104190310957505
-0.0285954387924002	2.40662107512733	0.137621246143744
0	2.61880212186121	0.149321212788673
2.64767003556972	0	0.131886240808072
2.44850627320108	-0.026890234417949	0.122311084134532
1.91142653743268	-0.121212623078956	0.0949504221949627
1.1483554863386	-0.326919947128841	0.0549613655777924
0.270498309528254	-0.656400747939006	0.00827529011470021
-0.615653128927695	-1.09172609420414	-0.0390678857605776
-1.41285946842056	-1.5858711916212	-0.0811647633508325
-2.02780892043279	-2.05836209269123	-0.111880624534671
-2.33737192972914	-2.36228659927408	-0.125734996269431
-2.17856303360574	-2.23064913517821	-0.118464107728993
-1.72897600519564	-1.64640140912547	-0.091349974652085
-1.22302239762095	-0.830084465390113	-0.049191712767383
-0.755174051447862	0.121733939242667	0.00160529397431793
-0.386457568678891	1.10323370283372	0.0543638155582876
-0.146839260834571	1.99336788141039	0.101644931532241
-0.0327168950995241	2.64580921997636	0.134541400138106
0	2.88704268082768	0.146091991380649
2.86548436401443	0	0.126026444336455
2.64539925463368	-0.0300009466037383	0.116900057344177
2.0603324731241	-0.132996444114554	0.0908607668874091
1.23920499820887	-0.354136726251813	0.0525925445826727
0.300407541470921	-0.706308075603894	0.00813065573727812
-0.648944042033782	-1.17238656618923	-0.0369311277795899
-1.51112823747662	-1.70624801124196	-0.0771258669008838
-2.19149400849404	-2.22789814738896	-0.106675056416011
-2.55102991601977	-2.57904427951927	-0.120272853173961
-2.37487218484234	-2.43848682978279	-0.113549100957224
-1.87458213151055	-1.78656693936502	-0.0878029482436269
-1.32529216511165	-0.899222525439533	-0.0475052575794971
-0.821770964049319	0.125938185871604	0.00113910872764117
-0.424516947216193	1.18407419690223	0.0517995378980614
-0.163702598767832	2.15404046840222	0.0974944121330972
-0.0369447821956126	2.87902026666819	0.129389167342144
0	3.15123523173071	0.140639610490689
3.0734320722437	0	0.118218743916687
2.83243316941434	-0.0328495605337446	0.109643078265742
2.20067631105658	-0.144285309308689	0.085312165590637
1.32441112133945	-0.380139562156779	0.0494058326879064
0.328643030975652	-0.753591896594508	0.00783983501760259
-0.679725120701835	-1.24846412047807	-0.0342597264636516
-1.60331422085915	-1.81994455134076	-0.0718996917900403
-2.34674998724191	-2.38910490614125	-0.0997403775245079
-2.75739302654554	-2.78849414501581	-0.112769701004935
-2.56592061760649	-2.64234884699136	-0.106808024923755
-2.01527921490716	-1.92354184589867	-0.0828241290457806
-1.42376425656768	-0.967197473827783	-0.0450425568838374
-0.886086972989387	0.127991698509599	0.000681025242140556
-0.46166905233639	1.2588589776291	0.0484185977377376
-0.18057233979777	2.3049866330973	0.0917091095963118
-0.0414122231762507	3.10113811204891	0.122151958307592
0	3.40536883910155	0.132956548715023
3.26715861827357	0	0.108542036560912
3.00632189693424	-0.0354881620985541	0.100619147807889
2.3304032394253	-0.154866089201023	0.078342973338058
1.40289875964521	-0.404426993959033	0.0454044990755486
0.35475522135838	-0.797496992923064	0.00738814702045286
-0.70773486751879	-1.31883658694758	-0.0310869915156419
-1.68801038743108	-1.92511747971585	-0.0655436160919918
-2.49044451039094	-2.53880352811753	-0.0911532105625993
-2.95136059980379	-2.98559277338285	-0.103315157466416
-2.74748239229837	-2.83723557309631	-0.0983099561115038
-2.1486120260911	-2.05494801158811	-0.076424263208451
-1.5167802392915	-1.03289618212568	-0.0417919634639894
-0.946955114690932	0.128056577294568	0.00025519810035569
-0.49713924496505	1.32675863306861	0.0442602670393967
-0.197087965893991	2.44388738172555	0.0843506919699822
-0.0462780462189125	3.30761426837724	0.112733779053002
0	3.64362760965374	0.122977337876537
3.44234948636294	0	0.0971166639494623
3.16340843815546	-0.0379917271487904	0.0899393992928247
2.44721469652229	-0.16461581186087	0.0700390537253626
1.47337285787807	-0.426605529123811	0.0406227174363592
0.378212500876682	-0.837329097038991	0.00676899507921619
-0.732736654763722	-1.38241898276172	-0.0274590109858679
-1.7639526317303	-2.02003322836726	-0.0581457204238585
-2.61982310516787	-2.67411222807848	-0.0810473889573344
-3.12832584972016	-3.16571967122958	-0.0920532225772263
-2.9152270472738	-3.01826856866621	-0.0881083554417059
-2.27194763438154	-2.17803483743083	-0.0686456656228761
-1.60260692883794	-1.09498840243084	-0.0377575326849696
-1.0031399018756	0.126466109436595	-0.000112757905792022
-0.530040024728551	1.38720730320457	0.0393760098322439
-0.212602039486512	2.56925352803705	0.0754925052065444
-0.0510196855664634	3.49529116041243	0.101219776454962
0	3.86158012951573	0.110579730394507
3.59543138282567	0	0.0839393239681675
3.30070494246617	-0.0404960530077333	0.0777574161307849
2.54905084669299	-0.173442001007603	0.0605168261008912
1.53457055698007	-0.446346208235114	0.03512242439509
0.398465194604917	-0.872468850450211	0.00598539803437818
-0.754535952324675	-1.43820556471774	-0.023432749383316
-1.83002671310356	-2.10310239660238	-0.0498224450697712
-2.73257064397584	-2.79251872609194	-0.0695785868339329
-3.28429816941048	-3.32479326007732	-0.0791948149419846
-3.06518660528358	-3.18095904184126	-0.0763118970256678
-2.38256035016674	-2.28974788345163	-0.0595830677082266
-1.67944164129833	-1.15189283604557	-0.032967825858108
-1.05339583499454	0.123699345612339	-0.000401930884591482
-0.55951839882371	1.43967297784896	0.0338311015469581
-0.226565828015575	2.67949222015379	0.0652418393562145
-0.0553438399893184	3.66135558628711	0.0877452627643402
0	4.05549141204733	0.0959543109514527
3.72381307444085	0	0.0691501840254817
3.41633502565628	-0.0427671411628219	0.0641582974225093
2.63443445448145	-0.18112643500036	0.0499331119719226
1.58542141493283	-0.463316361003348	0.0289930608782788
0.415000269505967	-0.90236215158324	0.00505126908053931
-0.772982794094734	-1.48530345547458	-0.0190729729250363
-1.8852751991405	-2.17291585791041	-0.0407146450604195
-2.82675233959999	-2.8918560319443	-0.0569534735703058
-3.41589921992732	-3.45930039397627	-0.0649649462693584
-3.19396855408761	-3.32140001215108	-0.0630777400165309
-2.47786839784316	-2.38713308089944	-0.0493565429025227
-1.74550987866753	-1.20191657409673	-0.0274763952451632
-1.09650500852992	0.120353470888583	-0.000597635155816511
-0.584785791602701	1.48365433482419	0.0277081232434651
-0.23858048399236	2.77269818190769	0.0537482783925421
-0.0590941070681353	3.80234562464433	0.0724969017074205
0	4.2212870115851	0.0793587699707648
3.82523097020675	0	0.0529834097098385
3.50895448107029	-0.0446080299637122	0.0493300135027357
2.70215819233866	-0.187431960518568	0.0384290490380279
1.62493119885232	-0.477251749559578	0.0223327534958048
0.427229909889309	-0.926598670097189	0.00398412743230284
-0.788096072156114	-1.52302485141511	-0.0144529261970373
-1.92901217196393	-2.22835167498805	-0.0309888682192286
-2.90071255146162	-2.97025899769211	-0.0434044905770668
-3.52026428884148	-3.56621112361937	-0.0496125162877804
-3.298692525415	-3.43622664200753	-0.0486033014188953
-2.55548873479069	-2.46738412274309	-0.0381125614140419
-1.79904969740754	-1.24319123298425	-0.0213541704640956
-1.131225247229	0.117330458418918	-0.000687384585549308
-0.605052173528744	1.51897310330553	0.0211077636552652
-0.248240286209364	2.84739308918445	0.0412058135255226
-0.0621442021367896	3.91514487834084	0.055766829067337
0	4.35483634083869	0.0611029995979712
3.89728859561463	0	0.0356994291508265
3.5766227144053	-0.0459666593122301	0.0334865697251348
2.75049940743857	-0.192320003741782	0.0261692551016225
1.65177829838145	-0.488064165604912	0.0152232663748293
0.434321769253333	-0.944996380017445	0.00279205869833459
-0.800082870585772	-1.55094794596547	-0.00966027017638271
-1.96079948106403	-2.26861883303663	-0.0208266802319618
-2.95330664784893	-3.02639931639571	-0.0292208316224593
-3.59510548949419	-3.64320318221586	-0.0334319139960221
-3.37670883218477	-3.52232627979812	-0.0330875695047867
-2.61312796012533	-2.52770847319424	-0.0260070611998994
-1.83824615566161	-1.27355001240511	-0.0146748089220277
-1.1562359485468	0.116023374386745	-0.000646038859421041
-0.619465264805275	1.54608798104181	0.0141622572803294
-0.255092836351552	2.9029779275684	0.027854490792077
-0.0643202132990348	3.99808646261715	0.0378958921808039
0	4.45309500995193	0.041525388328065
3.93888346948199	0	0.0177107325531087
3.61782782027954	-0.046667056679819	0.0168915389746098
2.77827029380754	-0.19561604601042	0.0133100483521367
1.66560871831831	-0.495443258419074	0.00774140364931456
0.436481920572273	-0.957084495893035	0.00145845615646126
-0.808306408295919	-1.56841828400599	-0.00480486548952415
-1.97944348120199	-2.29269107980105	-0.0104251662099212
-2.98303427719618	-3.05888186405095	-0.0146746781702692
-3.63808541503569	-3.68767608853309	-0.0166535952668252
-3.42636656970212	-3.57792818100169	-0.0169050555714559
-2.64901877418307	-2.56609720013782	-0.0132335144535307
-1.86176613306591	-1.29159189590875	-0.00750903384657855
-1.17072129387396	0.116958378917258	-0.000417596641512571
-0.627609064262074	1.56473328681804	0.00705874473882114
-0.258972096772623	2.93861672330734	0.0139997164621536
-0.065574317102243	4.05035408860957	0.0192383128798328
0	4.51383334221317	0.02098902303377
3.95531943958851	0	0
3.637243105613	-0.0457112666078961	0
2.79621469399252	-0.194425051294011	0
1.68104010142495	-0.494421986017037	0
0.449411377284875	-0.955973205717396	0
-0.798374761328321	-1.56751721919311	0
-1.97388601481735	-2.29311128490122	0
-2.98353762258597	-3.06253446213341	0
-3.64512184927363	-3.69579480019073	0
-3.44285501715953	-3.59648406283457	0
-2.6640990072943	-2.58463502211502	0
-1.87460772268759	-1.30726261028986	0
-1.18095599198809	0.104701711458647	0
-0.635014809038244	1.55696448030375	0
-0.263655655132548	2.93694791568177	0
-0.0676964761290047	4.05847658835114	0
0	4.52773691249875	0
