0	0	0
0	0	0
0	0	0
0	0	0
0	0	0
0	0	0
0	0	0
0	0	0
0	0	0
0	0	0
0	0	0
0	0	0
0	0	0
0	0	0
0	0	0
0	0	0
0	0	0
0.0476949298500187	0	0.0724365423838323
0.0285756184157848	-0.00966641412239012	0.0672509893339125
-0.0104516804941886	-0.025334902511728	0.0530521873365451
-0.0587789050163273	-0.0489171374786085	0.0319293645134636
-0.112019006620001	-0.0813981496218698	0.00673851153986529
-0.162182420398843	-0.120731421893734	-0.018929772289052
-0.200239731806189	-0.161372393720408	-0.0412546817253984
-0.218511587874724	-0.194719467189378	-0.0571331542956779
-0.212460405770688	-0.2109044502623	-0.063020435063038
-0.184760093882498	-0.203474408461726	-0.0573955198540694
-0.14447144624574	-0.17332097093611	-0.0414061713469573
-0.102103077512564	-0.127382208943835	-0.0186973462505343
-0.0648246136289116	-0.0746163450231534	0.00755757515995121
-0.0366514849976829	-0.0246611763924751	0.0333175244859124
-0.0181720091654092	0.013791057956097	0.0546810166068429
-0.00747043109615343	0.0321326521863281	0.0684741567798843
0	0.0331658307291375	0.0726655112434646
0.262087418991363	0	0.13801294773608
0.207442930794617	-0.0197065821431449	0.128611576635115
0.0986931885728858	-0.055040659491116	0.101405737313514
-0.0529233972059211	-0.116424094896774	0.0605303536604696
-0.229344793461378	-0.208682523276942	0.0118390117375595
-0.402544018395807	-0.326553001059355	-0.0375267473370776
-0.541753114099376	-0.453328763160282	-0.0800980437974367
-0.62130341230815	-0.562979592543249	-0.109266700455157
-0.626360725617488	-0.62484966945135	-0.119921901407079
-0.560369620555895	-0.615023182923789	-0.109892843594856
-0.446456594973382	-0.528935622366337	-0.0807246713936035
-0.316763660681781	-0.383392749945204	-0.0374544987550181
-0.198164774924713	-0.20623474417216	0.0130884954981923
-0.106998633215229	-0.0294449105690158	0.0630842968465111
-0.0481688844828936	0.116377445938607	0.104910848744523
-0.016968026888487	0.202579031885596	0.132360818829401
0	0.211921698190321	0.141920908792136
0.634377211695088	0	0.196814410640578
0.545031735414483	-0.0241888284873225	0.183171080142518
0.358458619098703	-0.0743500690178722	0.143726772042862
0.0887361755627627	-0.169403467233945	0.0842854798154616
-0.229374516045902	-0.317686017745695	0.0135296621853325
-0.545130473873758	-0.509815128839309	-0.0580424055732523
-0.803962381943924	-0.716708427452046	-0.119570383608041
-0.960413629573187	-0.893363267930155	-0.161457962582982
-0.990024662798594	-0.989018573262931	-0.176814638946134
-0.89780558479359	-0.963371304972983	-0.162880642745313
-0.720355924763827	-0.806417754822415	-0.121544472683228
-0.509967984581834	-0.542711402724073	-0.0593482483763665
-0.314023501920196	-0.219926558328035	0.0139640531272259
-0.163129106677327	0.10483868836436	0.086974683655818
-0.0677732500864835	0.376159260799953	0.148457624826821
-0.0208023268732262	0.543722030363063	0.189164372300588
0	0.570638165803698	0.203444421717296
1.1042056194501	0	0.249586864882255
0.984916827972127	-0.0265048152224374	0.231974197733162
0.708512098989036	-0.0908722080360654	0.181231535430162
0.304377760159322	-0.220502453470195	0.104806232182668
-0.173081829305894	-0.426657239554757	0.0139481045702249
-0.648270268128401	-0.694824206272548	-0.0778090732092974
-1.04131824826164	-0.982329860729849	-0.156570389188193
-1.28639856457286	-1.22426812017912	-0.210138548965875
-1.34857204707328	-1.34850714004522	-0.229996763039804
-1.23418798173351	-1.29748784519155	-0.212729358344064
-0.994374840120312	-1.05608649941288	-0.16049638089821
-0.702735142775439	-0.657695195054282	-0.081211866500901
-0.427882302552657	-0.170493265012348	0.0128695382401045
-0.216055023462141	0.320761984989073	0.107120826598845
-0.0843363847991968	0.732395022463394	0.186938342662666
-0.022957496713452	0.990960821303962	0.240129931395829
0	1.04873232241456	0.258854578573333
1.64000790072878	0	0.296737441509128
1.4915350561402	-0.028977804666202	0.275541032532266
1.11217604440741	-0.109616836395101	0.214640123451291
0.554574185846238	-0.278620319931393	0.123034554066595
-0.103071152541216	-0.549900467429064	0.0143116800500883
-0.757459601105104	-0.902816797120736	-0.0953071565059568
-1.30125548810915	-1.27958080035236	-0.189300356412501
-1.64701140705793	-1.59375106714814	-0.25324642999436
-1.74784680563303	-1.74952775370655	-0.277214635413335
-1.61066377824625	-1.66952558025514	-0.257137613846949
-1.30253748273843	-1.33265110217242	-0.195423388767163
-0.920871241088081	-0.782423344452305	-0.101088467188496
-0.557684943025684	-0.109104666673368	0.0114793133260716
-0.27705671415334	0.571560199648213	0.124865448026772
-0.104045245192468	1.14330048165949	0.221396317160725
-0.0259592278821299	1.50755031166008	0.286081176622169
0	1.60965315790735	0.308973039672731
2.23210840257128	0	0.338369984924475
2.05029908956121	-0.032168221232498	0.313978695613325
1.55627604008366	-0.131491880798494	0.244122097482356
0.82685384063283	-0.345352826244616	0.139208059940374
-0.0316226496813005	-0.690210219548089	0.0149274047147804
-0.885067194137484	-1.1383832850845	-0.110168859431897
-1.59641481212318	-1.61546505817043	-0.217346219590312
-2.05510841240998	-2.0116906402988	-0.2903303826337
-2.20032996866079	-2.2048497126119	-0.317944745488079
-2.03832480692344	-2.09428858837751	-0.295577052325179
-1.65365369987722	-1.65171809314905	-0.225826639618254
-1.17087347532063	-0.932770279705648	-0.118520803326012
-0.707898623701456	-0.0516250201512968	0.0101930683941046
-0.348837647540921	0.842034455942989	0.140540647563751
-0.128131378895852	1.59541072904571	0.252102282850554
-0.0300398780090342	2.08232996066271	0.327221559690181
0	2.23728527011913	0.353892045987388
2.87528813391994	0	0.374477317336046
2.65417963545445	-0.0359331014167327	0.347274148724472
2.03566857193175	-0.155889421990589	0.26964583725852
1.1187727419797	-0.419323133403155	0.153292413092298
0.0414907097322993	-0.845261992289086	0.0157539475381682
-1.02876102103427	-1.39831211400851	-0.1224557196264
-1.92336057691168	-1.98628834338591	-0.240801562997558
-2.5071279732826	-2.47450967794281	-0.321520700743322
-2.70300728616664	-2.71160416124044	-0.352350763793086
-2.51450854956183	-2.56962790413209	-0.328223845514913
-2.04493621374703	-2.01142891682299	-0.25179859948884
-1.45041394442894	-1.10793346974684	-0.133579825368275
-0.87702613600457	0.000730104545324895	0.00895701248849136
-0.430516167757648	1.12912632660363	0.154106250124772
-0.155924829698818	2.08504566175549	0.279028585889874
-0.034734525685734	2.7113092058722	0.363517827554004
0	2.92332535902677	0.393525992784333
3.56225548806066	0	0.405018254708417
3.29620887596523	-0.0401454415840443	0.375394447577913
2.54472961669617	-0.18235349415666	0.291158891177776
1.42797596442104	-0.499115694579966	0.165215219830132
0.117705220591755	-1.01214520070865	0.0167028241406218
-1.18392845089955	-1.67804389266879	-0.132292035511176
-2.27596584178338	-2.38648146574206	-0.259813637832961
-2.99662806229908	-2.97626867319237	-0.347000103989354
-3.25043884717079	-3.26452033832133	-0.38058396898508
-3.0341322814952	-3.09036589895249	-0.355296885746626
-2.4715319555303	-2.40694082711186	-0.273479776680082
-1.75575728689596	-1.30465716035813	-0.146378040830489
-1.06297975538619	0.0480137253461647	0.00767071289935812
-0.521159034557992	1.42996125689306	0.165462518815242
-0.186875072519163	2.60812390488704	0.302095242533264
-0.0398212760734392	3.38905154351938	0.394906724647216
0	3.6601987134747	0.427839521027957
4.28431076446771	0	0.42999120510482
3.96859816538037	-0.0448687974111292	0.398307371644131
3.07625842456645	-0.210919557331228	0.308636541046801
1.75016990541535	-0.583982361192174	0.174930900427532
0.196890744063724	-1.18856337612035	0.0177152870795777
-1.34690109592404	-1.97341729749114	-0.139751395753426
-2.64901879497694	-2.81082023310215	-0.274565720202959
-3.51871588470005	-3.51231218829836	-0.366946011998843
-3.83956115515787	-3.86079156154891	-0.402640647617022
-3.59306669459086	-3.65284547533283	-0.376871652194621
-2.92901934145365	-2.83398829062404	-0.291029015458917
-2.0836465699948	-1.52067269535462	-0.156958007975905
-1.26428503202563	0.0888362938055626	0.00631340081624401
-0.620627827953917	1.7395845551664	0.174604061992264
-0.221420834622711	3.15772666353235	0.321238753056614
-0.0455331310563888	4.10839819758816	0.421361023649403
0	4.4412110893413	0.456791543147821
5.03252349132555	0	0.449382337290468
4.66345886611123	-0.0501001077985763	0.415986485839355
3.62303181871803	-0.241576642247714	0.32201517758576
2.08042795691966	-0.673446588340138	0.182439880443055
0.277998513470044	-1.37261639537787	0.0187563025088586
-1.5148932085796	-2.28073805114402	-0.144878208023194
-3.03757077259178	-3.25444572320867	-0.285074787541118
-4.06980565310518	-4.07848114350071	-0.381476296203058
-4.47030385488888	-4.49910870101028	-0.419030059241416
-4.18868814784867	-4.2562767491786	-0.392850069696672
-3.41292553029878	-3.28878125262707	-0.304453778643548
-2.43082001271406	-1.75408515574958	-0.165297517000189
-1.47945057260826	0.121360672641092	0.00490844672284623
-0.728748369033385	2.05239275710605	0.181439128169483
-0.259633563126129	3.72560411442197	0.336272706704059
-0.05201499071937	4.86036144031915	0.442797811913571
0	5.25924281733593	0.480470267172005
5.79819507728146	0	0.463183065103612
5.37247968462178	-0.0557939510234673	0.428322716895032
4.17788690396574	-0.274082189547434	0.331131091540632
2.41439244378469	-0.766650976445698	0.187653961386204
0.360291999674397	-1.5621492467987	0.0197887607999393
-1.68505365821154	-2.59613918230521	-0.147715512035812
-3.4367517825491	-3.71236648806111	-0.291405959060303
-4.64658250284182	-4.67135900224161	-0.390417122824883
-5.14121771723662	-5.17787163754436	-0.429946187964938
-4.81894394367366	-4.89945628384844	-0.403550060699316
-3.91877686833905	-3.76729509292425	-0.313698526567452
-2.79365008337734	-2.00245070339084	-0.171334424741858
-1.7066654380892	0.144052051023753	0.00346803869932068
-0.845471653407194	2.36154258612013	0.185839111219285
-0.302520233926917	4.30116397689087	0.346880890143428
-0.059804759991827	5.63527766313458	0.459000205740866
0	6.10624647023371	0.498588525185944
6.57156592050912	0	0.471263356890408
6.0852721170494	-0.0623892830348861	0.435160194595846
4.73202251961394	-0.308669395263013	0.335801053133799
2.74737720835304	-0.862664789212641	0.190384445222754
0.443327332158365	-1.75468990037009	0.0207416091997166
-1.85424198666847	-2.91537081737091	-0.148302550764149
-3.84086999948138	-4.17872739027752	-0.293569965209696
-5.24488829042095	-5.28583680386169	-0.394030639241299
-5.84847511968979	-5.89569800908726	-0.434901794934396
-5.47990910782261	-5.57819196478826	-0.409078694392828
-4.44175215276091	-4.26458415579562	-0.318721860273164
-3.16817962039564	-2.26261317836513	-0.175014443426951
-1.94384870624081	0.156161433744427	0.00201896506501187
-0.970635320560362	2.6612965343674	0.187782601740451
-0.351374992968643	4.87340761201353	0.353211906519494
-0.071541600419166	6.41984093643964	0.469406030422265
0	6.97261223386112	0.510573562655189
7.34209127875159	0	0.472859143518976
6.79079254932732	-0.0715505649148311	0.436516393591274
5.27502213708196	-0.346386547311276	0.335943285585191
3.07361534499909	-0.961114586563495	0.190514639830652
0.526125978770416	-1.94798064206114	0.0215074838468339
-2.01973387777694	-3.23436293459197	-0.146728535272124
-4.24437301120726	-4.64787117194513	-0.291617444627255
-5.85728375934932	-5.91535420022931	-0.39224019150794
-6.58658071579759	-6.64652736211421	-0.433780115977514
-6.16652735247922	-6.28708948257875	-0.409008595209971
-4.97659752595256	-4.77531998301602	-0.319470459245973
-3.55015570955842	-2.53117799087503	-0.176316312275958
-2.18830755658027	0.157971985790909	0.000589881758417534
-1.10320253871938	2.94784907561388	0.187253628527389
-0.405611464472986	5.43714304949459	0.355150946344449
-0.0854512380096459	7.20441781264384	0.473618317067931
0	7.84557435809091	0.515557345724109
8.09935715048506	0	0.467395779622417
7.48041500739211	-0.0824268661686145	0.431792251059683
5.7995346232881	-0.387180759959489	0.331718689865466
3.38784069065875	-1.06135504708924	0.188038550207987
0.607110271207613	-2.13994331505973	0.0219991487630728
-2.17989693890455	-3.54942563851965	-0.143106638347679
-4.64260488219323	-5.1142868074812	-0.285629059540787
-6.47687056714323	-6.55287602075282	-0.385013214090827
-7.34843605651557	-7.42228093170799	-0.426306779638135
-6.87216113340533	-7.02004031589565	-0.402896938154253
-5.51810585501734	-5.29540815813458	-0.315865987783094
-3.9352975993763	-2.80550948620212	-0.175238602868773
-2.43672047308131	0.150359892045988	-0.000810143379221387
-1.24092121388467	3.21949885527827	0.184199005318584
-0.463766752986229	5.98794323150752	0.352210258799902
-0.0996810360199055	7.9862299894407	0.47114136506421
0	8.71845566526152	0.513231320236928
8.83536146129418	0	0.454842570270944
8.14741777880722	-0.0935250853836573	0.420342218392197
6.30239728767926	-0.429793622467477	0.323049495098091
3.68694473354788	-1.16196776398432	0.182946586561138
0.68482802798829	-2.32835407866919	0.0221558170383018
-2.33398352663131	-3.85710674182544	-0.137521222761141
-5.03193967193386	-5.57265314357248	-0.275611422354326
-7.09510721314718	-7.18924610582666	-0.372151745720205
-8.12626272166833	-8.21335118017115	-0.412370613476361
-7.58944825407097	-7.77139077301155	-0.390565364818147
-6.06086556418461	-5.82150101414439	-0.30776300169201
-4.31930920057688	-3.08364726961417	-0.171724147057508
-2.68546826430796	0.13410838536924	-0.00217762793797124
-1.38084644520801	3.47539589275232	0.178507470241003
-0.524064144672467	6.52021036330733	0.344019613932139
-0.114079431731802	8.75830400189368	0.46158957199872
0	9.58661284734246	0.503419292737029
9.54468875756964	0	0.43535095780796
8.78631252936196	-0.10440519476537	0.402303916572897
6.78073676764275	-0.472077369715918	0.309438235985623
3.96938251986197	-1.26061111011338	0.175189885402481
0.758336591660747	-2.51054421203891	0.0219577675774798
-2.48102646070597	-4.15358745680773	-0.129998543736685
-5.40829159084821	-6.01697570624299	-0.261529080822022
-7.7012301565403	-7.81350560383073	-0.353538376444813
-8.90545875441467	-9.00470143169124	-0.391805574559687
-8.30887482473242	-8.53187231351113	-0.372074682741328
-6.59871830009825	-6.34892565036246	-0.294957209428548
-4.69749719064375	-3.36322542749749	-0.165623798220082
-2.93084398487215	0.109799607478301	-0.00346460082282438
-1.52035179870928	3.7136159057582	0.170101400022259
-0.585333291934201	7.02712393314855	0.330337624358318
-0.128896469706283	9.50674114848518	0.444838955721019
0	10.4369468825114	0.485879858666215
10.2187587320503	0	0.409012071218113
9.39068099200471	-0.114387035649299	0.377823460220685
7.22994259733791	-0.512622624663168	0.290804741876715
4.23329732987541	-1.35494615428573	0.164685049655844
0.826983027953672	-2.68355711940637	0.021344908455907
-2.61943795886362	-4.43463080519301	-0.120598637108565
-5.76572923686165	-6.44015723153184	-0.243473243928456
-8.28311592751639	-8.41364256196371	-0.329339023441938
-9.66613418264947	-9.77782365139862	-0.364774873668799
-9.01668933103218	-9.28534190132269	-0.347684468282257
-7.12370767329853	-6.86983609291063	-0.277366980600072
-5.06429849170152	-3.64044007850379	-0.156814967509851
-3.1688395819838	0.0782629930309377	-0.0045954368389868
-1.65692508384852	3.93145182194204	0.159003417397758
-0.646829105009828	7.50023367354101	0.311042434287532
-0.144598636014784	10.215595560329	0.420770570284726
0	11.250843306379	0.460474658776486
10.8439180058514	0	0.376051920478658
9.95046002160987	-0.123628867935688	0.34714230895408
7.64379669443561	-0.550653548949793	0.267267723542774
4.47558988306303	-1.44314383945108	0.151437680612888
0.889819217031617	-2.8445512491325	0.0202639612064512
-2.74744707460876	-4.6958157220709	-0.109438331452008
-6.09806246230757	-6.83474977243654	-0.221660020369422
-8.82822132298417	-8.9770076903268	-0.299905415267269
-10.3888599771333	-10.5134196968177	-0.331818961712719
-9.69655869778874	-10.012756761029	-0.317849490903953
-7.62616923337456	-7.37451765082703	-0.255100377732017
-5.4132324917466	-3.91029037287814	-0.145274923348111
-3.39498440475242	0.0410019883409583	-0.00549020369338243
-1.78765037839988	4.12701511780308	0.145345658318617
-0.707206647114075	7.93284965412462	0.286332239427316
-0.161718724905377	10.8710848283951	0.389009446293858
0	12.0105395924183	0.426892644291352
11.406948570751	0	0.3368594171062
10.4545455631673	-0.132374284043763	0.310619191216372
8.01535414211608	-0.58570809691467	0.239108672259939
4.69245673950967	-1.52375267058859	0.135557447655146
0.945625446469624	-2.99089393063391	0.018687552319245
-2.86332416566889	-4.93280619782382	-0.0966787984524828
-6.39937706241604	-7.19350054405583	-0.196403643827828
-9.32480682288736	-9.49151580383029	-0.265756024231336
-11.055244742049	-11.1929476608794	-0.293612947543487
-10.3310899314522	-10.6947583741482	-0.282952531809602
-8.09535859728833	-7.85145859152173	-0.228378697161898
-5.73735589786251	-4.16678823072067	-0.131039537437059
-3.60450316447471	0.000165480365268528	-0.0060690077746109
-1.90919612611716	4.2993062143194	0.129299607543278
-0.764101928210697	8.32102841945736	0.256454246644574
-0.178456527949633	11.4639404218572	0.349827966633339
0	12.7027159308552	0.384677705414926
11.897138823452	0	0.291430648892666
10.8939978883111	-0.141076775931183	0.26877669010426
8.3384393437984	-0.617433841676517	0.206720560040366
4.88019768252493	-1.59554670379224	0.117249686303604
0.993110826884727	-3.12021359831789	0.0166196810051666
-2.96548255512389	-5.1415265372967	-0.0825190309730326
-6.6641742572731	-7.50955947576119	-0.168107498471307
-9.76231428692182	-9.94605287529807	-0.227449473621854
-11.6485722953082	-11.7992412899136	-0.250985242206675
-10.9036952050154	-11.3128648383542	-0.243508051818235
-8.51984015968497	-8.28773529826011	-0.197594186904506
-6.02930262387324	-4.40289554500633	-0.114230980427545
-3.79253499446559	-0.0415710453101178	-0.00627213600289271
-2.01834037584962	4.44743865121327	0.111081539092215
-0.815491487110938	8.66051252462549	0.221771913234745
-0.193786986512887	11.9860783823739	0.303681762839006
0	13.3163826087796	0.334462859724637
12.3069055125442	0	0.24026966620077
11.2633278832912	-0.148934144435112	0.221924153276752
8.6086979327064	-0.645051782673228	0.170643192343997
5.03571067855847	-1.65729343251725	0.0968155491638745
1.03107220292972	-3.23037617559513	0.0141003250747791
-3.05253189365869	-5.31831043384845	-0.0671848448788336
-6.88751536429566	-7.77670067722571	-0.137249476982389
-10.1313582222275	-10.3305657420779	-0.185681150783892
-12.1539857902418	-12.3168150491688	-0.204726143221391
-11.3996291132312	-11.8504433330114	-0.20011838544823
-8.88848339213077	-8.67058418673485	-0.163200083441373
-6.28169023677504	-4.61109165355253	-0.0950544806970766
-3.95428629765538	-0.0811378862603852	-0.0060647900618202
-2.11207736016871	4.57062466195803	0.0909646616675694
-0.859870819194829	8.94609005454751	0.182795209760986
-0.207164649685457	12.4274801921833	0.251207037911996
0	13.839715407966	0.277119847799613
12.6297436934649	0	0.184210836792622
11.5586636856209	-0.155271854822442	0.170726792914449
8.82260226990185	-0.667722241592594	0.131368375359007
5.15610778317371	-1.70800744238758	0.0745876635308095
1.05800831446604	-3.31977372142636	0.0111811272847994
-3.12373586560333	-5.46026174323297	-0.0509306857805846
-7.06552374067	-7.98980085644306	-0.104384799022188
-10.4235940307992	-10.6361004485846	-0.141197859140443
-12.5582466913484	-12.7316768827551	-0.155617974292663
-11.8059785042291	-12.2927950515658	-0.153440830378659
-9.19078118737896	-8.98772154096573	-0.125705993816665
-6.48713888386036	-4.7832890224874	-0.073769903079774
-4.08486906991883	-0.114515437892502	-0.00542333657850322
-2.18738801979023	4.66909030231804	0.0692817360905498
-0.895689355892147	9.17394006831016	0.140192204228695
-0.218138776935008	12.779244106068	0.193421059075742
0	14.2607622190685	0.213720608613637
12.858811996623	0	0.124187089306733
11.7741688548416	-0.159930803957754	0.115938112699836
8.97494316222005	-0.685309069279999	0.0894689905620855
5.23737420278154	-1.74734897290906	0.0508441083922394
1.0715315736333	-3.38764415756414	0.00788142843913368
-3.17911836462398	-5.56550168232587	-0.0340599498433164
-7.19541585047735	-8.14508424604546	-0.0701120309295561
-10.6327627782981	-10.8558817974108	-0.094901557956348
-12.8501728792429	-13.0323354282327	-0.104500202183458
-12.1107788566019	-12.6262816743092	-0.104058372945162
-9.4165790857543	-9.22704181106068	-0.0856170686623856
-6.63812841443902	-4.9105753087088	-0.050639277551783
-4.1791364045404	-0.136193074154547	-0.00428373677058587
-2.24102689275054	4.74505036125165	0.0464707813813825
-0.921203016332629	9.34301028066696	0.0947941287238286
-0.226069018325733	13.0368743517432	0.131530025519997
0	14.5707568244787	0.145470353396938
12.991051410047	0	0.0616529076186258
11.9051091490923	-0.162349631888843	0.0584950400497816
9.06200379332689	-0.697243846945846	0.0454988387339613
5.27839787069017	-1.77425383373267	0.0258501480966234
1.07242338739418	-3.43228633351491	0.00413734655627257
-3.21616561532239	-5.63145168374048	-0.0169532058969685
-7.27225790597571	-8.23817451843357	-0.0350809063734208
-10.7518534455422	-10.983239699281	-0.0476101708286624
-13.0179571831888	-13.2058652324812	-0.0519415651136928
-12.3059746052697	-12.8422346859119	-0.0530375762758869
-9.55787728858274	-9.37948133323023	-0.0435165587298863
-6.72904278377677	-4.98690021967243	-0.0258986580422265
-4.23379599192466	-0.14360738195116	-0.00247575078167699
-2.27128689123682	4.79841114058374	0.0231530863868584
-0.935619900431057	9.45165562791246	0.0476551145489987
-0.230677606671784	13.1987338740406	0.0668009179865645
0	14.7634523282655	0.0736681990244707
13.0426756366542	0	0
11.9657337436529	-0.159089824031191	0
9.11768824553682	-0.693327580842658	0
5.32581676263499	-1.77118851891017	0
1.11104640862743	-3.42948888802949	0
-3.18823726839365	-5.6302579068061	0
-7.25922501605062	-8.24239301030319	0
-10.7577578401827	-10.9982374449865	0
-13.0415379505353	-13.2325689099248	0
-12.3698862969664	-12.9131425467604	0
-9.61644177865548	-9.44973069124026	0
-6.77686024953418	-5.04327839169135	0
-4.27078895741704	-0.185434191335273	0
-2.29771495496057	4.77300438571473	0
-0.952208248674103	9.44703079729211	0
-0.237997702370212	13.2264495879499	0
0	14.8114202736583	0
