0	0	0
0	0	0
0	0	0
0	0	0
0	0	0
0	0	0
0	0	0
0	0	0
0	0	0
0	0	0
0	0	0
0	0	0
0	0	0
0	0	0
0	0	0
0	0	0
0	0	0
0.00572752566412029	0	0.00890037292887301
0.0033828669775312	-0.00117734551502487	0.00827575607130783
-0.00128503365934543	-0.00307260242357726	0.00656544249818923
-0.00704898257580729	-0.00591248416565885	0.00401408496732079
-0.013463163961553	-0.00983944791165392	0.00095738144103839
-0.0195955080441621	-0.0146352450907717	-0.00217461850713383
-0.0243235042998206	-0.0196353204083358	-0.00491399413038729
-0.0266507900409995	-0.0237687580954915	-0.0068712570902517
-0.0259741126182697	-0.0257932791380105	-0.00760057393188116
-0.0225966633463685	-0.0248836626177894	-0.00690861543429098
-0.0176397075805441	-0.0211415572953738	-0.00493815692104686
-0.0124160042258926	-0.0154354290835787	-0.00214387614142171
-0.00783947087394954	-0.00892346081459624	0.00107443730975525
-0.00441329998641072	-0.00284211591709494	0.00421589365525421
-0.00218853042903345	0.0017490362828067	0.00680657626002232
-0.000901435918674388	0.00387880795109304	0.00847026087812986
0	0.00382220160408343	0.00896944001268422
0.0317304344127813	0	0.0169430429306197
0.0250511586278476	-0.0023965763962988	0.0158193500341975
0.0120669833965003	-0.00665167820533826	0.0125504763735345
-0.00606146920200996	-0.0140251005069995	0.00761629637475593
-0.0273549821880666	-0.0251647991607018	0.0016997727588694
-0.0485054774270952	-0.0395145871124692	-0.0043473481188576
-0.0657049158042761	-0.0550725100766978	-0.0096067558763916
-0.0756633014335758	-0.0686086968540009	-0.0132390882528135
-0.076436122685637	-0.0762785350338337	-0.014578201289061
-0.0683892048884728	-0.0750634467216571	-0.0133336454901333
-0.0543934738270144	-0.0643909174038808	-0.00970385277593297
-0.0384477712970029	-0.0463673033978249	-0.00434081172153527
-0.0239315039720369	-0.0245703195028007	0.0018823672181638
-0.0128651984276018	-0.00306303972428824	0.00799056415320555
-0.00578689976325675	0.0144253563670432	0.0130613308683497
-0.00204260141189913	0.0246013056291644	0.0163679033573885
0	0.0252797446613283	0.0175162325139733
0.0770089862506561	0	0.0241146505911593
0.0661139416504347	-0.00293786867559859	0.0224941265380386
0.0439059751489025	-0.00894576936695333	0.0177699883253257
0.0117000511811501	-0.0203097811293368	0.0106121606428666
-0.0266820495343115	-0.0381617237547811	0.00202826233824484
-0.0652658744500026	-0.0615307325954455	-0.00673424555680751
-0.0972968213338068	-0.086953819354942	-0.0143404476001303
-0.116914521129813	-0.108840300100149	-0.0195658005580052
-0.120842488223674	-0.120767140133431	-0.0215004932298704
-0.109582078345223	-0.11759799179325	-0.0197665587184648
-0.0877049748090994	-0.098066916387878	-0.0146112493858486
-0.0617874343918579	-0.0653294312315839	-0.00689504655554548
-0.0378020558202824	-0.0255655839625434	0.00212793704686753
-0.0195193712578974	0.0139501418049096	0.0110333739256049
-0.00809143439445864	0.0464655133235525	0.0184682603078502
-0.00249340250245754	0.0661910660930568	0.0233579990846391
0	0.0687145768968195	0.0250764661065368
0.134246118753756	0	0.0305136078814342
0.119764318611028	-0.00321262292059953	0.0284289547941908
0.0869269027227944	-0.010879358494627	0.0223719813297979
0.0387186660287747	-0.0263050729947778	0.013193208256748
-0.0188707688081756	-0.0510460217043709	0.00219143168733249
-0.076966820192657	-0.0836208622053893	-0.00903049908684102
-0.125686502477594	-0.118983685314949	-0.0187657270454216
-0.156486491183054	-0.149063766022466	-0.0254526026674667
-0.164597145705692	-0.164658869957891	-0.0279560718026152
-0.150607100345927	-0.158358214739208	-0.0258020687154088
-0.12094576030495	-0.128230149769505	-0.0192794037787574
-0.084958069686987	-0.0786578697369947	-0.00944204665238816
-0.0513224635643027	-0.0185645335749278	0.00212476322662796
-0.0257154569412546	0.0412188445210072	0.0135972122459623
-0.00999992508574977	0.0905010422088797	0.023223106788575
-0.0027395902528363	0.120845592802917	0.0295949796393893
0	0.1268437461338	0.0318437469860022
0.199635540319234	0	0.0361989400105036
0.18172191492888	-0.00350238253281733	0.0336962412292271
0.136699869790103	-0.0130584132888704	0.0264517254301155
0.0702057927664431	-0.0330862368784025	0.0154785595364569
-0.00910026037507849	-0.0655380201927038	0.00233580270124203
-0.0891119442613093	-0.108321043020802	-0.0110619477788978
-0.156566791674002	-0.154650243120227	-0.0226854592163414
-0.200068471753963	-0.193784698226439	-0.0306801798629872
-0.213135966449496	-0.213432618489077	-0.0337079377439655
-0.196333934779902	-0.203553239729782	-0.0311955389660661
-0.158148597711268	-0.161435424720702	-0.0234721246938072
-0.111032169684174	-0.0928773925816294	-0.0117574250373601
-0.066644470582142	-0.00977826530733414	0.00207446145956438
-0.0328170362692916	0.0730513044023984	0.0158512161949856
-0.0122650428081915	0.141457560839689	0.0274622374464396
-0.0030871878205029	0.184151099065217	0.0351884439257002
0	0.195289067221789	0.0379252043414848
0.272066668547125	0	0.0411857363452256
0.250271637177301	-0.00387495387886104	0.0383136113738311
0.191672378647209	-0.0155905812248875	0.0300330944222743
0.104677726840995	-0.040838769805238	0.0174989700169393
0.00116554102118919	-0.0819554836001259	0.00249830611235188
-0.103156734211907	-0.136142064371785	-0.0127876686738281
-0.191394013283667	-0.194724632051075	-0.0260573409899657
-0.249117722964856	-0.244096835713471	-0.0352060566919035
-0.267860588429472	-0.268522970618078	-0.0387076002077761
-0.247998771593725	-0.254869218755071	-0.0358971167431942
-0.200290576607669	-0.199483641538892	-0.0271389322248541
-0.140735066947553	-0.109848782896142	-0.0137905214755932
-0.084277452859536	-0.00109367646810472	0.00202531357420981
-0.0411410967829757	0.107629798664047	0.017838371247273
-0.0150342648589253	0.197742296151282	0.0312218384538483
-0.00356325862083151	0.254832130142426	0.0401649743277571
0	0.272171056476871	0.0433359823164606
0.350986644345851	0	0.0454743820801084
0.32462642540057	-0.00431297426646503	0.0422818311579933
0.251275380341871	-0.0184005568676495	0.0331133202718113
0.141880695880562	-0.0493888224055837	0.0192502715384048
0.0119925980778073	-0.0999985079228853	0.00267341718798511
-0.118768832358458	-0.166656665493459	-0.0142156394828355
-0.22968205315494	-0.238695712791209	-0.028893236681751
-0.303120275858784	-0.299484788988995	-0.039047260669296
-0.328321430639542	-0.32949573254611	-0.0429774705862001
-0.305193870068824	-0.311957888046157	-0.0399310436398056
-0.246956745935195	-0.242063378142039	-0.030292770545258
-0.173728042674635	-0.129400724224837	-0.0155509735052928
-0.104008170160144	0.00739904705797791	0.00197023064925018
-0.0505679718982525	0.144635173156765	0.0195537833079199
-0.018222764850186	0.25897674134927	0.0344984273508446
-0.00411084348088463	0.332497243517039	0.0445196277931458
0	0.356570854648745	0.0480674685896656
0.435585706394215	0	0.0490634106907369
0.403999119610778	-0.0048012117645572	0.0456002659980223
0.3148700635168	-0.021432430947017	0.0356880579575078
0.181561476180773	-0.0585606712788808	0.0207239461212084
0.0235853356978415	-0.119301774355831	0.00285003782513058
-0.135347344696367	-0.199283008835492	-0.0153604001473554
-0.270627602978257	-0.285835440750002	-0.0312091307741012
-0.361222484393308	-0.359157071516453	-0.0422235307805301
-0.39378576853042	-0.395636046030736	-0.0465347438688747
-0.36722715158165	-0.374111948083645	-0.0433229682697439
-0.297487947948699	-0.288505075740229	-0.0329496728408493
-0.209506741097029	-0.151067355163526	-0.0170523190148223
-0.125553801509995	0.0157607145751505	0.00189647724955671
-0.0609711294234167	0.183769403221022	0.0209853860449314
-0.0217598244643389	0.324732635543444	0.0372827955440344
-0.00470287933772947	0.416572186874677	0.0482456115645953
0	0.447653774592159	0.0521182348787838
0.524869845459292	0	0.0519581341372022
0.487489176511811	-0.00534773723400643	0.0482697179977911
0.381607198833118	-0.0246905926328557	0.0377577454323255
0.223210443081184	-0.0682625644038309	0.0219155600048349
0.0359395478055398	-0.139580904380437	0.00302084148840501
-0.152419203289683	-0.23349613214724	-0.0162302182765563
-0.313543894303505	-0.335462680352139	-0.033025001657067
-0.422754586293299	-0.422474124448528	-0.0447540686099147
-0.463799260396123	-0.466517341967586	-0.0493792822468854
-0.433516433856264	-0.440802149828312	-0.0460811814264168
-0.351278414474059	-0.338209479414491	-0.0351273312492935
-0.247629995765475	-0.174512656196628	-0.0182995935168973
-0.148709930168282	0.0238607310845297	0.0018009284834956
-0.0723211646103932	0.22446497050038	0.0221332821648463
-0.0256941899617828	0.394221036713696	0.0395698182397283
-0.00536750883651432	0.506260754218713	0.0513428064706849
0	0.544685922849587	0.0554866775842749
0.617801787721393	0	0.054163368054862
0.57417019952107	-0.00595266612103598	0.0502924134012282
0.450619458033657	-0.0281744803716948	0.0393185493043951
0.266220651267189	-0.0784390603353061	0.0228266468049022
0.0489179787465135	-0.16060738129124	0.00318147276912148
-0.169635928738651	-0.268838318958221	-0.016829871321001
-0.357782587436543	-0.386947324072033	-0.0343402484894618
-0.487196827511105	-0.488848707290746	-0.0466508276695821
-0.538249207488503	-0.541871620350695	-0.0515752458502255
-0.503643679324439	-0.511828385040323	-0.0481946408417409
-0.40771768277349	-0.390635171199617	-0.0368245016236834
-0.287665083013823	-0.199461432514413	-0.0192898683713473
-0.173277275017379	0.0314926185845049	0.00168573953912652
-0.0845869000768708	0.266054638488378	0.0229873412117594
-0.0300297670716778	0.466472388207796	0.0413407665512283
-0.00612160363094102	0.60052759713201	0.0538068600855206
0	0.646869976099439	0.058188437726243
0.713354523414161	0	0.0556849286236505
0.663046485515564	-0.00661095920955415	0.0516612920163553
0.521029676141266	-0.0318562715009592	0.0403547754099304
0.31003748136356	-0.0889925783616167	0.0234479448297901
0.0624011800496322	-0.182131235862657	0.00332740743418582
-0.186660801984092	-0.304844730536884	-0.0171637777515483
-0.402714563767641	-0.439653016052809	-0.0351596777580244
-0.554056145219849	-0.557777745942478	-0.0478901719180837
-0.616842075020164	-0.62138105800034	-0.0531465247278857
-0.577248011544234	-0.586927256399448	-0.0497021503964136
-0.466200101122782	-0.445215792297414	-0.0380316348521488
-0.329149461822588	-0.22559317172122	-0.020015072843659
-0.199029426593875	0.0384587999622507	0.00155158540340583
-0.0977559751202119	0.307689747748578	0.0235332971094374
-0.0348831686883553	0.5402004096969	0.042563062367757
-0.00702978702467915	0.698233936643894	0.055618738000743
0	0.753279832042698	0.0601953361777558
0.810341967556984	0	0.0565149312923431
0.752837608143537	-0.00737586802867767	0.0523654381323395
0.591729977054614	-0.0357664339468456	0.0408494920881667
0.354043515668748	-0.0998209124239089	0.0237582783490027
0.0762851547915714	-0.203873990388694	0.00345014178218099
-0.20314375651603	-0.341020151678691	-0.0172356703113153
-0.447627679668263	-0.492856146440738	-0.0354804643480216
-0.622739732611945	-0.628556672825733	-0.048499051381608
-0.698989341167432	-0.704747491233851	-0.0540316869489128
-0.653747155525579	-0.665476364983594	-0.0506125092061929
-0.52609146822434	-0.501287108461144	-0.0387397917007279
-0.371599318588498	-0.252527329634195	-0.0204677714043573
-0.225722659594804	0.0446250141352044	0.00140085077629144
-0.111811298168806	0.348622661344381	0.0237694451056096
-0.0404074020734377	0.614034566036422	0.043260856933516
-0.00841094670513189	0.797755482089232	0.0567213084945027
0	0.862775234856516	0.0614470857547557
0.907452289350606	0	0.0565690772991875
0.842154926846503	-0.00844932181847222	0.0524151726528037
0.661379947867841	-0.0400344256539184	0.0407987092511028
0.39746098683022	-0.110893241856711	0.023745599368905
0.0903788606184848	-0.225591775856753	0.0035369344473098
-0.218808289825087	-0.37690602420825	-0.0170554564456154
-0.491851847379564	-0.54587792042802	-0.0353047306269295
-0.692276877631461	-0.700328231573092	-0.04845951869165
-0.783913733894767	-0.791117433599583	-0.0542074843688715
-0.732428797806765	-0.746715041755859	-0.0508666474864292
-0.586722612184546	-0.558158978351485	-0.0389378761236258
-0.414514116466636	-0.279882352811543	-0.0206444722853201
-0.253054846158972	0.0499547631751422	0.00123623815382412
-0.12663683935047	0.388324513606418	0.0236942328552254
-0.0465337380325536	0.687312961438947	0.0434229397489234
-0.0100488960468742	0.897915684313999	0.0570742415791228
0	0.973806690545986	0.0618509383747375
1.00337087967492	0	0.0557857973622
0.929905140440892	-0.00972769548150708	0.0517436302170149
0.729011308001944	-0.0446581809404754	0.0402253987984456
0.439558819160882	-0.122148750842343	0.0234109060131508
0.104401597759929	-0.247068331896034	0.00357756894946497
-0.233531630586737	-0.412101078712151	-0.0166363055353977
-0.534853113504314	-0.598077575897774	-0.0346387599351191
-0.761785819631428	-0.772198472188915	-0.0477582628322413
-0.870655778372785	-0.879404593912049	-0.0536272288041011
-0.812403246076817	-0.829811663116043	-0.0504003458468455
-0.647443584905094	-0.615312613137934	-0.03861236585928
-0.457403957119685	-0.307393081730588	-0.0205445210853803
-0.280659467243539	0.0544656216924866	0.00105812210273812
-0.141976850102187	0.426515311809694	0.0233010902720203
-0.0530854872853407	0.759471523289892	0.0429926025735264
-0.0117212197504663	0.99840242078029	0.0566201657838496
0	1.08560472961015	0.0613756222816708
1.09708113879277	0	0.0541673257301277
1.01522704426986	-0.0110296996132266	0.0502764590137433
0.794180989190136	-0.0494931138882417	0.0391209294606911
0.479875104432022	-0.133435022356592	0.0227538088564318
0.118082670389454	-0.268072856095897	0.00356500095564564
-0.247315195616762	-0.446241521716949	-0.0159882483552592
-0.576258140696781	-0.64886171358759	-0.0334806867943349
-0.830230950933718	-0.843062655364125	-0.0463588591850724
-0.958196865770088	-0.968360498001869	-0.0522594255682771
-0.892710183196645	-0.914011743183557	-0.0491801194189598
-0.707601445270995	-0.672353183619978	-0.0377418842198892
-0.499789897532266	-0.334898956222843	-0.0201608928479668
-0.308141146707643	0.0581526153436049	0.000866146179829187
-0.157498708952231	0.463008554011308	0.0225761454308904
-0.0598481282656668	0.829779696621327	0.0419279348789649
-0.0134088419046745	1.09835497050876	0.0553193296323751
0	1.19761618994127	0.0600043402734161
1.18789754793233	0	0.0517359473256477
1.09739846359059	-0.0123032715048128	0.0480330210993004
0.856477215068739	-0.0542874964134544	0.0374255669307071
0.518149762786081	-0.144488701655823	0.0217686424406497
0.131217055055029	-0.288321742844423	0.0034971247892288
-0.260146978437016	-0.478929955426696	-0.0151142602574495
-0.615683895671881	-0.697592266875578	-0.0318234898494729
-0.896393382932396	-0.911680998165073	-0.0442325698253816
-1.04480704787146	-1.0561997652447	-0.0500531439401479
-0.97221003739801	-0.998210826428329	-0.0471946215550138
-0.766498825849218	-0.728784698831037	-0.0362964993250245
-0.541165212205963	-0.362219276957812	-0.0194751558030573
-0.335101160683341	0.0609738000734067	0.00066538575656617
-0.172912467928777	0.497465754090211	0.0215097761953098
-0.0666861420968908	0.897304674261275	0.040202917230141
-0.0151383442540722	1.19596477613812	0.0531687465941241
0	1.30810129405152	0.0577213938760006
1.27470436664425	0	0.0485085188809273
1.17554403230577	-0.0134687624138879	0.0450338962183742
0.91525082839808	-0.0588788052798597	0.0351309688426843
0.554082879755665	-0.155046381691098	0.0204457415368765
0.14363896504854	-0.307496923221483	0.00336700119643667
-0.271953148470708	-0.509731117692016	-0.0140212396857492
-0.652573956920058	-0.743544509175776	-0.0296748515851818
-0.958995104086084	-0.976785496731355	-0.0413848919557078
-1.12826996315618	-1.14087846958143	-0.046991032439576
-1.04940038329123	-1.08062520128017	-0.0444464351357858
-0.823294082044952	-0.783812225281404	-0.0342579945187795
-0.580947803885445	-0.389035210439953	-0.0184710780230673
-0.361115045132221	0.0629014631614547	0.000464671110942928
-0.187947456210623	0.529428492440856	0.0201047880016926
-0.0735196205888213	0.960857673647624	0.0378061598691519
-0.0169641854848871	1.28907679282506	0.0501660132944288
0	1.41452437617642	0.0545277926055259
1.35567019372829	0	0.0445192188483532
1.24827308597127	-0.0145482128005069	0.041312725337637
0.969628865092544	-0.0631807860716899	0.0322533879994443
0.587212996013878	-0.16490481199895	0.0187866340645128
0.155146277579238	-0.325294000287487	0.00316869001291635
-0.282648308373561	-0.538197077247506	-0.0127228192103902
-0.686383621415394	-0.78598806901913	-0.0270580349990624
-1.01679729411468	-1.0371167877691	-0.0378456509370161
-1.20654546091506	-1.22038230384353	-0.0431049719896734
-1.12259647776013	-1.15925358271024	-0.040959171353947
-0.877010964696856	-0.836500079466654	-0.0316292848488865
-0.61847565200471	-0.414920166480373	-0.0171434685040795
-0.385714513239358	0.0639758696143351	0.000274043404843773
-0.202291988974839	0.55852549670372	0.0183774477616343
-0.0802034473171619	1.01944281595374	0.0347636046696006
-0.0189520915461072	1.37576019959065	0.0462735071110335
0	1.51442195897597	0.0503999275511454
1.42896968785668	0	0.0398186431939481
1.31403358482427	-0.0155729270569995	0.0369161404627461
1.01863389480673	-0.0671441945546151	0.028828624183478
0.616986264199971	-0.173904967028652	0.0168056183067591
0.165502721862658	-0.341433568468727	0.0028996192253643
-0.292157855502524	-0.563895734849424	-0.0112378868381565
-0.716630053222305	-0.824240172787176	-0.0240091344444215
-1.06872459077358	-1.09154477194086	-0.0336690587553808
-1.27780949566872	-1.29288467273356	-0.0384509069022047
-1.19008404993512	-1.23215854397827	-0.0367508135733769
-0.926609477267444	-0.885769578504778	-0.0284262828922005
-0.653059897117867	-0.439362690411623	-0.0154935070898666
-0.40840449623433	0.0643066361421666	0.000104264226534716
-0.215588828799481	0.584493585674837	0.0163490736345468
-0.086475663311095	1.07240716876183	0.0311056498419329
-0.0208874104513284	1.45466267831635	0.0415271953610261
0	1.60590833538699	0.0452891443823325
1.49308302414496	0	0.0344054578500234
1.37155169650836	-0.0165992666386833	0.0319075797872005
1.06138786259655	-0.0707322027235826	0.0249048117554105
0.642862097081877	-0.181914262298113	0.0145283873749612
0.174464741350805	-0.355666895562645	0.0025612051697393
-0.300424167638351	-0.586427483926681	-0.00958980357754772
-0.742892444060518	-0.85767774539309	-0.0205761104205523
-1.11388536695318	-1.13909370890218	-0.0289191523872166
-1.34049854479362	-1.3567883136652	-0.0331143491818022
-1.25030351435661	-1.29756863305137	-0.0318636491759917
-0.971018191665158	-0.930423251598479	-0.0246867672592126
-0.68398635130105	-0.461750899357967	-0.0135324229770936
-0.428686757400757	0.0640631647857232	-3.57501677073357e-05
-0.227495252295712	0.607082875485794	0.0140467115546237
-0.0921149544018204	1.11905266614871	0.0268766201663732
-0.0226501631195398	1.52457216040903	0.0359832517679554
0	1.68738442567089	0.0392748532990934
1.54690183798163	0	0.0283366941601788
1.4200216128988	-0.0175311578372	0.0263215197031453
1.09725796510524	-0.0738560993872279	0.0205464053672531
0.664380893206756	-0.188798425645522	0.0119918838592756
0.181804941517521	-0.367771705950477	0.00215936963179082
-0.307406707571158	-0.605438402910776	-0.00780515029475888
-0.7648126019212	-0.885750456343926	-0.016817179700183
-1.15154263383675	-1.17892806728969	-0.0236817605380336
-1.39330311716925	-1.41073234720011	-0.0271885883699488
-1.30193022286264	-1.35394985409013	-0.0263617753013171
-1.00922712735883	-0.969306764947392	-0.0204595650502402
-0.710553943015173	-0.481427629638361	-0.0112817953857183
-0.446074841961867	0.0634641952782904	-0.000139568537152653
-0.237695259308148	0.626055685986922	0.0115045695550876
-0.0969615880814417	1.15854793524657	0.0221381576335108
-0.0241763430555745	1.58399897986833	0.0297187819389241
0	1.75709843206393	0.032463714836433
1.58945306650326	0	0.0217076492472989
1.45886295130293	-0.0182877580289202	0.020234588209935
1.12572586556287	-0.0764191896741609	0.0158111945563514
0.681115954129511	-0.194450973357967	0.00923655523996622
0.187266408756779	-0.377583966067216	0.00170152636262085
-0.313132479517991	-0.620657177572514	-0.00591401592765843
-0.782140614761161	-0.908022838432682	-0.0128013771284613
-1.18106824506255	-1.21033121624145	-0.0180540245566216
-1.4351240001651	-1.45355380806552	-0.0207785327065482
-1.34384507727505	-1.39998587117624	-0.020327658137682
-1.04030760619875	-1.0013250619269	-0.0158050838699516
-0.732066877436699	-0.497661101822035	-0.00877045003135962
-0.46007259433294	0.0628566892696608	-0.00020158939034127
-0.245872649329948	0.641309647199655	0.00876434655876258
-0.100853789077504	1.19023872791504	0.0169699232996061
-0.0254145873272279	1.63159709864604	0.0228535282562546
0	1.8132719224499	0.0249830089071652
1.6197030860334	0	0.0146239976743462
1.48724814384782	-0.0188471352660619	0.0137341229133123
1.1460590684678	-0.0784056533213258	0.0107665878617351
0.692506313550632	-0.198836563917105	0.00629606140786101
0.190493190518953	-0.385031813566646	0.00119120482033486
-0.317703048210476	-0.631919373102825	-0.00395243588329919
-0.794723502389664	-0.924191014542473	-0.00860409240491489
-1.20203476581854	-1.23279771081655	-0.0121572071436506
-1.4650910465167	-1.48437244695009	-0.0140095985133605
-1.37501993611316	-1.4344594049923	-0.0138460305033182
-1.06336531585991	-1.02538354499739	-0.0107883061444071
-0.747806220120898	-0.509590728715195	-0.0060284640361796
-0.470151718748877	0.0627947335317359	-0.000210948179499548
-0.251686207623925	0.653010247743382	0.00588077182296559
-0.103611695963025	1.213840239323	0.0114702850662342
-0.0262947967017425	1.66663580494466	0.0155263722381523
0	1.85459169949164	0.0169703409589668
1.63717089417218	0	0.00725376896312081
1.50454036432496	-0.0191354431974399	0.00692737170782573
1.157756218082	-0.0797427926810708	0.00547622708598319
0.698401391352431	-0.20182776812849	0.0032018674238833
0.191567235919614	-0.389923924191907	0.000621728782780722
-0.320863949270698	-0.638963382309179	-0.00196554204481469
-0.802088061598593	-0.933851244805089	-0.00430712443757419
-1.21385993686612	-1.24578926852257	-0.00610610593048883
-1.48231173700852	-1.50219157787321	-0.00698127574809008
-1.39482795685184	-1.4566996372832	-0.00707647656402246
-1.07771223242816	-1.04069905035968	-0.00549059767429758
-0.757245004114718	-0.516665449276199	-0.00308504472053913
-0.475988200121122	0.0634747492778758	-0.000144094090397484
-0.254972476721713	0.661021137473734	0.00293130543376314
-0.105173817055311	1.22896434665089	0.00576449743380588
-0.0268009136876597	1.68873559703388	0.0078810778956237
0	1.88008928452369	0.00857300485669583
1.64409580162326	0	0
1.51271903377585	-0.0187428416250432	0
1.16532012500454	-0.0792505431537031	0
0.704907124571777	-0.201401791273577	0
0.197036530802551	-0.389451003054057	0
-0.316625818763404	-0.638558898574287	0
-0.799654626898992	-0.933968195428863	0
-1.21395966982605	-1.24723266251795	0
-1.48520437755079	-1.5055410421929	0
-1.40140965184866	-1.46412898731009	0
-1.08376327251951	-1.04818687435319	0
-0.762435959242053	-0.523059405851726	0
-0.480141240853911	0.0584341840487704	0
-0.257980020442232	0.657813847013222	0
-0.107078067753218	1.22826959174696	0
-0.0276704778705363	1.69209021337493	0
0	1.88577545471826	0
