0	0	0
0	0	0
0	0	0
0	0	0
0	0	0
0	0	0
0	0	0
0	0	0
0	0	0
0	0	0
0	0	0
0	0	0
0	0	0
0	0	0
0	0	0
0	0	0
0	0	0
0.0101335416846928	0	0.0157088290038011
0.00599373596485014	-0.00207991377420346	0.0146042650499624
-0.00226760847841504	-0.00543035237109727	0.0115798450086181
-0.0124703469075018	-0.0104525636155476	0.00706938244680131
-0.0238118841480247	-0.0173941173426049	0.00166780900750353
-0.0346399720697299	-0.0258645103579952	-0.00386408404396319
-0.0429767727758291	-0.034688733438074	-0.00870014771349076
-0.0470723630924939	-0.0419792220697788	-0.0121541680778536
-0.0458683904154372	-0.0455476208252429	-0.0134407856944474
-0.0399023668966176	-0.0439408135561014	-0.0122197108722046
-0.0311535343844707	-0.0373406837053454	-0.00874269641603467
-0.021936230110716	-0.0272786288162497	-0.00381119474932264
-0.0138583115391278	-0.0157902553824807	0.00187069666623347
-0.00780546163270308	-0.00504799543803384	0.00741960295266481
-0.00387084968410773	0.00307823106854179	0.0119981510000512
-0.00159413120699227	0.0068592872506856	0.0149399768194863
0	0.00679388740122564	0.0158238222467504
0.0560867552100123	0	0.0299064277636536
0.0442903841499901	-0.00423440197522962	0.0279176847616149
0.0213083792912623	-0.0117596458376717	0.0221357774446514
-0.0107722656473988	-0.0248024063412689	0.0134123004299529
-0.0484188292286845	-0.0444971203156785	0.00295860873032385
-0.0857723604084525	-0.0698479484494851	-0.0077177123966739
-0.116117551388564	-0.0973139729270428	-0.0169958880477763
-0.13366863973788	-0.121199176556358	-0.0233989868433066
-0.135010817091986	-0.134728505703576	-0.0257577350812897
-0.12079590650239	-0.13258342828096	-0.023563559393102
-0.0960902608820301	-0.113758861651443	-0.0171651613682965
-0.0679446796853144	-0.081966775644803	-0.00770750728046341
-0.0423125958260586	-0.0434986223712052	0.00327422693746816
-0.0227569633760587	-0.00550154340651067	0.0140613286039267
-0.0102374588999743	0.0254400463491025	0.023023153153342
-0.00361289157062816	0.043474260359021	0.0288707328470124
0	0.0447582951235614	0.030901971038087
0.136078770099455	0	0.0425736729246859
0.116833431668871	-0.00519140591746858	0.0397037308406019
0.0775156826677057	-0.015821885551329	0.0313450764956529
0.020517344076432	-0.0359324637951072	0.0186870957228575
-0.0473433140857776	-0.0675033694504769	0.00351798330935297
-0.115482247813251	-0.10879260522887	-0.0119533008417106
-0.171986739251158	-0.153670649853	-0.0253704929946723
-0.206555189145981	-0.192278041850196	-0.0345798957805843
-0.21344491790511	-0.213305064053819	-0.0379866819571244
-0.193556308102008	-0.207712409794537	-0.0349306524139071
-0.1549502885104	-0.173275588668546	-0.0258453958884031
-0.109211189864486	-0.115543576936956	-0.0122395014463367
-0.066858128559396	-0.0453742342509011	0.00368353757759564
-0.0345436582922447	0.0244382124374724	0.0194132564411933
-0.0143230330843501	0.0819700283874256	0.0325567137123109
-0.00441211041084925	0.116937001407515	0.0412064374754868
0	0.121534488077752	0.0442453661068608
0.237176733918362	0	0.0538830411858068
0.211585957037863	-0.00567799760834657	0.0501898086821313
0.153440846542933	-0.0192507613169064	0.0394692392227313
0.0681156927010334	-0.0465613391246456	0.023232985526251
-0.0337064082247634	-0.0903291075056713	0.0037872459886895
-0.136299560405428	-0.147892511071293	-0.0160286335118635
-0.222231679321969	-0.210313378500806	-0.0332015432645152
-0.276492269554673	-0.263358089200337	-0.0449857726525525
-0.290735736132294	-0.290835186396872	-0.0493936115295491
-0.266030210106713	-0.279717626642209	-0.045598225125071
-0.213702985176447	-0.226612246566407	-0.0341049861401849
-0.150201048042755	-0.139212301550883	-0.0167592490991924
-0.0908042695598796	-0.0331802915175779	0.00365517568700231
-0.0455329061946889	0.0724379303310318	0.0239234126246709
-0.0177133660690967	0.159644089118914	0.0409448710107463
-0.00484988792375976	0.213450529594887	0.0522194299095693
0	0.224237745029297	0.0561968065036793
0.352649740454513	0	0.0639370896212716
0.32097707300613	-0.00619178633289087	0.0595021795008974
0.241251207238294	-0.0231174984118081	0.0466751575073851
0.123560696814999	-0.0585901021116829	0.0272595405916519
-0.0166592244123788	-0.116017278883347	0.00402549983828876
-0.157953484444485	-0.191636804658061	-0.0196340763530801
-0.276924571076645	-0.273420839192826	-0.0401368081194317
-0.353553914457925	-0.342422835068893	-0.0542233710126599
-0.376513700115417	-0.377025648810216	-0.0595529951411475
-0.346846616529419	-0.359594517342517	-0.0551275849916612
-0.279493236788304	-0.28536868604891	-0.0415218243022034
-0.196354900575691	-0.16451075228894	-0.0208678187674698
-0.117958217675829	-0.0178929838275794	0.00354567755424347
-0.0581353244062192	0.128441769982245	0.0278894873532621
-0.0217381952523462	0.249494953845009	0.048426769277899
-0.00546708476051296	0.325206111696595	0.0621016369810817
0	0.345119746038343	0.0669443144317357
0.480523537513157	0	0.0727620997976397
0.441965413471817	-0.00685263935883198	0.067671189718251
0.338194193664811	-0.0276127928636352	0.0530044326391217
0.184224256759933	-0.0723480566811601	0.0308207419871458
0.00120622505176882	-0.14513313512168	0.00429803687207012
-0.183023885218604	-0.240936050143091	-0.0226966717135428
-0.338652543064705	-0.344369609930255	-0.0461001468613301
-0.440333976941577	-0.431424151766744	-0.0622154949816556
-0.473276407645128	-0.474432653443154	-0.0683765195061463
-0.438210058203815	-0.450342827574868	-0.0634281402092363
-0.354064230944192	-0.352744024283238	-0.0480049397233334
-0.248965521267224	-0.194738620815228	-0.0244748444073116
-0.149225702437089	-0.00285357640723174	0.00344037375704199
-0.072912965943695	0.189232092782555	0.0313869245703203
-0.0266584632356007	0.348699570651628	0.0550657534108808
-0.00631170142315974	0.449934782069373	0.0708997659767452
0	0.48084419940122	0.0765140191896193
0.619806139486314	0	0.0803586216390816
0.573147434777591	-0.00762988318876244	0.0746978390957989
0.443253140497334	-0.0326038921937901	0.0584520191057996
0.249648959501824	-0.0875292927004469	0.0339092338994512
0.0199990114947476	-0.177149768396685	0.00459517688834256
-0.210931841097634	-0.295041328201462	-0.0252304599419579
-0.406568138532007	-0.42226690427705	-0.0511125240698684
-0.535938497000176	-0.529465490202211	-0.0689921744175881
-0.580244288745385	-0.582304231306865	-0.0759035205025337
-0.539414938831376	-0.551362537947267	-0.0705423878933468
-0.436695891928388	-0.428202737130845	-0.0535770132765212
-0.307443716894458	-0.229605768496619	-0.0275972213868865
-0.18423517432865	0.0117680772238229	0.00332682885121298
-0.0896566078875265	0.254234285328203	0.0344070910862244
-0.0323249424643479	0.456575172087204	0.0608557479861987
-0.00728316611457169	0.586926760662518	0.0786053674565553
0	0.629769753513013	0.0848905056464233
0.769052305275221	0	0.0867235086042839
0.713120691121559	-0.00849657395076789	0.0805804591310367
0.555289927692481	-0.0379921874926463	0.0630099003230518
0.319380026831245	-0.103824116943105	0.0365099203763268
0.0400742677989403	-0.211423639294267	0.00489736439176651
-0.240622288879738	-0.352928769426212	-0.027261266943833
-0.479261280229121	-0.505834328511835	-0.0552026194255211
-0.638871126011455	-0.635160127644883	-0.0745889040849333
-0.696135267729652	-0.69939035617671	-0.0821648125755033
-0.649251262283606	-0.661417387127443	-0.0765160230961522
-0.526235036477999	-0.51057529859999	-0.0582666985579983
-0.370906341797301	-0.26830065997057	-0.0302589506513192
-0.22249165262567	0.0260694877949932	0.00318262387562689
-0.108145038463875	0.322910998940643	0.0369286661860542
-0.0386134487676213	0.57235083580729	0.0657804439809747
-0.00833368563511089	0.735150073556921	0.0852063924884234
0	0.790404366924265	0.09207086044261
0.926493482173134	0	0.0918652100139383
0.860284829020714	-0.00946691507731669	0.085319648662459
0.672797998239664	-0.0437855313401249	0.0666782255468244
0.392513456097342	-0.121070703137141	0.038614750955012
0.0614218801169629	-0.247453060173493	0.00519167015520287
-0.27126347139577	-0.413673308661236	-0.0288038547074402
-0.555526353568235	-0.593875047568555	-0.0584062333902475
-0.747960806054624	-0.747390134404504	-0.0790402152024527
-0.82016102674051	-0.824952400980739	-0.0871603345768075
-0.766704071921963	-0.779586707398437	-0.0813640792086751
-0.62162216272074	-0.598815814084314	-0.0621056894375277
-0.438580646046596	-0.310238930516352	-0.0324690146455658
-0.263637858119672	0.0398131210765059	0.00300231930485372
-0.128328546091789	0.394251785859251	0.0389516771339333
-0.0456110455407892	0.694621005838292	0.0698303365526811
-0.00951304214139293	0.893182508567275	0.0907021433760793
0	0.961435224101234	0.098051761373879
1.09028740163348	0	0.0957910895437676
1.01299625793381	-0.0105410311518867	0.0889183632816571
0.794241647629871	-0.0499829131354773	0.0694494919854634
0.467977138054109	-0.139170791807419	0.0402261330848126
0.0838006714924667	-0.284833647324848	0.00547038911263742
-0.3022404630343	-0.476466696730271	-0.0298668061234294
-0.634223916272096	-0.685280704515175	-0.0607228632727263
-0.862302500258159	-0.865130866291256	-0.0823678454273005
-0.952140682550285	-0.958535944532084	-0.09100332713005
-0.89105156469506	-0.905534600215335	-0.085067150132993
-0.721788568760455	-0.69197982068209	-0.0650923214812698
-0.509706825026163	-0.354940407282047	-0.0342223405508793
-0.307324165247253	0.052631551766983	0.00278980705794322
-0.150153801073909	0.467073944541953	0.0404579979660043
-0.0533256217313676	0.821664361742279	0.0729716060750619
-0.0108512230022397	1.05918209568309	0.095083938796675
0	1.14143952790515	0.102860049576819
1.25861331024863	0	0.0985101775323208
1.16949218287974	-0.0117099493689675	0.0913629736526342
0.918071058729769	-0.0565349966033022	0.0712951602051514
0.544794687687144	-0.157950917457152	0.041327396626818
0.107004668650936	-0.323121433163817	0.0057255000815292
-0.332955475682887	-0.540485571977755	-0.0304580984657457
-0.714246243035885	-0.778929679727357	-0.062161627272368
-0.981038601710449	-0.987506653912601	-0.0845306787858788
-1.09157549304877	-1.09960038680356	-0.0937362829984542
-1.0216744704073	-1.03881500286444	-0.0876940686561634
-0.825672474843006	-0.789077335219989	-0.0672103677691641
-0.583469468366458	-0.401840547275314	-0.0355048136003228
-0.353150848407729	0.0641783834878448	0.00254637647631433
-0.173600069172051	0.539880112338305	0.0414220971798025
-0.0619644125537716	0.951205944633771	0.0751455495602846
-0.0124625990075623	1.23112787164389	0.0983168130249313
0	1.32876975955061	0.106444765623794
1.42937516792561	0	0.100007037774848
1.3275127664981	-0.0130678138679175	0.0926326335221052
1.04233491987838	-0.0634953587639644	0.0721842482676379
0.621883314213638	-0.177228659362088	0.0418807503071585
0.13085894749979	-0.361820347399	0.00594192300824588
-0.362783269621874	-0.604850093299909	-0.030584529150031
-0.794335550900843	-0.873542674997105	-0.0627183159836895
-1.1031335534195	-1.11328386248703	-0.0855773961990283
-1.23744561771689	-1.24764008348826	-0.0952514215302575
-1.15755999538047	-1.17834547481748	-0.0892614430277354
-0.932158530189842	-0.888942148718809	-0.0684448521600452
-0.659012042626427	-0.450263658052456	-0.0363034836840331
-0.400684829063134	0.0742251176849012	0.0022763465790239
-0.19863664802856	0.611357846474006	0.0418407045972599
-0.0717987067687867	1.08082864533998	0.0763936015363221
-0.014911032412478	1.40614878221361	0.100297668658474
0	1.52140436128875	0.108697665903796
1.6002605809386	0	0.100131031391515
1.48461244667019	-0.0149715247448602	0.0927439318660635
1.16467824029288	-0.0710925053718793	0.072108479373431
0.69788275204001	-0.196947063512333	0.0418644386539349
0.155038945254639	-0.40049403718533	0.00609705164485657
-0.391224635309971	-0.668742770782785	-0.0302637833973937
-0.873303768758065	-0.967915771256375	-0.0623974101325104
-1.22687893921331	-1.2409534287991	-0.0854779513827439
-1.38839359476593	-1.40116413970335	-0.0955096216196809
-1.29746290113247	-1.32279645281415	-0.089666456973658
-1.04006586204205	-0.990357906674917	-0.0687770722203924
-0.735445058342099	-0.499527177104521	-0.0366123649019501
-0.449387112758692	0.0827210327040182	0.00198458499982678
-0.225056788181222	0.680584266802579	0.0417109192204732
-0.0827067750497585	1.20936697160193	0.076695369591695
-0.0178147083203706	1.5821647643889	0.100953700833898
0	1.71660284086495	0.109452418156747
1.76895579973615	0	0.098771684441657
1.63886730429265	-0.0172380674787096	0.0915774974278279
1.28340400144988	-0.0793221069123075	0.071107705306087
0.771518275990827	-0.216995631071422	0.041279832938544
0.179064898697088	-0.438754019480207	0.00617272018903814
-0.418048522860417	-0.731445719819189	-0.0295192519515763
-0.95019873949824	-1.06090885159847	-0.061210624372103
-1.35071826737256	-1.36893662106723	-0.0842105413223353
-1.54273577446628	-1.55826598808797	-0.0944310202693827
-1.43982034144007	-1.47070854410733	-0.0887977094590747
-1.14824484038368	-1.09240683110685	-0.0681838915463194
-0.811895553618898	-0.549150044089996	-0.0364304019535413
-0.498603047425018	0.0897139915268429	0.00167184291717225
-0.252405491325824	0.747077641061946	0.0410210857814807
-0.0943764653581997	1.33582716441184	0.0759501161908586
-0.0207801573595024	1.75861717155063	0.100183001103566
0	1.91299480096268	0.108652587271412
1.93367268929331	0	0.0959316845913663
1.78876341724631	-0.0195471287031516	0.0890010758542693
1.39774046885197	-0.0879272212161109	0.0691664691150032
0.841989726151351	-0.237101577594647	0.040126057087273
0.202475715576834	-0.476185693673355	0.0061563784330492
-0.443240798765905	-0.792306220597456	-0.0283687223555149
-1.02434650817015	-1.1514618248845	-0.0591550980039393
-1.47281436114805	-1.49527318060433	-0.081712929334792
-1.69867761019758	-1.71674594860375	-0.091963280648085
-1.58294020214638	-1.62075333923119	-0.0865982449279516
-1.25553670126779	-1.19438428479326	-0.0666281934068966
-0.887508096106406	-0.598832475664478	-0.0357452102843795
-0.547625978526609	0.0952138312934753	0.00133759063012914
-0.280090740322345	0.810523323148946	0.0397467083093018
-0.106428692048997	1.4589264804745	0.0740831319348452
-0.0237738369296443	1.93398524452557	0.0979139018136892
0	2.10959819201507	0.106267559630439
2.09320475273891	0	0.0916495546038379
1.9330347603427	-0.021806488285032	0.085048262600153
1.50697244813271	-0.0964613609184643	0.0661790471831578
0.908851647407174	-0.256795834519365	0.0383930342053653
0.224925622283692	-0.51228107314068	0.00604422243746023
-0.466761934840062	-0.850610820975897	-0.0268175120533041
-1.09504914331206	-1.23843027784785	-0.056218826162192
-1.59099162479255	-1.61775009671292	-0.0779366168991267
-1.85314535515843	-1.87343233557188	-0.0880215623243026
-1.72479870799791	-1.7709678669353	-0.083051172454267
-1.36069663784905	-1.29539699633721	-0.0640578997640436
-0.961375234362063	-0.648234749664807	-0.0345242773055364
-0.595742391642161	0.0991670496014713	0.000990891940785509
-0.307595262318555	0.870342636226008	0.0378707678134819
-0.118622915726679	1.57703625605925	0.0710476926025375
-0.0268434674575509	2.10509500044749	0.0941385563997011
0	2.30336628434574	0.102266645961773
2.2455941758204	0	0.0859537876468285
2.07015307699806	-0.0238748666500374	0.0797547336678909
1.60997105763509	-0.104635698330471	0.0621303740497874
0.971588992605892	-0.275609267163865	0.0360635896970601
0.246137430733039	-0.546471305031836	0.00582390573186539
-0.48846153448091	-0.905577536718812	-0.024877891029921
-1.1612953442811	-1.32051003713704	-0.0524158510626198
-1.70295381600856	-1.73408941832232	-0.0728934005567715
-2.00217969071914	-2.02466922247109	-0.0825809124104439
-1.86270566172101	-1.91816298575086	-0.0781655279638331
-1.46221345167706	-1.39401003375686	-0.0604420391127855
-1.03245198720961	-0.696767822350865	-0.0327391256230451
-0.642191768338545	0.101547827114548	0.000647382440304164
-0.334434887044704	0.925750407767344	0.0353981588207612
-0.130816068871977	1.68808819622267	0.0668228562545935
-0.0300857062364134	2.26818141195531	0.0888500127578352
0	2.48987259577744	0.0966476459165693
2.38763868206405	0	0.0789031806892063
2.19769492491588	-0.0257906762851257	0.0731789003566647
1.70521829009182	-0.112296240328982	0.0570487458537667
1.0294037012706	-0.293179342514835	0.033140250363833
0.26576990565829	-0.578211850580469	0.00548482299020833
-0.508167596602581	-0.956400940924528	-0.0225740463926905
-1.22208933291439	-1.39638259949342	-0.0477876452861243
-1.80646193847824	-1.84201712907492	-0.0666376059405021
-2.14211520631127	-2.16683473226086	-0.0757023484212398
-1.9936292313176	-2.05874516054409	-0.0719875486020308
-1.55832788101802	-1.48852752844293	-0.0557871590812105
-1.09954789490178	-0.743647216289969	-0.0303809404577499
-0.686134400083949	0.102452556111976	0.000324729954981961
-0.360051473047316	0.97611857862992	0.032357556059476
-0.142748327622438	1.79036047017828	0.0614539603073402
-0.0336164858557582	2.41988531704501	0.0819798654363032
0	2.66482634026259	0.0893655406231853
2.51615677056937	0	0.0705861840840889
2.31295991748697	-0.0276088614260279	0.0654023792887882
1.79101538172129	-0.119354552621119	0.050997043090676
1.08133607810953	-0.309221964752823	0.0296480848380893
0.28342177353104	-0.60700247488336	0.00502228875563751
-0.525726696546286	-1.00230313954889	-0.0199394645021765
-1.27654206970448	-1.4648115311575	-0.042398195837178
-1.8995590777131	-1.93948167140771	-0.059265906880133
-2.26965701874117	-2.29662654941204	-0.0674878553701766
-2.11447310518745	-2.18922114439475	-0.0645527453231498
-1.64715922716492	-1.57699112549677	-0.0501227859821862
-1.1614214058489	-0.787934198765719	-0.0274522622262494
-0.726681892174059	0.102101317283522	4.17640784668958e-05
-0.38380543650587	1.02101074020173	0.028786540727018
-0.15395196890206	1.88273672181886	0.0549945667553304
-0.0370556832916754	2.55786529996386	0.0735908214108593
0	2.82495136044455	0.0803326225189147
2.62850700384695	0	0.0610003893297541
2.41373727038467	-0.0294286603733264	0.0565371622010528
1.8658383181414	-0.125744295169832	0.0440601994048795
1.12644988341946	-0.323499927899041	0.0256323503235312
0.298678749920063	-0.632397350148277	0.00443864418340876
-0.541015765521225	-1.04256384018231	-0.0170155468833621
-1.32387402235714	-1.52466576995114	-0.0363322987651365
-1.98061103594244	-2.02470281057923	-0.0508915803605918
-2.38196492094002	-2.41114131141869	-0.0580898212773326
-2.22240991463873	-2.30638654508713	-0.055938134246341
-1.72676497311148	-1.65722657015124	-0.0435168466549338
-1.21678317076584	-0.828509786040831	-0.0239734431984317
-0.76293938336818	0.100820086488839	-0.00018603484880492
-0.405082562671698	1.06001469611398	0.0247327871565326
-0.16403113746449	1.96402326086136	0.0475229200781646
-0.0401903538669665	2.68002958452729	0.0637817618559467
0	2.9674787510305	0.0696884006861447
2.72276884912693	0	0.0502473057274724
2.49863408782063	-0.0310798708506142	0.04664476052039
1.92859167582107	-0.131307476236233	0.0363523180224442
1.16395042831	-0.335773193213315	0.0211582736287628
0.311154104685317	-0.653997833375739	0.00374418054430736
-0.553943125472961	-1.07654428658845	-0.0138493821683763
-1.3634182484495	-1.57494433835408	-0.0296926983881314
-2.04825934912661	-2.09615049324747	-0.0416657123141651
-2.4766464905568	-2.50789187577551	-0.0476725606384322
-2.31503004712766	-2.40745930256913	-0.0462575806847383
-1.79530929764394	-1.72713425961362	-0.036056234936709
-1.26436572233631	-0.864174450152972	-0.0199830863012773
-0.794032475426489	0.0990214022586201	-0.000347655489386886
-0.423315706424746	1.09274029793654	0.0202566034986396
-0.17269900375966	2.03279526012826	0.0391479889800257
-0.0429069292481264	2.78380562960559	0.0526887964848156
0	3.08938219816603	0.0576209500411599
2.79726079582293	0	0.0384965540149322
2.56665014260375	-0.0324192453334323	0.035861438091293
1.97837923100475	-0.135872175927561	0.0279759159282378
1.19309975398532	-0.34585123747682	0.0162973503854866
0.320407666316672	-0.671509200024709	0.0029518212928071
-0.564538420207416	-1.10375354473088	-0.0104942476692295
-1.3947025012148	-1.61485253017161	-0.0226010472937181
-2.10134404898011	-2.15251025534677	-0.0317587528012751
-2.55168276707522	-2.58474255842194	-0.0364193099326605
-2.39029252962086	-2.49004762882674	-0.035655768826793
-1.85110069947209	-1.78472092195354	-0.0278476696733138
-1.30291089461782	-0.893599067547905	-0.0155325294308714
-0.819069347030317	0.0973419529451184	-0.00043362461646406
-0.437936978213032	1.11903455981255	0.0154315151391237
-0.179664355774207	2.0879400153818	0.0300108715805495
-0.0451139712710398	2.86687368488464	0.0405242161309915
0	3.18759179637303	0.0443556673007178
2.8502001099424	0	0.0259365429610184
2.61634949565327	-0.0334084620064114	0.0243424114297098
2.01392782633603	-0.13941037448675	0.0190505718157243
1.21292191590001	-0.35367063359201	0.0111091212556603
0.325822502305797	-0.684801484920106	0.00206762012515843
-0.572965939178984	-1.12389219724391	-0.00701392893654805
-1.41743054475312	-1.6438326170287	-0.0151900780503677
-2.13906921815666	-2.19285038492183	-0.0213831133234819
-2.60546853836145	-2.64006652810021	-0.0245479717790815
-2.44632071836984	-2.55193900003505	-0.0242798831701537
-1.89251090606698	-1.82799910937036	-0.0190053487540078
-1.33112090019944	-0.915232466221015	-0.0106752088294156
-0.837101149167832	0.0967801291683832	-0.000425208259522984
-0.448333654068264	1.13921287623319	0.0103540556862779
-0.184602899358026	2.12899117908783	0.0202860032836584
-0.0466860554576351	2.9279845011516	0.027535065287151
0	3.25984298789788	0.0301375833830097
2.88076263800303	0	0.0128662297391211
2.64661954420652	-0.033918272471769	0.0122785916195761
2.0343626080061	-0.14179431071517	0.00968954362269765
1.22315537743615	-0.359005642628856	0.00564939410314399
0.32754637478633	-0.693533917869246	0.00107961833247952
-0.578768373983901	-1.13649019597372	-0.0034883430603173
-1.43074820165729	-1.66115287082846	-0.00760384382874721
-2.16037233936125	-2.21618557882583	-0.0107392595887396
-2.63636227206552	-2.67203417752472	-0.0122303035718118
-2.48195619474053	-2.59189195178374	-0.0124070691158152
-1.91828644991436	-1.85554314849176	-0.00967160741421939
-1.34804354248668	-0.928076393791624	-0.00546270849737985
-0.84754370199192	0.0977024555497304	-0.000281215643300674
-0.454209236200791	1.15306005540334	0.00516084306148457
-0.187399285425297	2.15530507475147	0.0101953987252341
-0.0475912684719817	2.96650935767416	0.0139776434357609
0	3.30447168022189	0.0152293343490734
2.89285685172705	0	0
2.66090791487921	-0.0332228211863825	0
2.04757228013144	-0.140925276188319	0
1.23451696830408	-0.358256964026008	0
0.337082070077975	-0.692711078818391	0
-0.571412292853243	-1.13580504195309	0
-1.42658035136157	-1.66141118187055	0
-2.16064999064801	-2.21879497672484	0
-2.64147932583587	-2.67794889884887	0
-2.49379605665661	-2.60523580252345	0
-1.92913516699647	-1.86891943427907	0
-1.35731513826708	-0.939439152921155	0
-0.854947341622546	0.0887805814528549	0
-0.459568934306601	1.14739326611958	0
-0.190790784816321	2.15408132527125	0
-0.0491335669955591	2.97243069031348	0
0	3.31457097413927	0
