0	0	0
0	0	0
0	0	0
0	0	0
0	0	0
0	0	0
0	0	0
0	0	0
0	0	0
0	0	0
0	0	0
0	0	0
0	0	0
0	0	0
0	0	0
0	0	0
0	0	0
0.021518094526989	0	0.0331512160428423
0.0127755562915347	-0.00439984674045013	0.0308082368685787
-0.00478361107501943	-0.0115000166274297	0.0243930830962832
-0.026481292641354	-0.0221542063179473	0.0148325946408968
-0.0505348896385826	-0.0368637114884406	0.00339629990217418
-0.0734142745507096	-0.0547738682759221	-0.00830002514118934
-0.0909616316427396	-0.0733914863419002	-0.0185113125135038
-0.0995331250838726	-0.0887470432146994	-0.0257966182317781
-0.0969345510288482	-0.096248219255252	-0.0285075945402103
-0.0843164907193278	-0.0928505610620299	-0.0259316760798008
-0.0658558622506718	-0.0789515603255841	-0.0185987659366989
-0.0464186749989194	-0.0577710611454928	-0.00819402863061903
-0.0293681655662439	-0.0335543737831754	0.00380551165421861
-0.0165613716683186	-0.0108325916800681	0.0155395494006658
-0.00821345078290061	0.00644551955771387	0.0252356843380871
-0.00338107948019975	0.0145469427845757	0.0314744665137843
0	0.0145961996359799	0.0333552987304503
0.11882251053998	0	0.0631276710142142
0.0938912560261118	-0.00896077593106159	0.0589003084413839
0.0450270946197208	-0.0249257276883998	0.0466281959343246
-0.0231509367041171	-0.0526127539495245	0.0281348240591673
-0.102962589011512	-0.094364095274605	0.00601048557459404
-0.18192261792524	-0.147995726080805	-0.0165389458291939
-0.245888605015291	-0.205989908479764	-0.0360932394474271
-0.282773068436385	-0.256353345817634	-0.049561206824568
-0.28547453609396	-0.284853919192984	-0.0545116220309279
-0.255408437926293	-0.28032598561625	-0.0498940402265126
-0.203258917561393	-0.240677893279958	-0.0364359096299645
-0.143858610572054	-0.173702725902145	-0.0165213025478329
-0.0897057472415267	-0.0925416814193677	0.00664271599152814
-0.0483034098473542	-0.0121451366422539	0.0294423528829529
-0.0217355139263954	0.0535710521287115	0.0484222890804138
-0.00766699855013823	0.0920388641723151	0.0608274310557825
0	0.0952225423231168	0.0651393669697069
0.288068924745447	0	0.089913182774443
0.247373068171296	-0.0109894804514026	0.0838022996956488
0.163717486395562	-0.0335729813123946	0.066045926487052
0.0425477610000746	-0.076314450324246	0.0391940822153972
-0.101329523981471	-0.143293587824986	0.00707608984459905
-0.2453450896525	-0.230668598746935	-0.025605633395581
-0.364406409168147	-0.325402203105738	-0.0538779676320269
-0.437018991477601	-0.406736974173121	-0.0732387398337894
-0.451303276336421	-0.450966579885688	-0.0803834751446249
-0.409253473707058	-0.439171361342975	-0.0739571631974895
-0.327831170792321	-0.366710395163335	-0.0548594255553891
-0.231345499643834	-0.245166981630489	-0.0262180049766131
-0.141863718440269	-0.097165418670545	0.00737240229784915
-0.0734135611716142	0.0505448987100122	0.0406334704308065
-0.0304588512841856	0.17275677853561	0.0684883803834046
-0.00937350874417779	0.247393703625147	0.0868513625547153
0	0.257883089378416	0.0932984799252305
0.501864133714936	0	0.113865001593355
0.447692895281456	-0.0120256526522164	0.105993752090058
0.323925603217425	-0.0409002438624168	0.0831996002459718
0.14250007827804	-0.0990129626266587	0.0487326806788688
-0.0733971672986645	-0.191945307810139	0.00753854993688382
-0.290207912913009	-0.313806392856256	-0.0343326827060664
-0.471205274323767	-0.445547723297922	-0.0705200248553419
-0.585114761412366	-0.557203690597334	-0.0952886685666165
-0.6147519451621	-0.614903404332501	-0.104530532788246
-0.562542243028972	-0.591461636029888	-0.0965549151918707
-0.452269246466274	-0.47980484795344	-0.0724044432343117
-0.31836644587499	-0.295912337074336	-0.0358920016733726
-0.192859734034677	-0.0723366420694025	0.00718557598748148
-0.0969027711522062	0.151125161202853	0.0500675766141693
-0.0377362106155648	0.336417004721739	0.0861672267235442
-0.0103155359014455	0.451355846312949	0.110119641519633
0	0.475221631662971	0.118561735274912
0.745932300565005	0	0.135190608097021
0.678784784281782	-0.0131232710902711	0.125732658241615
0.509044910014662	-0.049177660881565	0.0984345545567192
0.258791469547531	-0.124738275990314	0.0571893146796143
-0.0385332598846961	-0.246777652872938	0.00794752143883944
-0.337128698353995	-0.406955155660858	-0.0420542362258646
-0.587676161432537	-0.579588065004425	-0.0852524239517126
-0.748499082115423	-0.724772795666032	-0.114847158136343
-0.796342753726604	-0.79735000357036	-0.126014953458722
-0.733672254398013	-0.760601154237995	-0.116723436844645
-0.591800451517099	-0.604610090508846	-0.0881513516512526
-0.416501214567187	-0.350407521578659	-0.0446854364299048
-0.250780611166197	-0.0412947840151157	0.00683858327585621
-0.123880170347887	0.268319726046506	0.0583685049449216
-0.0463810425134932	0.525567200964837	0.101955159585829
-0.0116386503605748	0.687344514149851	0.131028947434522
0	0.730772385831324	0.141319950321925
1.01602943292653	0	0.153943362450063
0.934152700982193	-0.0145363431241041	0.143078748051384
0.713199064257582	-0.0588115532934001	0.111835592066036
0.385825291060754	-0.154195856877666	0.0646762798302646
-0.00225287868758279	-0.309008254613588	0.00844147354040061
-0.391613793924701	-0.512087598180486	-0.0486122128045548
-0.719372915742364	-0.730515383690675	-0.0979061776823062
-0.932766963676304	-0.913682325079887	-0.131738750430136
-1.00147775663064	-1.00383461930608	-0.144635012337887
-0.927421564499786	-0.953052114847397	-0.134256925196375
-0.750207524876895	-0.747992371607634	-0.101897648802093
-0.52854884327552	-0.41570310115637	-0.052402249148242
-0.31757557998479	-0.0111519094601078	0.00651221736010227
-0.155546368191644	0.395287656054349	0.065693197995366
-0.0569476656773414	0.734186173244415	0.11598295489147
-0.0134455225755765	0.950474228096213	0.149676500720131
0	1.01739160912687	0.161624737852859
1.30997356540067	0	0.170123470101784
1.21075683867225	-0.0161999569897098	0.158032003861339
0.934176973218618	-0.0695225424955557	0.123391073156469
0.522586389010212	-0.186745059237161	0.0711780236005456
0.0356347763390854	-0.377538798566635	0.00900038618008982
-0.45248510107493	-0.627653375060578	-0.0540359435210343
-0.864567481171301	-0.896499424704035	-0.108525461676542
-1.13610598829443	-1.12211394973809	-0.146026324425266
-1.22858949992134	-1.23285052926474	-0.160472060147318
-1.14238002256294	-1.16763066452695	-0.149243065046773
-0.926040744915148	-0.908901771436783	-0.113690012997339
-0.653315599069378	-0.491256300773903	-0.0590773436737862
-0.39248801700882	0.0176750015869825	0.00618068026506556
-0.191470789714157	0.530756813434045	0.0720234249288551
-0.069123732845677	0.960755305834317	0.128238033442765
-0.0155237164083459	1.23914526547287	0.16604568485035
0	1.33151050389719	0.179442058652587
1.62462771336579	0	0.183720994006902
1.50556697561884	-0.0180569034095938	0.170585711958486
1.16952108324553	-0.0811027161790956	0.133082074753288
0.668074850892861	-0.221734535307582	0.0766623188359294
0.0758494260166521	-0.451018300477447	0.00958318145394806
-0.517547748477437	-0.751510427301044	-0.0583807644877661
-1.02032988393301	-1.07488160783339	-0.117173190489865
-1.35541735655783	-1.34719979980916	-0.157788031597149
-1.47503498340441	-1.48182527672642	-0.173593208318262
-1.37605950309726	-1.40179672312832	-0.161780188457119
-1.11692566334152	-1.0849407333365	-0.123590577077281
-0.788979119010765	-0.575416086033557	-0.064761835695111
-0.474497516074368	0.0453381172314121	0.00579701018384277
-0.23119818144834	0.673534266797908	0.077314021186411
-0.0826504488478534	1.20356905819859	0.138685513159988
-0.0177722068390444	1.55108161770395	0.180110443217657
0	1.66988010506653	0.194763261797943
1.95618332708749	0	0.194748493245631
1.81514753879995	-0.0201369159017202	0.180736523502855
1.416012708114	-0.0935689882655249	0.140905449346451
0.820360968396192	-0.258823080221289	0.0811109543816563
0.11835632199098	-0.528389606175814	0.0101626154223656
-0.585065709423905	-0.881716748598155	-0.0616787048962352
-1.18415591034343	-1.26316954579192	-0.123927723067137
-1.58829380844213	-1.58664375138139	-0.167099904356622
-1.73922671598446	-1.74928001732821	-0.183998793110359
-1.62639007617407	-1.65368431815275	-0.171901736270161
-1.32068357888287	-1.27397136451068	-0.131668506935508
-0.933944406995067	-0.667000649804032	-0.0694750741715609
-0.562870742135255	0.0712974809188051	0.00535020235591184
-0.274635664994562	0.821442671595059	0.0815642133625412
-0.0977169640742916	1.45959394445425	0.147302717520707
-0.0202966198273872	1.88319293576729	0.191866364953985
0	2.02963708427668	0.207578292613438
2.30069099988389	0	0.203215146513667
2.13598504081988	-0.0224398014259481	0.188485265667455
1.67038701175094	-0.106918858476383	0.146841328349999
0.977180149495109	-0.297800751257774	0.0845274195432077
0.162653559132349	-0.608793786174679	0.0107223795014265
-0.65374387157695	-1.01656665192658	-0.0639486565039683
-1.35367299490274	-1.45904978161801	-0.128790933682917
-1.83289790017893	-1.83835315592479	-0.174010959714215
-2.02088438718001	-2.03436033740451	-0.19192715327172
-1.89194037145679	-1.92268371754635	-0.179566632924854
-1.53511267700689	-1.47406787326474	-0.137922926251545
-1.08663355335703	-0.765031437280969	-0.0732067582286986
-0.656882921786706	0.0947607489769252	0.00484903923672286
-0.321680059709789	0.971961530555157	0.0847344628698914
-0.114345125053639	1.725146933256	0.154014058909252
-0.0231613070158318	2.23151658563377	0.20128946305993
0	2.40769700692662	0.217939311029525
2.65426522419874	0	0.209133187850279
2.46433167994687	-0.0249461502650802	0.193796784097736
1.92936697249212	-0.121046676761454	0.150824940661553
1.13648790460084	-0.338294307657323	0.0868748277709572
0.208334198450777	-0.691278743356828	0.0112454017959722
-0.722303382374371	-1.15430847622986	-0.0652084045566476
-1.52656420912508	-1.66016930714068	-0.131785464946072
-2.08749600268594	-2.10055399188976	-0.178437361055666
-2.31906589751274	-2.33604150935342	-0.19746903266422
-2.17150624379929	-2.20796301926676	-0.184921404978423
-1.75801849403407	-1.683201765471	-0.142322779239762
-1.24533521532521	-0.868328238639054	-0.0759277159552442
-0.755691318252547	0.115008842609173	0.00429688202987597
-0.372293589446199	1.12193611470801	0.0867690972081998
-0.13297975877572	1.99540592877731	0.158689158641159
-0.0266092463354807	2.59173226730907	0.208298355519078
0	2.80051560476102	0.225731859861413
3.01246906005123	0	0.212461805618073
2.79542058177428	-0.0278554318068505	0.196618593242777
2.18885879310965	-0.13606415057259	0.15278505851451
1.29603867179431	-0.379907267637815	0.0880712432005381
0.25507736045966	-0.774772399680351	0.0116995199546366
-0.789385659362991	-1.29305517650621	-0.0654734338753568
-1.70017689439582	-1.86382243963011	-0.132906687978434
-2.34997115973553	-2.37070651479681	-0.180487687548889
-2.63172901672056	-2.65337624746578	-0.20039976615066
-2.46304066155264	-2.50733516671778	-0.188006456031246
-1.98707710909693	-1.89895476341315	-0.144840685375737
-1.4082315402023	-0.975447853249146	-0.077611513565955
-0.858367245293216	0.131604976521001	0.00370355333538618
-0.426408479336139	1.26863748535219	0.0876599700422141
-0.154199827972073	2.26528422491257	0.161409173287507
-0.0318359229653886	2.95776373089756	0.212663232173354
0	3.20378106436679	0.230717386796119
3.37043910645117	0	0.212873183635492
3.12412134042487	-0.031923521153202	0.196977095462269
2.44395252549557	-0.152453316219846	0.152697747164908
1.4530304341392	-0.422505052966598	0.0880682225757036
0.302267981744894	-0.858320914728583	0.0120364451734646
-0.853876552950818	-1.43103769739222	-0.0647821594865081
-1.87198038597071	-2.06744185935958	-0.132168158928592
-2.61675664306677	-2.64565951546262	-0.180107409373958
-2.95609754149355	-2.98331313946698	-0.20064674806124
-2.76399293365399	-2.81807782850636	-0.188612271684027
-2.21980605981045	-2.11877916979907	-0.145441947380735
-1.57341571887868	-1.08490424378446	-0.0782464761367414
-0.963742469127239	0.144516195060139	0.00307995311605349
-0.483577356738047	1.41017752296587	0.0874002467364561
-0.177745685225764	2.53234146927697	0.162127910543726
-0.0380339823774473	3.3252079820961	0.214221716365325
0	3.61168419434368	0.232530622846044
3.72332837524986	0	0.21012465714968
3.4464063435874	-0.0367634373765296	0.194613238880923
2.69113237351049	-0.170201035736685	0.150643569032875
1.60485780295457	-0.465836753220792	0.0868666870827998
0.348979734725073	-0.941066482602128	0.0122171874411633
-0.915209562403701	-1.56668797691477	-0.0631847402464874
-2.0399168570165	-2.26857565806509	-0.129598145149679
-2.88458004149655	-2.92208933176869	-0.177259921814368
-3.28868544767408	-3.32190136879319	-0.198055161680717
-3.07112023332768	-3.13717268877664	-0.186514217568206
-2.45377393285237	-2.34073599803682	-0.144081750846628
-1.73900264133353	-1.19561430041198	-0.0778309220426338
-1.07039294422568	0.153935333048024	0.00242822779431962
-0.542819827769041	1.54560873203942	0.0859651300462231
-0.202956281469543	2.7944955756181	0.16062934595788
-0.0443679630613442	3.69284988662035	0.212755174835205
0	4.02127305304473	0.231045707423558
4.06739730649067	0	0.204215398686423
3.75911519735104	-0.0416972190538236	0.189242585211033
2.92882535756078	-0.188755320714307	0.146588818749076
1.74991349223968	-0.509305631693409	0.0844638560167245
0.394331073706631	-1.02209340134763	0.0122146940546503
-0.973262423108389	-1.69856902342178	-0.0607191407117504
-2.20248430848819	-2.46491921852841	-0.125193129864998
-3.1495263379786	-3.19581503702097	-0.171825605760538
-3.62574087742595	-3.66453810369398	-0.192532625627716
-3.38088382583448	-3.46185178418723	-0.181603940116067
-2.68650774732632	-2.56330365343339	-0.140685229950722
-1.9031330283474	-1.30685782314091	-0.0763387921620378
-1.17677845038485	0.159984802704266	0.00174786098011251
-0.602858598302239	1.67434761148125	0.0833029434234764
-0.229028561798649	3.04907929659662	0.156751955372365
-0.0507676661286817	4.05747768843659	0.208104365238828
0	4.43045053759761	0.226192914837538
4.4001195991971	0	0.195222601383011
4.0596239877839	-0.0465283660934809	0.180933185632178
3.15558371409436	-0.207161874736283	0.140308878289512
1.88732981573538	-0.551898153151467	0.0808380767217997
0.437680516179006	-1.10028758448114	0.0120205088937276
-1.0278484778073	-1.82510657732164	-0.0573969174016289
-2.35808871354875	-2.65395660615882	-0.11893013058088
-3.40688036022537	-3.46203937406767	-0.163715250928503
-3.96068210348017	-4.00443536419021	-0.183929196827366
-3.68895936701627	-3.78791330432422	-0.17386378325208
-2.91530821020063	-2.78450378862597	-0.135146917597567
-2.06381966774442	-1.41780422193786	-0.0737016101548305
-1.2813383601197	0.162664134385529	0.00105861289641907
-0.662570887144298	1.79527502042823	0.0793776647260454
-0.255447171296394	3.29275208751091	0.150393076666567
-0.0573380890431106	4.41249413230829	0.200239445624556
0	4.83291868739519	0.217892191721645
4.71742623183719	0	0.18320004640923
4.34479757888586	-0.0509548569921385	0.169757204599437
3.36911334338688	-0.224800450223394	0.131770259341632
2.01609513114277	-0.592600877396903	0.075952498584309
0.478527507746718	-1.17440608612602	0.0116080593927583
-1.07853592387809	-1.94457099433617	-0.0532444823572624
-2.50442940175806	-2.83279298749246	-0.110841764428827
-3.65157502807574	-3.71573727763409	-0.152966610031353
-4.28490267684706	-4.3336225803225	-0.172226017138948
-3.98946538553043	-4.10840944035002	-0.163339333164526
-3.13684419361157	-3.00113205703212	-0.127408609328604
-2.21875799647978	-1.52706370477766	-0.0698603406429626
-1.38240338277118	0.162045732400086	0.00039378814520525
-0.720898737236326	1.90686218013699	0.0741994108803935
-0.281898905764625	3.52130736085355	0.141504387536305
-0.0642861114790175	4.75015937389636	0.189132109973704
0	5.21959634610298	0.206118799352761
5.01271996763681	0	0.168264331879468
4.60968515648314	-0.0550551224168549	0.155833232232521
3.56632845342618	-0.241336725411567	0.121030771139043
2.1346109651879	-0.630627716839347	0.0698115736643435
0.51623650103037	-1.24325813188244	0.0109543130424995
-1.12483950729719	-2.05517593183249	-0.0483135968594769
-2.63920462772451	-2.99847447097319	-0.1010181893918
-3.87858870416986	-3.95182017216734	-0.139705122631992
-4.59031220511647	-4.64409012216473	-0.157581271616272
-4.27567854534117	-4.41541448674326	-0.150155983663483
-3.34719667414126	-3.20935704626938	-0.11749282317317
-2.36530934995984	-1.63280194678494	-0.0647985028360781
-1.47812604199207	0.158472817703913	-0.000209632533256968
-0.776619593702674	2.00792749756259	0.0678285577942179
-0.307815317861066	3.73129818149736	0.130179530662648
-0.071856011450511	5.0636393360589	0.174628227952592
0	5.5817279075498	0.1907611086723
5.27949932581261	0	0.150598311968176
4.84879001750504	-0.0589435847753979	0.139330311081012
3.74377945804797	-0.256576130829773	0.108221673477457
2.24094476660734	-0.665360208802291	0.0624673464496608
0.550046270015973	-1.30574739100143	0.0100485796008287
-1.16630982029778	-2.15519001021579	-0.0426757989511727
-2.76031955605175	-3.14820538323321	-0.0895963131364315
-4.08344890937219	-4.16562721817015	-0.124141641896236
-4.86953213841981	-4.92842724082201	-0.1402314299867
-4.54065748331141	-4.70113113121499	-0.134412398085091
-3.54213434629303	-3.40473026662882	-0.105471004579328
-2.50070377742533	-1.73283093167042	-0.0585242576067951
-1.56654742827203	0.152557482299843	-0.000712855278003329
-0.828333439763105	2.09769687955841	0.0603441680841723
-0.332180408914254	3.92055319705478	0.11653129968605
-0.0792387526584596	5.34822687979195	0.156856760799146
0	5.91266856990131	0.171625244757166
5.51240627845531	0	0.130197152406356
5.05763844435351	-0.0628286947308589	0.120485233986438
3.89838142544292	-0.270371711111167	0.0935222365116963
2.33321346655441	-0.696280053906718	0.0540148647230416
0.579166917534747	-1.36089387384052	0.00889490983642057
-1.20256344562039	-2.24300435651582	-0.0364194625108761
-2.86590735925761	-3.27940942262264	-0.0767561492090255
-4.26234498867144	-4.35305404000919	-0.106517602753883
-5.11610692444149	-5.1800240548561	-0.120508994399855
-4.77799245570711	-4.95833432218061	-0.116286859915985
-3.7172548865149	-3.58230739108997	-0.0914946237897268
-2.6220505195184	-1.82456211993629	-0.0510837984364661
-1.64568932811719	0.145138337460519	-0.00108469433604196
-0.874692618108396	2.17544968491763	0.0518464689886076
-0.35413081375636	4.08674741870619	0.100725045320424
-0.0859785840508012	5.59975030739883	0.136025590433706
0	6.20684732599677	0.149003021304422
5.70757602206086	0	0.107279865302983
5.23343787683819	-0.0663482718731792	0.0994314195348859
4.02793148384455	-0.28238256708521	0.077175162415894
2.40982519763231	-0.722863793299664	0.0445919018801938
0.602861477917076	-1.40781983339089	0.00751410038588208
-1.23329040082116	-2.3171872262434	-0.0296449996518366
-2.95434941717393	-3.38979305286309	-0.0627146596078549
-4.41205491908693	-4.51053117553023	-0.0871500850319746
-5.32451656430739	-5.39313654571008	-0.0987606275189902
-4.98216251812913	-5.18069699523777	-0.0960255941949421
-3.86836800451247	-3.73729023498471	-0.0757520013453088
-2.72649548712489	-1.90523009799002	-0.0425616994889968
-1.71361436712096	0.137234454675964	-0.00130387704272871
-0.914448409894006	2.24051330947902	0.042462270551597
-0.373035314026257	4.22708718682968	0.0829917424328726
-0.0918325523339372	5.81306881527956	0.112422579298534
0	6.4582084928608	0.123291105754085
5.86164728116808	0	0.0822119621251477
5.37419649087514	-0.0691974417396645	0.076461818478746
4.13063302325527	-0.292239082723608	0.0593995781573556
2.46930075664279	-0.744695041706507	0.0343498699662756
0.620273062716002	-1.44587304987733	0.005932482124921
-1.25844876291064	-2.37663031694951	-0.0224658647155866
-3.02445986734715	-3.4775188642877	-0.0477276034902436
-4.52980604551376	-4.63497140006169	-0.0663931377507172
-5.49003482853819	-5.56276639480959	-0.075362647715433
-5.148452894642	-5.36274497999036	-0.0739301131550683
-3.99159101008035	-3.86511328050424	-0.0584694502907926
-2.81120279799521	-1.9718054349325	-0.0330689986132796
-1.76834664662807	0.130326394213915	-0.00135281647825248
-0.946348619240177	2.29270590874564	0.0323462032645637
-0.388249532956581	4.33943262658092	0.0636317802262575
-0.0966033905575798	5.983569802113	0.0865010074347499
0	6.66061927660547	0.0949695125612952
5.97106993468988	0	0.0554007848163229
5.47700757291637	-0.0712975744004057	0.0519095985191978
4.20390068949863	-0.299881302990285	0.0404510166421483
2.50965365101674	-0.761633973318631	0.0234150574456469
0.630161616293018	-1.47476044674997	0.00416181082743336
-1.27829795767269	-2.42064602393639	-0.0150177462529805
-3.07545617590785	-3.54127914705087	-0.0320732874610081
-4.61365045418956	-4.72415261726904	-0.0446855006377893
-5.6088508623667	-5.68503345306594	-0.0507541629911942
-5.27252046736471	-5.49941220353726	-0.0502980439067108
-4.08318812877341	-3.96124993080681	-0.0398851116818191
-2.87325927034029	-2.02081804775525	-0.0227204030105638
-1.80778909802707	0.126635685223929	-0.0011945849009423
-0.969042934357523	2.33281064730755	0.0217014566994036
-0.399053233532941	4.42297720775375	0.043017464105097
-0.10001736290405	6.10881908499683	0.0587921970124811
0	6.80956635017058	0.0645666554264582
6.03422492916448	0	0.0274891939886212
5.539582977506	-0.0723812747783379	0.0261861236512365
4.2459390822206	-0.305042441535913	0.0205732856097191
2.53035097779648	-0.773200220356096	0.011906570927651
0.632854609700338	-1.49374578045411	0.0021758199280422
-1.29182523097667	-2.44819371862776	-0.0074707746577924
-3.10542462513035	-3.57941667272263	-0.01605389559465
-4.66112758888597	-4.77577450138991	-0.0224375943315306
-5.6770684820391	-5.75561819966617	-0.025272846562394
-5.35160828347732	-5.58773693467004	-0.025688447884639
-4.14027241532799	-4.02242211716746	-0.0202912800419982
-2.91051947688272	-2.05000213650009	-0.0116247690972437
-1.83063695955933	0.127047179238952	-0.000744492320652915
-0.981860858487964	2.36050608904598	0.0108156243086631
-0.405166561771111	4.47656909754568	0.0216221110362725
-0.101988462475913	6.18769139506369	0.0298499988934896
0	6.90176574308102	0.0326505056890815
6.0591098884897	0	0
5.56895890390807	-0.0709032377227677	0
4.27306886174534	-0.303212021027213	0
2.55366172735296	-0.771649511933099	0
0.652303804140537	-1.492098804849	0
-1.27703192422381	-2.4469441069037	0
-3.09737920386396	-3.58029134378991	0
-4.66229688519445	-4.78164415658134	0
-5.68795065830303	-5.76812789265285	0
-5.3778234226153	-5.61715129228667	0
-4.1641757576414	-4.05163363914066	0
-2.93071140018145	-2.0744352929942	0
-1.84665551586904	0.108108175051998	0
-0.993435277544066	2.3485695307985	0
-0.412477342717644	4.47405032847227	0
-0.105278204824659	6.20022091904597	0
0	6.92332786629134	0
