0	0	0
0	0	0
0	0	0
0	0	0
0	0	0
0	0	0
0	0	0
0	0	0
0	0	0
0	0	0
0	0	0
0	0	0
0	0	0
0	0	0
0	0	0
0	0	0
0	0	0
0.0132881421787181	0	0.0205634713614099
0.00786776520671193	-0.00272449547102322	0.0191155282302192
-0.00296799177889118	-0.00711540608756957	0.0151509441419078
-0.0163519121929692	-0.0136990926256504	0.00923951210472823
-0.0312183570253572	-0.0227960060193703	0.00216236495299731
-0.0453973865134248	-0.033889852896299	-0.0050828830791403
-0.0563028955904304	-0.0454403635995222	-0.0114144971483333
-0.0616524269167957	-0.0549790414314814	-0.01593538488222
-0.0600669017666209	-0.0596454374071153	-0.0176189680082874
-0.0522524382462024	-0.0575408210569326	-0.0160207076548546
-0.0408000828858514	-0.0489056379946018	-0.0114699288837429
-0.0287366201153226	-0.0357428785599339	-0.00501475041376476
-0.0181618086084282	-0.0207089048836055	0.00242460551928076
-0.0102328543182714	-0.00663828212902975	0.00969242038414998
-0.00507474883171774	0.00402107331742483	0.0156916580492425
-0.00208969949026621	0.00899142464989998	0.019547798767514
0	0.00893809932331716	0.0207074422392152
0.0734983409845789	0	0.0391511379599638
0.0580498046797058	-0.00554723086585448	0.0365426269190461
0.0279035919164331	-0.0154123701766097	0.0289620195891672
-0.0141717620189243	-0.0325133292639747	0.0175285128673171
-0.0635139708653072	-0.0583263813467985	0.00383351491031342
-0.112433547308224	-0.0915342079740943	-0.0101453870791659
-0.152145082022066	-0.12749419441827	-0.0222865496726134
-0.175095137099445	-0.158754532698575	-0.0306609272463273
-0.176830643609347	-0.176456978808145	-0.033744038657907
-0.158211129940301	-0.17364861879264	-0.030874006518425
-0.125867686320141	-0.149018836854055	-0.0225058600684288
-0.0890227911103018	-0.107420655117164	-0.0101329389834279
-0.0554588999862194	-0.0570673754355233	0.00424068735323391
-0.0298371770915042	-0.00729225223409404	0.0183673919562653
-0.0134235978995971	0.03328253895798	0.0301101951241033
-0.00473671128194481	0.0569597457605627	0.0377758707731831
0	0.0587219773904617	0.0404391038412784
0.178284323690354	0	0.0557421313978972
0.153077158571818	-0.00680153133997605	0.0519760265093374
0.101493365720697	-0.0207425898464298	0.0410145064907598
0.0267314120167902	-0.0471190251511127	0.0244212237520686
-0.0622132783646517	-0.0885063752298446	0.00454634872347044
-0.151447303552793	-0.142596757185827	-0.015711610940189
-0.22538463933903	-0.20134942846893	-0.0332680673072612
-0.270580734528764	-0.25186591378177	-0.0453109754700411
-0.27955759193055	-0.279367691432011	-0.0497630360269557
-0.253509139738569	-0.272047589223817	-0.0457665457326583
-0.202979501401204	-0.227002906499331	-0.0338864572312989
-0.143110669600973	-0.151477064910098	-0.0160880278317002
-0.0876508561206772	-0.0596353639168508	0.00475371035646655
-0.0453064546195606	0.0318165985874381	0.0253557454820189
-0.0187889570664209	0.107263518842257	0.0425810089518071
-0.0057862982381397	0.153180159850604	0.053922301144416
0	0.159333418932402	0.0579060353048302
0.31069919784915	0	0.070561080243671
0.277171438394638	-0.00744007074764127	0.0657133577209126
0.200878146343051	-0.025246497884737	0.0516509710974297
0.0889554105758891	-0.0610778113640485	0.0303627960554442
-0.0445048340044474	-0.118467492342272	0.00488098169091511
-0.178855552418922	-0.19388590418707	-0.0210678010913973
-0.291287718809277	-0.275601464345443	-0.0435387963567287
-0.362218523371585	-0.344993094914793	-0.0589478146537101
-0.380794050198173	-0.380914701558933	-0.0647076374629642
-0.348440867590626	-0.366364327611563	-0.0597451992913387
-0.279966953831567	-0.296915270952543	-0.0447179588730018
-0.196856668776552	-0.182596249434706	-0.0220275983494458
-0.119075713612472	-0.0438267088670837	0.00469505103880748
-0.0597423222828632	0.0945284839219232	0.0312455430602377
-0.0232477961048669	0.208897447734462	0.0535575975801325
-0.00636245265186982	0.27956781572516	0.068343369617703
0	0.293877346359204	0.0735579735285587
0.461919755632069	0	0.0837407070510274
0.420406865666568	-0.0081148937369974	0.0779184556013395
0.315791492075316	-0.0303279851227756	0.0610887026254622
0.161413314569148	-0.0768813419022826	0.0356269433128312
-0.0223773165020095	-0.152199314874568	0.00517706745809109
-0.207408768032725	-0.251290441542238	-0.0258065155707931
-0.363062319889521	-0.358359369272369	-0.0526336091470966
-0.463226496677731	-0.448616185006477	-0.0710508659288966
-0.49318069951423	-0.493839022872604	-0.0780139989806004
-0.454334145319486	-0.471026616128324	-0.0722291905238456
-0.366208531592871	-0.37396956824967	-0.0544428796664421
-0.257399571516659	-0.215902150282898	-0.0274267050744718
-0.154726153966385	-0.0240226407278528	0.00453209006836027
-0.0763040946858641	0.16767051989078	0.0364257045595198
-0.0285420209147066	0.326435396874132	0.0633515709516383
-0.00717388657901842	0.425883355764118	0.0812888898163641
0	0.452191296592869	0.0876400386606416
0.629348331537492	0	0.0953150708250806
0.578788806820626	-0.0089830898080099	0.0886303174437318
0.44261854223123	-0.0362373416722154	0.069381651034959
0.240656102046399	-0.0949624822997781	0.040284047891659
0.000768523172951217	-0.190445963651431	0.00552018573899038
-0.240494542915165	-0.316010948293479	-0.0298315548045709
-0.444111032898488	-0.451439902106511	-0.0604514300123062
-0.577020744132928	-0.565310533054054	-0.0815169561557155
-0.620009397944437	-0.621509657966862	-0.089563918930308
-0.574096232776553	-0.589983685063184	-0.0830974564340971
-0.464003812452055	-0.462373092226193	-0.0629403536251519
-0.32644364205529	-0.255728905229204	-0.0321661493697623
-0.195794190345033	-0.00460734788688509	0.00437664327286951
-0.0957299703086996	0.247021935083016	0.0409945947323447
-0.0350138322004214	0.456170856141158	0.0720453553602605
-0.00828366283112055	0.589139904538044	0.0928197898192254
0	0.629890158827676	0.100185851538212
0.811671166683742	0	0.105284749192077
0.750466524280781	-0.0100044767803505	0.0978499045795452
0.580017032335857	-0.0428009301697253	0.0765230514281152
0.326076259592226	-0.114921640575165	0.0443244785015365
0.0250686440412514	-0.232519992102134	0.00589773304317312
-0.277362378981973	-0.387072066928309	-0.0331612539888837
-0.533334616303598	-0.55368337708158	-0.0670197091471115
-0.702443584095556	-0.693914991091735	-0.0903853440899641
-0.760272855359679	-0.762955868877875	-0.0994086458670623
-0.706816846809221	-0.722464038878044	-0.0924053223304391
-0.572421951775378	-0.561438325181209	-0.0702398926817098
-0.403225903105069	-0.301708395196199	-0.0362679301957005
-0.241798055971718	0.0141868039019432	0.0042125057933488
-0.117747937214165	0.331820118269254	0.0449409132280917
-0.0424683365860349	0.597196465978721	0.0796310519019015
-0.00956009404304784	0.768390716817446	0.102925242964712
0	0.824807143165838	0.111175004044914
1.00698138239035	0	0.113645079081508
0.933591937359318	-0.0111437258556911	0.105574501897724
0.726487337240013	-0.0498897162316888	0.0825020744105177
0.417071331724913	-0.136353817217046	0.0477284128939673
0.0509827310959094	-0.27758016258511	0.00628414196028837
-0.316636437438373	-0.463136534595024	-0.0358295686522981
-0.628894774394532	-0.663422777654243	-0.0723764148976573
-0.837546141033246	-0.832624111872619	-0.0977030820680094
-0.912303388312729	-0.916552417939339	-0.107588916614628
-0.850923068783633	-0.866860957414023	-0.100212969777249
-0.689963243532047	-0.66964608635087	-0.0763793162746204
-0.486597110701401	-0.352788565030127	-0.0397635564847788
-0.292093830940149	0.0324782657182051	0.00401038729335651
-0.14207040459603	0.42135126977589	0.0482367239313606
-0.0507435515106411	0.748489229774836	0.0860872451767606
-0.0109405911073088	0.962267809082513	0.111589395310762
0	1.03497167389427	0.120603284565013
1.21295067717186	0	0.120406234611134
1.12605998910212	-0.0124193897103549	0.1118041144186
0.880050320016743	-0.0575140587836351	0.087318325187934
0.512453929800603	-0.159047253370534	0.0504851017380716
0.0784951457794705	-0.324969981247328	0.00666249178282742
-0.357231041844805	-0.542994955081837	-0.0378559777982749
-0.729219787989479	-0.779096758244545	-0.0765689063618616
-0.980806138915657	-0.979984996288552	-0.103515947024648
-1.0750819582536	-1.08134595399014	-0.114104779319161
-1.00509836460347	-1.02198216751034	-0.106540415447836
-0.81525017887376	-0.785638701449811	-0.0814005294419727
-0.575551514743087	-0.408212916108804	-0.0426648656899981
-0.346217229980231	0.0499494860254907	0.0037632424662768
-0.168634355538933	0.514284680437465	0.0508819180993858
-0.0599543951961649	0.90819728497462	0.0914010523267285
-0.0124904230635933	1.16889385523492	0.118810853248614
0	1.25864905168933	0.128465853076875
1.42715675765393	0	0.12557677676974
1.32571129108321	-0.0138315551742249	0.116541690063354
1.0386913170362	-0.0656725955406722	0.090961289661954
0.610820029110643	-0.182872910764852	0.05259741867328
0.107291301924226	-0.374159112468263	0.00702268334071638
-0.398341479881275	-0.625589090372655	-0.0392518544163547
-0.832823086753113	-0.899258373884498	-0.0795970399321582
-1.13105084554473	-1.13466786790381	-0.107852967291283
-1.24838894272946	-1.25675931798994	-0.119104419173522
-1.16841326934402	-1.18740458388385	-0.111362287413845
-0.946892446019768	-0.908190784918015	-0.0853018304626974
-0.669098508224172	-0.467358421534018	-0.0449652982210057
-0.403712676889786	0.0661166317994933	0.0034762547996766
-0.197371578529416	0.609067660903374	0.0528525411623519
-0.0701121099784513	1.07405828102619	0.0955274815339538
-0.0142490357694647	1.38584430296335	0.12457729772047
0	1.49396247270859	0.134797102531144
1.64720868012424	0	0.129167361911272
1.530233356863	-0.0153683990763352	0.119768290651122
1.20038022370371	-0.0743005060220452	0.093392824024352
0.710894043429935	-0.207602521028422	0.0540432427043822
0.137106246008535	-0.424563768277479	0.00735418661081149
-0.439182062158483	-0.709838515932708	-0.0400278064251602
-0.938257597852146	-1.02244126564556	-0.0814733419166169
-1.28717008508084	-1.2955385243595	-0.11066085748879
-1.43159001788928	-1.44210435483572	-0.122643710822183
-1.34007422864746	-1.36256250595478	-0.114768964393392
-1.08350741906565	-1.03601606940191	-0.0880625470891285
-0.766171911377091	-0.529487522461149	-0.0466464922648928
-0.464056921164869	0.0805283727730265	0.00315121138855827
-0.228255953851738	0.703740775169948	0.054114850793425
-0.0814892845627293	1.24309017251681	0.0983885655843888
-0.0163664309620687	1.61046369071526	0.128841662753518
0	1.73874339837024	0.139529157204353
1.87036024921698	0	0.131156363445837
1.73666819044267	-0.0171533017849354	0.121455156774775
1.36256665967669	-0.0834677179174885	0.094571353970827
0.811265190311621	-0.232995350322222	0.0547727195970652
0.167719183713472	-0.475530266899017	0.00763719803531339
-0.478927454490031	-0.79458613261574	-0.0401929277035683
-1.04387651198501	-1.14696921932376	-0.0821930317866911
-1.44781917898329	-1.46099219432902	-0.112004370884084
-1.6233684643471	-1.63673909518632	-0.124582112653373
-1.5187701669867	-1.54605482859037	-0.116783156290188
-1.22363942635539	-1.16759441168254	-0.0896638148540958
-0.865648340100983	-0.593712284961707	-0.0476916552629422
-0.526680413532726	0.0928934556006072	0.00279387659594482
-0.261246788654223	0.796592804057407	0.0546643351274497
-0.0944421818544628	1.41213095416119	0.100037444922907
-0.0195816856002477	1.83899024151323	0.131466877818832
0	1.99033735942546	0.142518590046867
2.09358726732324	0	0.131344868170065
1.94181958798398	-0.0196539261953268	0.1216225012526
1.52217804797853	-0.0934733484949017	0.094484909540787
0.910164553061454	-0.258974414610053	0.0547569216991574
0.198717174774591	-0.526481787259134	0.00784201897064433
-0.516913671306041	-0.878754196995877	-0.0397705559930435
-1.14811998624777	-1.27126116229693	-0.0817626711429471
-1.61076731631789	-1.62905815987982	-0.111845704813895
-1.82196165589457	-1.83872729506941	-0.124870170674088
-1.70288319742749	-1.73615429169974	-0.117271592450835
-1.36574348140307	-1.3013359006052	-0.0900819756663802
-0.966357995460177	-0.65913097424985	-0.0480931182435405
-0.590872254037661	0.103158250649522	0.00241072003133001
-0.29607158321915	0.886425685302008	0.054497058761125
-0.108811013929985	1.57965791957543	0.100446869652914
-0.0233947327119164	2.06869830585744	0.132356126382505
0	2.24515203311516	0.143545205493095
2.31386708779987	0	0.12958659608106
2.14317454240108	-0.0226305794945172	0.120112813183778
1.67700415443938	-0.104311069611331	0.093185028657338
1.0059380393957	-0.285392069941739	0.0539972904907718
0.229486925395703	-0.576903347530723	0.0079447495419622
-0.552824705071257	-0.961393857321588	-0.0387914482346841
-1.24973279339713	-1.39381632270069	-0.0801981912295541
-1.77397789369834	-1.79766999307145	-0.110157919749029
-2.02517598580209	-2.04558444416678	-0.123405717006218
-1.89037561292241	-1.93095957775496	-0.116090257203846
-1.50831293807469	-1.43603780545489	-0.0892874306017567
-1.06715053750862	-0.725101890523973	-0.0478495954024058
-0.655768207938918	0.111401150356129	0.00200281347991186
-0.332131308529945	0.972620574857681	0.0535977188802775
-0.12418682136309	1.74437237351971	0.0994843708472464
-0.0272896386727466	2.29884985167022	0.131375394789811
0	2.50138257384998	0.142533964391144
2.52886479464505	0	0.125883918032282
2.33875708683026	-0.0256636289479079	0.116752026902723
1.82604433672301	-0.11564287858872	0.0906512793802439
1.09755224793687	-0.311887661807925	0.052492509756139
0.259440509757049	-0.626245332521309	0.0079288561679873
-0.586626286175895	-1.04164056077183	-0.0372789654388865
-1.34781871448665	-1.51323515433263	-0.0774962645668473
-1.93503823204149	-1.96425287244064	-0.106861512797661
-2.2306669247392	-2.25443627987369	-0.120123321475488
-2.07903626427305	-2.12873608336373	-0.113166616903299
-1.64982546409437	-1.57077096724978	-0.0872321778142057
-1.16689678784919	-0.791217415646619	-0.0469448905843023
-0.720434918924023	0.117652438122713	0.00156956006653172
-0.368646281402819	1.05477930480358	0.0519342445316854
-0.14007288388745	1.90460174044738	0.0970514728545369
-0.0312226039048681	2.5274531926496	0.128429472971482
0	2.75773862367748	0.139443898322983
2.73700436855488	0	0.120286529517345
2.52691809018958	-0.028632039251914	0.11158360423638
1.9683730887245	-0.126882245765618	0.0867449980468231
1.18443661963626	-0.337843146058654	0.0502293184379246
0.288140396062655	-0.673835681973913	0.00778928014576634
-0.618249201492361	-1.11854882116048	-0.0352401290363803
-1.44144337346628	-1.62800229881486	-0.0736415577279762
-2.09107824195274	-2.1258872226564	-0.101895163050592
-2.43439316033592	-2.4611132603339	-0.114916789810207
-2.26620523391601	-2.32690239086367	-0.108481572347327
-1.78863869121125	-1.70434955816297	-0.0838487784610997
-1.26439654020927	-0.857013388433924	-0.0453364664714402
-0.783929103246426	0.121861297322149	0.00112292705762733
-0.404934117453645	1.13216191264283	0.0494843309700205
-0.156153025495263	2.0582306723235	0.0930862877131357
-0.0352568404671027	2.75037063713383	0.123505740319509
0	3.01025442230064	0.134232120504277
2.93573372550997	0	0.112830593246276
2.70567259884446	-0.0313502096811397	0.104653674505407
2.1025281417046	-0.137649239877761	0.0814461577112475
1.26593008995719	-0.362640422703327	0.0471851278790524
0.315238174080535	-0.718922615599614	0.00750976723480387
-0.647477352090656	-1.19108173570696	-0.0326910909295457
-1.52925487011299	-1.73638651005611	-0.0686529319949226
-2.23905391840117	-2.27955358645093	-0.0952763886968175
-2.63112811247357	-2.66078512050795	-0.107759006872936
-2.44832503864084	-2.52124550409268	-0.102051317164556
-1.92275009729229	-1.83486506819123	-0.0790978562594521
-1.35826514568904	-0.9216938897427	-0.042987218321125
-0.845244405215514	0.124015584439698	0.000683431582856376
-0.440354892955727	1.20376283184424	0.0462543402596745
-0.172238043959559	2.20257932173925	0.087560653670206
-0.039519374779114	2.96270942609433	0.116592654135107
0	3.25318080425022	0.126892154946409
3.12088892142137	0	0.103591717287322
2.87187684560429	-0.0338679703552731	0.0960378460000612
2.22654314162223	-0.147740655704132	0.0747914530462122
1.34100301312479	-0.385801340293389	0.0433630906873591
0.340301640935027	-0.760786345909213	0.00707632063863513
-0.674065162242469	-1.25817060972766	-0.0296636354529571
-1.60991634106836	-1.83663329683073	-0.0625850938647638
-2.37598416163963	-2.42222622054629	-0.0870780066447493
-2.81601304375978	-2.84864816927205	-0.0987345773079278
-2.62137130649265	-2.70700282243878	-0.0939408883011101
-2.04982206900815	-1.96005508932461	-0.0729893838219171
-1.44692315785103	-0.984202002487434	-0.0398859525912879
-0.903268985875689	0.12426531561266	0.000274150309108766
-0.474170394150063	1.26878501667385	0.0422817802816
-0.187984354923935	2.33542665059378	0.0805335344183195
-0.044161894183523	3.16011709288056	0.107598891344258
0	3.48095346092432	0.117362069903107
3.28834241763759	0	0.0926849606199878
3.02203152727065	-0.0362569730872353	0.085842360655231
2.33821833763423	-0.157039337084304	0.0668629310349156
1.40841544234031	-0.406950780435649	0.0387958710059443
0.362820194003598	-0.798765257567654	0.00648266862821936
-0.69779090136662	-1.31878235278287	-0.0262017445064323
-1.68222798258869	-1.92709345243967	-0.0555220950587301
-2.49925020090719	-2.55116438557874	-0.0774276021846887
-2.98466316364443	-3.02030508925853	-0.0879803210131733
-2.78122251540116	-2.87953015550217	-0.0842005542928275
-2.16734913733258	-2.07730358555345	-0.0655634677679229
-1.52872051782814	-1.04327439824513	-0.0360364486624314
-0.95682586415758	0.122923707317727	-8.04243283389624e-05
-0.505534822341801	1.32668298436387	0.0376158049805922
-0.202774686106806	2.45534409345489	0.0720749821770161
-0.0486856113395671	3.33957011515808	0.0966058865458068
0	3.68933122372488	0.105525438124305
3.43467436829156	0	0.0801071662330872
3.15327667851552	-0.0386469336177297	0.0742138704189
2.43558208575933	-0.165457216251371	0.0577717665742837
1.46695817155442	-0.42577520984021	0.0335426312764829
0.382266023647304	-0.83226921558566	0.0057317245651434
-0.718472965792455	-1.37195950381864	-0.0223597822022589
-1.74513316450751	-2.00625550641735	-0.0475750962092226
-2.60665337113365	-2.66398065380526	-0.0664737666676689
-3.13328330606321	-3.17187454963055	-0.0756973123790504
-2.92410436493232	-3.03455650100699	-0.0729335801733364
-2.27273857233255	-2.18370566840822	-0.0569103052916093
-1.60194145476338	-1.09740866797732	-0.0314658733996739
-1.00472868507957	0.120443074061553	-0.000360272795349155
-0.533635373850219	1.37694348217521	0.0323187616675049
-0.216085992090721	2.56080373607619	0.0622874472821502
-0.0528106594185075	3.49837350627886	0.0837428891264098
0	3.87473783122183	0.0915643563769044
3.55740372199158	0	0.0659920236768678
3.26381527525555	-0.0408145012709909	0.0612335165275247
2.51721987355957	-0.172786162728663	0.0476676510689751
1.51560600170005	-0.441957523841791	0.0276887787455386
0.398146487610763	-0.860770311740371	0.004836806091378
-0.735972061767885	-1.4168522079349	-0.0181995618756061
-1.7977246106094	-2.07277983548879	-0.038878603571905
-2.69635788984987	-2.75861700901732	-0.0544139260190326
-3.25866330144231	-3.30001845097805	-0.06210045140853
-3.04679169880943	-3.16836605413631	-0.0602898608870771
-2.36353547555466	-2.27645263918405	-0.0471444007450128
-1.66489741977409	-1.14499603496059	-0.0262252633687874
-1.04581752177996	0.117388620796355	-0.000551305080310059
-0.557720775258315	1.41908250028573	0.0264695260042174
-0.227538290205428	2.64997863240258	0.0513137410072768
-0.0563877965026341	3.63321117516886	0.0691881367370554
0	4.0332707731856	0.0757249207936556
3.65436232440022	0	0.0505628880094085
3.35235946390671	-0.0425716796052402	0.0470806144676403
2.58197543200819	-0.178799942779093	0.0366852676688297
1.5534067552517	-0.455245878727681	0.0213280006172048
0.409897774499244	-0.883877720102672	0.00381467485747904
-0.750309737801579	-1.45280605419554	-0.0137909941173045
-1.83935357651325	-2.12560035222025	-0.0295916956402834
-2.76679344454935	-2.83330269446878	-0.0414702443182669
-3.35808326537415	-3.40185996724999	-0.0474277873993238
-3.14654735843957	-3.27775959983487	-0.0464580598592725
-2.43747459931463	-2.35287659852881	-0.0364055937355865
-1.71591189406361	-1.18425982073871	-0.0203822630111756
-1.07890933151577	0.114617007148046	-0.000641516854120799
-0.577038432985551	1.45292485591152	0.020164267617671
-0.236745169860962	2.72144971198175	0.0393390244851804
-0.0592965764684518	3.74109715891405	0.0532204242129433
0	4.16097337836484	0.0583029151430862
3.72325422691986	0	0.0340681153797695
3.41705172021929	-0.0438686778306539	0.0319593336225251
2.6282001570072	-0.18346174790286	0.0249817076270489
1.57909580499704	-0.465556242717013	0.0145383548906231
0.416722908179654	-0.901418243119668	0.0026730864904084
-0.761686674007923	-1.4794200867692	-0.00921775468427408
-1.86960686130067	-2.16396599399174	-0.0198878200644762
-2.81687577587914	-2.88677764625461	-0.0279192075184276
-3.42937267989571	-3.4751965245641	-0.0319611462486678
-3.22085358032502	-3.35977768030654	-0.0316286442547505
-2.49237583252554	-2.41032188364936	-0.0248428948489265
-1.75325753770213	-1.21313742314499	-0.0140071463617676
-1.1027462140215	0.113454619702849	-0.0006068129243467
-0.590776431051086	1.47890444972604	0.0135292802132145
-0.243275856053349	2.77463866714934	0.0265923834708051
-0.0613712357711865	3.8204325326443	0.0361648968638535
0	4.25492903681762	0.0396210890121989
3.76302236538598	0	0.0169011935072232
3.4564461572945	-0.0445372628403498	0.0161210775143925
2.65475795830593	-0.186604823867256	0.0127060794939205
1.59233441068776	-0.47259238737906	0.0073931384809275
0.418818125790405	-0.912942889131072	0.00139621691537725
-0.769496373504079	-1.49607096690637	-0.00458470523887677
-1.88734827109946	-2.1869004983418	-0.00995524503420848
-2.84517929879447	-2.91771686901138	-0.0140211588980719
-3.4703138443345	-3.51756006078767	-0.0159214208644486
-3.26814403398574	-3.41274047561104	-0.0161601242989864
-2.52655950067334	-2.44687899117007	-0.0126413294782599
-1.77566582702075	-1.23029626498074	-0.00716744987358073
-1.11655153024661	0.114400112526317	-0.000393639711889284
-0.598539039565516	1.49676294493698	0.00674329667632392
-0.246973048095359	2.80873992146382	0.0133652980102069
-0.0625667505889073	3.87043066911637	0.018359365423727
0	4.31300046468161	0.0200256905388751
3.77874028045313	0	0
3.47501387616706	-0.0436249051213475	0
2.67191987161899	-0.18546740667239	0
1.60709345948182	-0.471616240733666	0
0.431187981541966	-0.911878837402759	0
-0.759987546911368	-1.49520414531199	0
-1.88201593939355	-2.18729091347838	0
-2.84564017800745	-2.92119266515685	0
-3.477029764012	-3.52531134160855	0
-3.28384836163927	-3.43041828131436	0
-2.54092653675585	-2.46454888793027	0
-1.78790767698903	-1.24524573043296	0
-1.12631153832119	0.102699653245041	0
-0.605601927268594	1.48934386991157	0
-0.251440207482514	2.80714456851603	0
-0.0645920710020141	3.87818622465756	0
0	4.32626872386582	0
