0	0	0
0	0	0
0	0	0
0	0	0
0	0	0
0	0	0
0	0	0
0	0	0
0	0	0
0	0	0
0	0	0
0	0	0
0	0	0
0	0	0
0	0	0
0	0	0
0	0	0
0.020249297508262	0	0.0312179076851107
0.0120171380183185	-0.00414216083764707	0.0290128470181968
-0.00450480263655652	-0.0108251427512543	0.022975309150043
-0.0249192978709642	-0.0208520689879628	0.0139768625090491
-0.0475572434101679	-0.0346972336810828	0.00321147466948308
-0.0690992252096341	-0.0515591465490799	-0.00780042442749552
-0.085628347342125	-0.0690915767368534	-0.0174157051295205
-0.0937079581301557	-0.0835550347439072	-0.0242766568176405
-0.0912673485170958	-0.0906220777701897	-0.0268300550662462
-0.0793880765091356	-0.0874232073603888	-0.0244042689705
-0.062003583155165	-0.0743313073876501	-0.017498449171487
-0.0436982693394588	-0.0543800173616452	-0.00770017130448543
-0.0276424824733844	-0.0315726380724265	0.00359870407967135
-0.0155861383899331	-0.0101815959237783	0.014645930245721
-0.00772978570962166	0.00607514156890119	0.0237730309843268
-0.00318214365435717	0.0136911982186831	0.0296447467244407
0	0.0137180246176673	0.0314142406106588
0.111844304260438	0	0.0594446564686572
0.08837066038226	-0.00843560674085768	0.0554670668999919
0.0423949622270103	-0.0234605856498143	0.0439181835424879
-0.0217559225041241	-0.0495156206807687	0.0265123104800979
-0.0968739481986076	-0.0888119318586394	0.00568501294756754
-0.171215384198868	-0.139301891670902	-0.0155474204664325
-0.231459606296496	-0.193911197384912	-0.0339641896001774
-0.266210579496289	-0.241342932829217	-0.0466516048224796
-0.268769117452285	-0.2681874639397	-0.0513163180196138
-0.240463489661447	-0.263923579673508	-0.0469666968717078
-0.191355862473424	-0.226578546050099	-0.0342886592754598
-0.135419438264696	-0.16349591539781	-0.0155306758920984
-0.0844308017105598	-0.0870654662575086	0.00628372126742045
-0.045457048290144	-0.0113797136517235	0.0277500492272623
-0.0204541496603274	0.0504595998856911	0.0456159785496953
-0.00721541246011885	0.0866407517147657	0.0572908044770483
0	0.0895890462162836	0.0613485676257396
0.271173743890621	0	0.0846624776175518
0.23285960782357	-0.0103450336291852	0.0789137449339859
0.15415564655065	-0.0315955555306372	0.0622054052645891
0.0401473573135292	-0.071812158083534	0.0369344263881065
-0.0952674246996595	-0.134847381075245	0.00670081054644824
-0.230861420612638	-0.217101615783272	-0.0240716276907394
-0.343000475327003	-0.30630903140495	-0.0506998150636075
-0.411416514020401	-0.382917045039473	-0.0689395159226469
-0.42489612118142	-0.424583749158158	-0.0756724366254911
-0.385306676327585	-0.41347542893195	-0.0696185249513938
-0.308626359427576	-0.345216253393124	-0.0516265600878582
-0.217762190593724	-0.230728457930882	-0.0246477954524795
-0.133509035256379	-0.0913485903417377	0.00698512571023032
-0.0690777087709835	0.0477071777674778	0.038299559244917
-0.028657971794755	0.162706902631077	0.0645175630614648
-0.00882029136327016	0.232901591201132	0.0817980518185087
0	0.242696546720443	0.0878655165024947
0.472452415307431	0	0.107208500150924
0.421457880808346	-0.0113197821138692	0.0998045033853058
0.305022463326973	-0.0384857076938708	0.0783578787905638
0.134323986243464	-0.0931581228598765	0.0459227185975304
-0.0688729180712387	-0.180610160579249	0.00714768374649298
-0.2730081258199	-0.295324526522626	-0.0322761527947816
-0.443490039099445	-0.419383759605677	-0.0663589323438112
-0.550823426503124	-0.524561231851458	-0.0896938746296712
-0.578778799445888	-0.578928094463309	-0.0984032590088213
-0.529621320971588	-0.556850982102765	-0.0908892573087491
-0.425761053683183	-0.451659830889531	-0.068136198392711
-0.299653843344784	-0.278430475226351	-0.0337431836089995
-0.181482165155616	-0.0678715957786237	0.00682273553830242
-0.0911653373726837	0.142498104360151	0.0471924976857598
-0.0354978623971591	0.316850380501807	0.081167978098884
-0.00970545146904958	0.424938679843922	0.103706579840055
0	0.447296848821633	0.111651089580734
0.702244540834473	0	0.127279051767237
0.639045811310814	-0.0123519569732013	0.118383184285666
0.479365412417462	-0.0462677945876785	0.0927015233116162
0.243910073122355	-0.117346572953105	0.0538906672133614
-0.0359228305227087	-0.23217813963918	0.00754292365999233
-0.317061681138169	-0.382952298777849	-0.0395352848337417
-0.553057536387352	-0.54551650659902	-0.0802217819790112
-0.704600943705783	-0.682284252509997	-0.108104807801659
-0.749721677275311	-0.750678656371941	-0.118629841390487
-0.690712351349916	-0.716068667763199	-0.109875262006851
-0.557083549811003	-0.56910287830035	-0.08295463339751
-0.391988503777999	-0.329631099161265	-0.0420107000786399
-0.235959862099284	-0.0385106538663099	0.00650836593726823
-0.116528786437457	0.252963613865801	0.0550167702531767
-0.0436224264130525	0.49501894747302	0.0960354830450351
-0.0109492113883236	0.647148867038286	0.123390818614806
0	0.687896374359921	0.133073953872761
0.95656182286763	0	0.144924614193168
0.879514349113052	-0.0136806420825393	0.134706497021168
0.671657890821915	-0.055324030482135	0.105316514554982
0.363640586334449	-0.145040723055644	0.0609441878732308
-0.00160587806445174	-0.290695295072266	0.00801684754643143
-0.368200683720558	-0.481837114659252	-0.0457006026875921
-0.676922872334158	-0.687515635577091	-0.0921301201403261
-0.878004949227382	-0.860064387207903	-0.124008433309218
-0.942797887645634	-0.945027131698268	-0.136163866143039
-0.87306586915644	-0.897199876281876	-0.12638430145294
-0.706144933751961	-0.703998989814497	-0.0958922967971814
-0.497394397181048	-0.390960408414969	-0.0492662914401848
-0.298773617812603	-0.00995659875804991	0.00621218569889408
-0.146297095112116	0.372666988645412	0.0619204024535485
-0.0535532659786089	0.691549146647909	0.109243535326197
-0.0126481043888603	0.894941760240259	0.140942473794142
0	0.957778728560024	0.152183099581403
1.23335885033853	0	0.160145497485453
1.14000909223285	-0.0152447312097526	0.148774661843946
0.879824531542739	-0.0653912546014755	0.116192003424875
0.492564667868677	-0.175636780023768	0.0670686400149483
0.0342616955305905	-0.355125898044715	0.00855055828501074
-0.425311042172147	-0.590515749470144	-0.0507997640365438
-0.81345222539769	-0.843651785471331	-0.102125567290331
-1.06932078041296	-1.05618145502132	-0.137464040323326
-1.15652310664467	-1.16054612294022	-0.151082145889534
-1.07534554008362	-1.0991209965838	-0.140499185996478
-0.871572513844858	-0.855350853752535	-0.106993288886009
-0.614742016499952	-0.461899788451818	-0.055542913459781
-0.369207956513938	0.0174040918289451	0.00590985262284857
-0.180063631565496	0.500416393852772	0.0678862300040909
-0.0649959832435406	0.905018912642037	0.120780272931554
-0.0146021021821147	1.16682152192117	0.15634578884337
0	1.2535941260006	0.168946652781924
1.5296906906019	0	0.172932706863929
1.41768387934395	-0.0169903891739133	0.160581704824035
1.10155679801314	-0.0762736730854343	0.125310387668039
0.629744756475532	-0.20852116705519	0.0722337163182211
0.0723606824713324	-0.424196977043663	0.00910535218568861
-0.486322443711288	-0.706968966758245	-0.0548847945301747
-0.959881438942848	-1.01141706203199	-0.110267129610799
-1.27562396218102	-1.26792848625843	-0.148544905299938
-1.38840176700901	-1.39480618287185	-0.163447691262266
-1.29520131456906	-1.31943268023806	-0.152312343397815
-1.05112387687342	-1.02089307788249	-0.116315963659464
-0.74231071715542	-0.540887791395575	-0.0608886601950453
-0.446299339536619	0.0437203724504338	0.00555710461963927
-0.217398464645278	0.635094474918751	0.072871742106079
-0.0777065415293094	1.13383018367843	0.130612906440587
-0.0167160902017661	1.46065500756034	0.169576312182846
0	1.5722934257956	0.183356753229904
1.84197885168907	0	0.183298636983087
1.70930952834705	-0.0189456417411125	0.170124966824281
1.33382766406916	-0.0879871939842305	0.132669070305341
0.773365797653542	-0.243372567229327	0.0764223950608701
0.11265968458354	-0.496912838718598	0.00965556725732672
-0.549597948238069	-0.829366790128826	-0.0579857673292297
-1.11384782302643	-1.18846063788053	-0.116628311736959
-1.49464062746457	-1.49313637382011	-0.157322318853488
-1.63693081853784	-1.64640617002748	-0.17326080651008
-1.53067621545993	-1.5563694788831	-0.161855117127312
-1.24274107309768	-1.19860483478718	-0.123925233234166
-0.878594505838652	-0.626805843684414	-0.0653217197044447
-0.529354914770001	0.0684878840884494	0.00514352435878747
-0.25821285508136	0.774655398074475	0.0768762962448386
-0.0918625037566049	1.3751331601165	0.138720362958454
-0.0190894784524396	1.77354119164136	0.18063021643832
0	1.91118984985925	0.195404275346504
2.16651063690013	0	0.191252609989811
2.01158206899854	-0.0211103566148397	0.177405801068196
1.57356502490128	-0.10052951995236	0.138249765474682
0.921295303240943	-0.27999357706892	0.0796381257783449
0.154685244246013	-0.572465208478136	0.010185847317409
-0.6139175586874	-0.956102847618477	-0.0601203941930665
-1.27311342581554	-1.37260093735774	-0.121210579009484
-1.72463250469773	-1.7298268246557	-0.1638421348293
-1.90183544067521	-1.91453030638703	-0.180746042546295
-1.78041242843462	-1.80934652455266	-0.169088880260469
-1.44434468304974	-1.38666512048036	-0.129820014625772
-1.02210451586585	-0.718728463016312	-0.0688323578658872
-0.617690680308896	0.0909623409988945	0.00467731579875011
-0.302408642361492	0.916728054691618	0.0798627898706449
-0.107483911386259	1.62546458729824	0.145031907853391
-0.0217827595617303	2.10175615371719	0.189485521668261
0	2.26738723699468	0.205138827867456
2.49963158497342	0	0.196806868466931
2.32097505567309	-0.0234663088171339	0.182391775286121
1.81768346125386	-0.113801343180064	0.141991953246606
1.07160617096097	-0.318033503810971	0.0818463477831024
0.198051161582983	-0.649959102737776	0.0106801272547435
-0.67807869169927	-1.08552896718891	-0.061305325641901
-1.43549381554977	-1.56162030428592	-0.124034902302613
-1.96395855752247	-1.97632101369364	-0.168025123860295
-2.18221654281526	-2.19820108256591	-0.185988789367861
-2.04326485403554	-2.07756852986975	-0.174151525619577
-1.65386287451233	-1.58315679950033	-0.133970745515557
-1.17122789658537	-0.815542714147359	-0.0713930462241072
-0.710512842293888	0.110465425089364	0.00416156898583546
-0.34994961516239	1.05834098472653	0.081778975332296
-0.124988879931867	1.88028549856325	0.149425441901411
-0.0250245784207248	2.44123702330491	0.196066395688744
0	2.63755486585448	0.212453368894286
2.83716488772105	0	0.199923841782466
2.63299926856409	-0.0262012566080617	0.185034347612591
2.06232524569065	-0.127908019747436	0.143829163330168
1.22217953157574	-0.357120227223477	0.082970126158948
0.242450122380537	-0.728387627358925	0.0111081519210557
-0.740806004198265	-1.21587122238707	-0.0615550243164522
-1.59849038918002	-1.75297104703647	-0.125096476419869
-2.21061742688343	-2.23021996601718	-0.169972938930156
-2.47613894711893	-2.49651335678792	-0.188777242696684
-2.31729578711875	-2.35896517193583	-0.177080577628337
-1.86910355108307	-1.78579747007582	-0.136351210069113
-1.32425357490911	-0.915890986186088	-0.0729788025252555
-0.806948325917879	0.126581134741776	0.00360545097618441
-0.400772268060165	1.19691997801919	0.0826172988217029
-0.144921950427688	2.1348040679593	0.151978033778308
-0.029940127217113	2.78626335724032	0.200157707647947
0	3.01763690667899	0.217124324853083
3.17452901098925	0	0.200295859078112
2.94282019504449	-0.0300267157479826	0.185359266297045
2.3028604098729	-0.143303515604442	0.143739518114066
1.37036952432934	-0.397128560369244	0.0829640983402377
0.287295523143917	-0.80685607305002	0.0114245050183233
-0.801056639755322	-1.34546827382001	-0.0609055501093292
-1.75972208853172	-1.94423796632093	-0.124407631664752
-2.46124549351979	-2.48855190975943	-0.169633303060865
-2.78097833054303	-2.80658294691059	-0.18904202255722
-2.60009442188356	-2.65096331349356	-0.17767798754549
-2.08772739336991	-1.99218526956664	-0.136928237263085
-1.47938878263346	-1.01837833550144	-0.0735785334775161
-0.905900204343545	0.139270713567889	0.00301915248058125
-0.454456503642841	1.33068065174057	0.0823713867129482
-0.167038933587496	2.38671997409697	0.152646506184412
-0.0357693131264382	3.13268997949778	0.201607457882013
0	3.40216528532115	0.218809214905031
3.50715586318533	0	0.197695385989771
3.2466416082011	-0.0345783601285158	0.183123318673308
2.53597129841364	-0.159975899193775	0.141799237550197
1.51371381858323	-0.437824122127156	0.0818293283104846
0.331705964321757	-0.88456070825649	0.0115925334029812
-0.858305437628171	-1.47284908909802	-0.0594040540473756
-1.91725582475185	-2.1331166324853	-0.121994606435197
-2.71275894225677	-2.74818523748054	-0.166970750102875
-3.0934439188169	-3.12468075455809	-0.186635915820082
-2.88860027229958	-2.95071318755944	-0.175731137444771
-2.30744470107905	-2.2004937769512	-0.135659203624397
-1.63486263016152	-1.12199165443826	-0.0731905991549227
-1.00603194627109	0.148706114609062	0.00240462939704702
-0.510081262400897	1.45872340382269	0.0810178996374973
-0.190717609992875	2.6340706702241	0.151227785183528
-0.0417259395064914	3.47937603092034	0.200210138997389
0	3.78836601944928	0.217390226801927
3.83152038102789	0	0.192122302845935
3.54148371633393	-0.0392179825321975	0.178059197165009
2.76017084704299	-0.177406411111461	0.137976687413011
1.65069037462697	-0.478647225690673	0.0795632888239555
0.374841656662545	-0.960643597432947	0.011586816352429
-0.912447067810043	-1.59666681764925	-0.0570862442508231
-2.06968536828548	-2.31744372479573	-0.117853813724875
-2.96147410276163	-3.00518653835103	-0.161871373863047
-3.40999766833244	-3.44646690762808	-0.181470016998036
-3.17947645759819	-3.2556033437454	-0.17113674357232
-2.52592902536181	-2.40929309229978	-0.132473237509121
-1.78892981724711	-1.22606175370801	-0.0717904534139787
-1.10589834483962	0.154991912419893	0.00176132617564987
-0.566446737389716	1.58049021478754	0.0785081659019895
-0.215202110234533	2.87434008304362	0.147570159904467
-0.0477438456500637	3.82329691918615	0.195816619950505
0	4.17426646309263	0.212802227858485
4.14524145886639	0	0.183649711602456
3.82487055156405	-0.0437607460977206	0.170231263490482
2.97408936602821	-0.194697679863893	0.132060500261072
1.7804746053861	-0.518645958171344	0.0761456283000904
0.416089223266366	-1.03406014675303	0.0113994321206394
-0.963316805309681	-1.71544639794135	-0.0539629702180356
-2.21552244691704	-2.49486066659251	-0.111963347768762
-3.20296313400661	-3.25505100494498	-0.154249720253301
-3.72445041388757	-3.76555789675681	-0.173399973703346
-3.46865539283889	-3.56168215045884	-0.16387623198445
-2.74064568950039	-2.61672958204391	-0.127270532986493
-1.93972661538134	-1.32981839910758	-0.0693135980792821
-1.20403566158304	0.158115780810198	0.00110777827194929
-0.622498971652513	1.69491648854344	0.0748082680064401
-0.240007969096702	3.1043723765491	0.141577361076076
-0.0539214605499553	4.15822940869688	0.188400144522917
0	4.55392204186804	0.204971374659996
4.44448080025018	0	0.172328890346275
4.09384045686726	-0.0479226527809886	0.159707775864111
3.17555751631997	-0.21126675269625	0.124019308240732
1.90210612640357	-0.556868464095153	0.0715417074664399
0.45496839800922	-1.1036444791822	0.0110054100378744
-1.01052037433982	-1.82756768520496	-0.0500590494627811
-2.35261847473724	-2.66265678315027	-0.104353584940673
-3.43247761340728	-3.4930694099864	-0.144139890925264
-4.02872325641375	-4.07447401099331	-0.162404285506426
-3.75061951945543	-3.86242927570141	-0.153989599444969
-2.948472722648	-2.81980425092264	-0.119995477664754
-2.08509349171509	-1.43196846719338	-0.0657043220065241
-1.29887889773193	0.158132444759675	0.000475311607632907
-0.677245583741608	1.80054927033954	0.0699277475779714
-0.264841446519221	3.32018999052599	0.133204289414578
-0.0604532949147152	4.47686378519369	0.177935416580376
0	4.91875427877295	0.193876376470929
4.72300929393744	0	0.15827036917002
4.3437145558192	-0.0517778354080483	0.146600862707539
3.36165750165474	-0.226799773265001	0.113907735927409
2.01407092412602	-0.59257672619932	0.0657558087368138
0.49087178998029	-1.16827976912568	0.0103831281818547
-1.05361409733735	-1.93135800192437	-0.0454231477382808
-2.47882780452299	-2.81806916694015	-0.0951091203136766
-3.64532055779985	-3.71448097993786	-0.131658761307439
-4.31523500833867	-4.36571124525914	-0.148628579453365
-4.01907199403598	-4.15041740712182	-0.141591795693024
-3.14574181840415	-3.01493621724577	-0.11066828755097
-2.22255937860767	-1.53080388864814	-0.0609468685398638
-1.38869649187891	0.155350249826084	-0.000101218536422682
-0.729540086781892	1.89626102620708	0.0639234696057606
-0.289169357054462	3.51852799814318	0.122539314943949
-0.0675694147397526	4.77273850798021	0.164278248851832
0	5.26048750376078	0.179413754646017
4.97468276593574	0	0.141646685799374
4.56929613523303	-0.0554341974683816	0.131070009125365
3.52912722513279	-0.241114332778947	0.101849526299474
2.11453970748566	-0.62519035349037	0.0588370291180019
0.523073565833825	-1.22693803703167	0.00952260406156026
-1.0921884874619	-2.02519683901084	-0.0401225368152355
-2.59220191823465	-2.95848579708902	-0.0843586548234523
-3.83731774983616	-3.91493288328719	-0.117004062334886
-4.57708303995247	-4.63233839311601	-0.132293051575563
-4.26752019639616	-4.41834985378088	-0.126773005497595
-3.32849703668882	-3.19797076449314	-0.0993551906825808
-2.34953229563909	-1.62428679955944	-0.0550486086793535
-1.47165293200582	0.150329844321835	-0.000585178857794388
-0.778069460986428	1.98130774954219	0.0568699121752878
-0.312037969776049	3.6973230849226	0.109688663972618
-0.0745086697348628	5.04139732034213	0.14755038497823
0	5.57283706882432	0.161401786071841
5.19443348818874	0	0.122453227569257
4.7663530180266	-0.0590881195474181	0.113338131940805
3.67504845700321	-0.254072753184461	0.0880134835245133
2.20172981160907	-0.6542231476391	0.0508749207852605
0.550821032461688	-1.27870070327807	0.00842774733310021
-1.12589603106354	-2.10757899367875	-0.0342403272915187
-2.69100759061548	-3.08150178376727	-0.0722715720368016
-4.00492095634606	-4.09059870604616	-0.100402818173479
-4.80823851198469	-4.86818356413857	-0.113709452746647
-4.48997677477012	-4.65947367021754	-0.10969924994117
-3.49262615292062	-3.36429102720713	-0.0861978774702917
-2.46330883638382	-1.71000458764707	-0.0480526779335942
-1.54589517954964	0.143844812402323	-0.000947040283025323
-0.821570108909401	2.05499561503988	0.0488615016620077
-0.332637172537796	3.8543664275704	0.0948080111614953
-0.0808425375584953	5.27888747423895	0.127947629234634
0	5.85052937914136	0.140115483015357
5.3786027870524	0	0.100895721636613
4.9322408511496	-0.062398832139789	0.0935304909266147
3.79733590097004	-0.26535477986734	0.0726279554834526
2.27413357988729	-0.679183963640414	0.0419992113963667
0.573411895631628	-1.32274518501065	0.00711824213832374
-1.15445760980809	-2.17716553937882	-0.0278709610625066
-2.77374431547902	-3.18497775339315	-0.0590521545893303
-4.14513611206515	-4.23815557025242	-0.0821537615806061
-5.00355522565941	-5.06789226307673	-0.0932041030981243
-4.68129119799681	-4.86788148862248	-0.0906016225768327
-3.63421835433729	-3.50941935172429	-0.0713730933085395
-2.56122131789569	-1.78537905248414	-0.0400383699172438
-1.60960893671998	0.136838871605441	-0.00116655487496443
-0.858871627288993	2.11667597321427	0.0400177086045592
-0.350375238587151	3.98700603171939	0.078114750850765
-0.0863425662915184	5.48033916440346	0.105740961938989
0	6.08782874778602	0.115928362760774
5.52400636060725	0	0.0773175836491694
5.06507221428703	-0.0650794832087867	0.071922398791035
3.89428824997681	-0.274613053743001	0.0558990036192241
2.33035016878926	-0.699682215561176	0.0323524313261291
0.590031676727989	-1.35846061246086	0.00561898750742679
-1.17784523269516	-2.23292089302696	-0.0211211630978618
-2.83931673285514	-3.26720162479027	-0.0449413447166896
-4.25538937614874	-4.35473210337594	-0.0625908929995403
-5.15863451705547	-5.22681248902673	-0.071132436672663
-4.83706938114938	-5.0384662946832	-0.0697643856071471
-3.74965239175961	-3.62909654897745	-0.0550938003029945
-2.64061944759637	-1.84758249826848	-0.0311099478441531
-1.660943811434	0.130691535954414	-0.00122689592200936
-0.888800523421038	2.16616337522816	0.0304842130884907
-0.364648447616242	4.09320616670415	0.059891485337064
-0.0908234335462925	5.64138062337273	0.0813566708498131
0	6.27892555907241	0.0892919800963143
5.62727979016	0	0.0521014144236955
5.1620975993295	-0.0670557845404863	0.0488270215255586
3.96346069708813	-0.281791209427609	0.0380669337916037
2.36850151936164	-0.71558687784365	0.0220534428464917
0.599506118003435	-1.38557310023177	0.00394116548295603
-1.19631281690479	-2.27420383208215	-0.0141185900730192
-2.88700568528782	-3.32695680988984	-0.0302014126645542
-4.33387743531272	-4.43826540597357	-0.0421284149449301
-5.26993585335457	-5.34134115027273	-0.0479102367802778
-4.95326450440802	-5.16650208744879	-0.047469194319231
-3.83544404411348	-3.71909739389925	-0.0375845627618372
-2.69877946223822	-1.8933693177973	-0.0213752192575592
-1.69793533267621	0.127482519605049	-0.00109299965687313
-0.910091251488957	2.20418356176082	0.0204524261121651
-0.374782263169086	4.17218985752321	0.0404883870342766
-0.0940282982600593	5.75969961584058	0.0552940759053808
0	6.41954334630823	0.0607027847488791
5.68688661476145	0	0.0258513920058782
5.22115622849114	-0.0680753959527225	0.0246308719859338
4.00315749942797	-0.286637721647678	0.0193608511628318
2.388084061027	-0.726445983485702	0.0112142763244605
0.602142042790777	-1.40339115735119	0.00206015477055278
-1.20891191122805	-2.30003977509299	-0.00702329096713739
-2.91502151072768	-3.36269537498173	-0.015117119433341
-4.3783082945888	-4.4866146677294	-0.0211542140991075
-5.33384065795715	-5.4074640702682	-0.0238583165655693
-5.0273154857954	-5.24923812507811	-0.0242453461657945
-3.88890225369412	-3.77636574353468	-0.0191215521392604
-2.733696379342	-1.9206238212754	-0.0109367017827352
-1.71936274494063	0.128033100614681	-0.000684865274866371
-0.922117189474713	2.23042031545626	0.0101932603727412
-0.380516948130238	4.22285184891385	0.0203506916343568
-0.0958781027444019	5.83421657952363	0.0280734213737298
0	6.50656716823499	0.0306942548798946
5.71038442876232	0	0
5.24889855526993	-0.0666845139058381	0
4.02878241319014	-0.284913345733298	0
2.41010597763547	-0.724981761634263	0
0.620530247562702	-1.40182906041515	0
-1.19490083245404	-2.29883962193226	0
-2.9073623969446	-3.36348106655512	0
-4.37934572729865	-4.49210187252446	0
-5.34408187237759	-5.4192444190055	0
-5.05186916920561	-5.27680227992767	0
-3.9112998681852	-3.80376368817663	0
-2.75264295524814	-1.94358194348819	0
-1.73440608889912	0.110208733324726	0
-0.932990084662917	2.21917400472532	0
-0.387386147391632	4.22047005756989	0
-0.0989725851172673	5.84601104017051	0
0	6.52684877587417	0
