0	0	0
0	0	0
0	0	0
0	0	0
0	0	0
0	0	0
0	0	0
0	0	0
0	0	0
0	0	0
0	0	0
0	0	0
0	0	0
0	0	0
0	0	0
0	0	0
0	0	0
0.052154698575891	0	0.0790121216719573
0.0312976336909037	-0.0105538847393916	0.0733423528324354
-0.0114028266990371	-0.027674907339815	0.057817436799778
-0.0643032395709275	-0.0534587728024137	0.0347296252578397
-0.122518440730757	-0.0889584642401	0.00721160206056052
-0.177272070675563	-0.131903730074705	-0.0208074375896947
-0.218721241957008	-0.176223535471236	-0.0451586174715918
-0.23854854685211	-0.212549194919842	-0.0624674194022286
-0.231868238273713	-0.230158952273036	-0.0688799228472537
-0.201625680002441	-0.222052666400438	-0.0627447152408021
-0.157698215493166	-0.189218461713314	-0.0453121560382658
-0.111508120666555	-0.139185719677933	-0.0205492685192875
-0.0708397946617303	-0.0816582492878029	0.00809410846339239
-0.0400690867215822	-0.0271015205524591	0.0362152134350556
-0.019864309110436	0.0149820843892819	0.059552578344244
-0.00816372053074214	0.0351138335955344	0.0746295057747715
0	0.0364108634412723	0.0792171937390251
0.286370173332236	0	0.150556209218702
0.226732091338232	-0.0215201260706466	0.140268497566304
0.107709804872739	-0.0601515364733962	0.110513078244244
-0.0582104046784447	-0.127286042558216	0.0658318515308574
-0.251060730004071	-0.228126506546356	0.0126501819109579
-0.440107880957866	-0.356827360996209	-0.0412142850167214
-0.591815492537629	-0.495104489093944	-0.0876164792009729
-0.678346320226297	-0.614604886051786	-0.119378812283033
-0.683679285769707	-0.681997038061045	-0.130967147242724
-0.61163423595461	-0.671286642460891	-0.120038460806422
-0.487417469946403	-0.577531230842038	-0.0882696860584478
-0.34598774668158	-0.418959681250516	-0.0411209795147717
-0.216575244107868	-0.225764900190853	0.013994299255654
-0.116995308084835	-0.0327018228679366	0.0685622329286473
-0.0526720054925035	0.126800653372719	0.11425512867468
-0.0185490832403418	0.22124815948848	0.144264914325086
0	0.231885119812806	0.15472068078289
0.692978003692769	0	0.214747540241741
0.595432373859246	-0.0264193573489253	0.199808010268237
0.391144191406223	-0.0812992562994965	0.156651556352235
0.0959135507323986	-0.185319193761493	0.0916583110979395
-0.251836349100813	-0.347449610868374	0.0143642785282998
-0.596448573872496	-0.55724467302577	-0.0637346279413504
-0.87845784976003	-0.782859018355044	-0.130795486313509
-1.04861286024557	-0.975291022592109	-0.176400508385297
-1.08056456636397	-1.07940667729186	-0.193098813580347
-0.97990703716381	-1.05145676400994	-0.177919260044551
-0.786484646865108	-0.88058402140345	-0.132906799999727
-0.557119559395456	-0.593357280766682	-0.065141522592774
-0.343322460883217	-0.241415485936748	0.0148065565353846
-0.178472148180011	0.113229066266628	0.094507905562009
-0.0741640895157259	0.410033572237628	0.161692954223489
-0.0227522273302975	0.593692026922388	0.206210339493881
0	0.623806132650824	0.221826637176898
1.20604514526007	0	0.272393253876481
1.07572769725504	-0.0289563885347497	0.253099706813629
0.77298945931122	-0.0994273752502935	0.197560896211138
0.330565484536366	-0.241366499297749	0.113973146103862
-0.191406040870143	-0.466854542432106	0.0146991264980645
-0.709978359694758	-0.759709739677386	-0.0854367897748387
-1.13812789528161	-1.07317376457973	-0.171282653272989
-1.40460735422369	-1.33659479416929	-0.22960229402951
-1.4718668244993	-1.47170586048423	-0.251195281245629
-1.34704529108134	-1.41610266030607	-0.232388958448612
-1.08574716098417	-1.15336805062305	-0.175517006513939
-0.767879680835664	-0.719565162942225	-0.0891334055983245
-0.467992434271244	-0.188445448435606	0.0134753943832186
-0.236521378668161	0.347988725561417	0.116386555254927
-0.092363201772883	0.79834342386009	0.203632603930774
-0.0251222098963025	1.08185704866744	0.26182242202168
0	1.14594315234803	0.282304870003492
1.79106909037779	0	0.323928682967247
1.62873814888909	-0.0316693590784219	0.300702660755627
1.21316387821565	-0.120010017612691	0.234020199177923
0.60268565566693	-0.305153216018039	0.133800973843417
-0.116296756947419	-0.601981597470669	0.0149859615579307
-0.830409915532638	-0.987459977717959	-0.104650819842876
-1.42269870777851	-1.3982236496728	-0.207093972226826
-1.79858882560366	-1.74019097540913	-0.276701930647672
-1.90778046232204	-1.90949288600588	-0.302759664920855
-1.75810806787531	-1.82230068632335	-0.280900407158454
-1.4224594894952	-1.45571990190446	-0.213719563933677
-1.00651224898399	-0.856688024872539	-0.110946415012273
-0.610210786782707	-0.122744880798764	0.0118315537913944
-0.303470515511695	0.620514039405302	0.135659315830033
-0.114026030951107	1.24609544253458	0.241204612829864
-0.0284185357827308	1.64556493304266	0.311991493217411
0	1.75831991841849	0.337045350243146
2.43741835160602	0	0.36946441587396
2.23847785493982	-0.0351706143110432	0.342729116917111
1.6972351709787	-0.144041392527026	0.266211420179525
0.898626389410178	-0.378430433781583	0.151399630709086
-0.0399473238350296	-0.755905736481174	0.0155606749798811
-0.971302020804756	-1.24555840960112	-0.120971101785326
-1.746057335851	-1.76573902033642	-0.237768979367187
-2.24470111546286	-2.19697262085884	-0.317193901338551
-2.40204821810871	-2.40682715264331	-0.347204689146714
-2.22531726067053	-2.2863282356036	-0.322861921179556
-1.80633551427235	-1.8047788724268	-0.246959301925641
-1.28017888000228	-1.02213324586945	-0.130076140514538
-0.7748919179244	-0.0616818256553212	0.0103120351964478
-0.382284799109332	0.91417919809273	0.152686530394335
-0.140500189583277	1.73854600691015	0.274701476058092
-0.0328963503925756	2.27255175734855	0.356937514764559
0	2.44326544095307	0.386144504017367
3.13931452839743	0	0.408990794458431
2.89720740433628	-0.0393039654587721	0.37916211206059
2.21953731958293	-0.170858628887091	0.294098773872138
1.21568353156003	-0.459700376727914	0.166731597494257
0.0378553975127626	-0.926106784986755	0.0163786942277337
-1.13015994256714	-1.53053875307662	-0.13446412597786
-2.10452481996613	-2.17175185662062	-0.263408797809499
-2.73913677467211	-2.70311469468076	-0.351218283857351
-2.95146095490647	-2.96066042392177	-0.384705363993129
-2.74584899819142	-2.80592530209432	-0.358461987514144
-2.23440929068477	-2.19860263444868	-0.275334748851432
-1.58639705946818	-1.21510182838796	-0.146598752372261
-0.960434710981966	-0.00664086935943926	0.00885868754740892
-0.472014435397058	1.22559871198233	0.167424291083208
-0.1710572650417	2.27161764272784	0.304092838148045
-0.0380484259385279	2.95837502447172	0.396624374792984
0	3.19163178037627	0.429506373603976
3.88872200709788	0	0.442458850607151
3.59726259515251	-0.0439304643234928	0.409962001279204
2.77389229470363	-0.199963610032763	0.317622873030035
1.55126158551752	-0.54741990536618	0.17971756472736
0.118654236053811	-1.10941884408355	0.0173438002785454
-1.30199080702479	-1.83745496032127	-0.145265976412579
-2.49147599654997	-2.61023840499879	-0.284175492427836
-3.27493425839273	-3.25220335696512	-0.37897589498059
-3.55014932306528	-3.56531062013106	-0.415426632858702
-3.31422791779001	-3.37551656973667	-0.387939248955996
-2.70145429806976	-2.63198755320269	-0.298999465189873
-1.92114413742	-1.43211451642476	-0.160636877941531
-1.16459188587529	0.0423814413070475	0.0073624307209067
-0.571653710550384	1.55159079694527	0.179763615476579
-0.205099379077449	2.84079827775701	0.329290604064643
-0.0436324518622968	3.69702292722492	0.430981490441842
0	3.99507191666295	0.467088809853673
4.67608102378016	0	0.469861076823007
4.33009640348886	-0.0491191370559319	0.435088771880366
3.35241884876341	-0.231394188063979	0.336753421615326
1.9006678615898	-0.64077183897511	0.190306843520752
0.202298508302215	-1.30334075819729	0.0183921723602856
-1.48282199167033	-2.16178882759877	-0.153457452270416
-2.9012836579067	-3.07555002562772	-0.300270852687459
-3.84683072432634	-3.83923351573803	-0.400661582466467
-4.19484910137171	-4.2177972160483	-0.439362530795139
-3.92602673773573	-3.9911949357956	-0.411375474777474
-3.20271752057166	-3.10036398268561	-0.318127516786531
-2.28091779958276	-1.67076421172954	-0.172236699002116
-1.38578340431922	0.0838266106960986	0.00580137174727894
-0.681064640162302	1.88671774492506	0.189698056034142
-0.243109619305669	3.43849375974303	0.350222876123119
-0.0499028882166881	4.48061712153738	0.459975545382281
0	4.84620619039806	0.498842930825202
5.49159482634572	0	0.491175801579286
5.0870662912368	-0.0548660877422593	0.454508199190162
3.94722602520966	-0.265136735320633	0.351417340073762
2.25853742112351	-0.739232287332723	0.198498737285453
0.287654306020674	-1.50579676696409	0.0194858762318553
-1.66962965625552	-2.49952315089632	-0.159087422942555
-3.32860619625377	-3.56243440334508	-0.311715424378969
-4.45100333310702	-4.45975377561183	-0.416405037781337
-4.88558733413909	-4.91679872793552	-0.457065078256625
-4.57848208620555	-4.65220462165332	-0.428660868003813
-3.73339289677191	-3.59968684977456	-0.332728093067174
-2.6622045813487	-1.92904119618994	-0.181373726078406
-1.62240482648298	0.115665895198595	0.00420201342919061
-0.800067840375936	2.22485263821066	0.197126763733905
-0.285170013273011	4.05567491291977	0.366682444796612
-0.0570184154084548	5.2992996678301	0.483510205712098
0	5.73720184784293	0.524859743453954
6.32573662592041	0	0.506386934062718
5.85908568218863	-0.0611210950991689	0.468095301333465
4.55050453541543	-0.300923775573926	0.361432066946884
2.62014197841948	-0.841857226626045	0.204195830652807
0.373948043493293	-1.71442305091357	0.0205846592142418
-1.85930021034127	-2.84643908248147	-0.162203478722953
-3.76818291131515	-4.06548876457133	-0.318582821725166
-5.08393684338626	-5.11013515870431	-0.426017390982375
-5.62090231580396	-5.66069432813218	-0.46874346295314
-5.26946969269221	-5.35735454577698	-0.440140342891626
-4.28867384602113	-4.12565746130125	-0.342742186588494
-3.06108002722087	-2.20431942205243	-0.187980170999794
-1.87249190133742	0.136225957740239	0.00257884662785517
-0.928617074542666	2.55854273159726	0.201908542601622
-0.332385115753937	4.68078442623162	0.378318838083867
-0.0655669023002845	6.14249539996871	0.501341570450055
0	6.65922897724168	0.544818820979866
7.16784837427613	0	0.515345097164683
6.63482989958311	-0.0683633963839093	0.47567261986305
5.15268425614852	-0.339006920740429	0.366592892512521
2.98041468588522	-0.947618241063979	0.207190743103422
0.460745320075118	-1.92649897928657	0.021611072981037
-2.04838245534105	-3.19788330320451	-0.162849331507995
-4.21384254978783	-4.57835306004971	-0.320888423113871
-5.74120073344051	-5.78490449196541	-0.429788300740905
-6.39674639875164	-6.44811376035654	-0.473865075906004
-5.99482206648103	-6.10219340985038	-0.44593269654108
-4.86336623913658	-4.67296369425757	-0.348127449062093
-3.47324329973435	-2.49317211176574	-0.191997219734059
-2.13377017451204	0.144722034393347	0.000962414655422327
-1.06653306839353	2.88157382844635	0.204019846289867
-0.386171489826131	5.30185272685528	0.385289304526118
-0.0784320548750703	6.99569229450299	0.512845527987728
0	7.60177530268874	0.558085770693071
8.00644215111282	0	0.517208223298895
7.40228503522881	-0.0784108498183297	0.477252173624385
5.74246254213443	-0.380527990494834	0.366805582586295
3.3331335100296	-1.05609186273936	0.207354494785495
0.547049052070586	-2.13952853078273	0.0224478920525825
-2.23385571426045	-3.54938280575455	-0.16112318040636
-4.65954351179335	-5.09486485850358	-0.318691315879734
-6.41477159438042	-6.47699122130072	-0.427641414647094
-7.20724766429516	-7.27257576928945	-0.472308716581038
-6.74913734729059	-6.88095807319513	-0.445575966204316
-5.45179179514108	-5.23586177365493	-0.348829454512506
-3.89405233746294	-2.79188608826948	-0.193402293181705
-2.4032800821011	0.141524168932232	-0.000614790241068672
-1.21267345530665	3.18985729863944	0.203443531821137
-0.445885106868437	5.91324850760404	0.387466379738032
-0.0936762717847067	7.84838633887928	0.517581508092923
0	8.5509094760782	0.56370102136063
8.83018992566618	0	0.511341692105695
8.15207544245768	-0.090333986022998	0.472174754267132
6.31188270274241	-0.425424037076654	0.362243212330797
3.67263463602643	-1.16655451977248	0.204679373060348
0.631224090048518	-2.35120484381724	0.0229998445427532
-2.41386859226024	-3.89686613216567	-0.157149001956494
-5.10019629545008	-5.60900133681272	-0.312083054554851
-7.09720422261763	-7.17879573207123	-0.41954967904953
-8.04478482524824	-8.12539703409803	-0.46378566117304
-7.52528314473382	-7.68710124326965	-0.438594874388637
-6.04831453226602	-5.80994009428366	-0.344766071107907
-4.31882004795993	-3.09755279219175	-0.192194076196106
-2.67736147860365	0.127669926707915	-0.00214172696516061
-1.36455981545576	3.48160966693263	0.20012216489195
-0.509925660759969	6.51017154942265	0.384315373445928
-0.109273402566375	8.69753078627933	0.515005475186497
0	9.49931459326166	0.561321863194848
9.63039326688236	0	0.497707161619444
8.87690408581655	-0.102501643675683	0.459732094676856
6.85754513038566	-0.472311983611759	0.352820352909898
3.99560275059551	-1.27743591494318	0.199154461567702
0.711778052498165	-2.55905741332481	0.0232005729193006
-2.58751527992622	-4.23650908190707	-0.151018883912904
-5.53179747130547	-6.11491962417114	-0.301073673336536
-7.77922254689128	-7.88036475966656	-0.40530925399524
-8.90098708741278	-8.99621845209423	-0.448190778497708
-8.31532951649555	-8.5145621930538	-0.424804995350171
-6.6470564031855	-6.39157321199952	-0.335781897798068
-4.74282727684743	-3.40797580309168	-0.188309966314372
-2.95201916149612	0.10410951262125	-0.00361337500654832
-1.51894877237962	3.75598689605486	0.193935020842904
-0.576349805376187	7.08656250698406	0.375429560321293
-0.125058277163431	9.53553310257515	0.504690170018437
0	10.4419210464438	0.550751941621587
10.4011642919205	0	0.476467085804697
9.57082963173616	-0.11443164600994	0.440072677435391
7.37636665786609	-0.518836927944413	0.337993215840585
4.3004172712119	-1.3861563614972	0.190726244296378
0.787772443140446	-2.76012719412076	0.0230285567802849
-2.75363070722823	-4.56407102321411	-0.142761459069055
-5.94978623863603	-6.60599649052415	-0.285627673189828
-8.44903637921915	-8.56969202258009	-0.384808010244883
-9.75992828412654	-9.86864466475556	-0.425374645852202
-9.10892100642985	-9.35324992313106	-0.404292018421665
-7.24127583433419	-6.97562677988853	-0.321659375702414
-5.16089547733991	-3.72048028514331	-0.181587230523588
-3.22315148023071	0.0715895561992182	-0.00497612758284066
-1.67294001616919	4.0109898594925	0.18479796863729
-0.643871567898264	7.63506962129431	0.360542924960598
-0.141307324400947	10.3473277785229	0.486490476216406
0	11.3645612324668	0.531716935717189
11.1332000591171	0	0.447716714586063
10.2269276810259	-0.125378177479539	0.413354259536993
7.86338709331685	-0.563451273245828	0.317673210041429
4.58511630339217	-1.49013976422164	0.179303241555826
0.858582136894172	-2.95113890353017	0.0224180358138485
-2.91035071081954	-4.87483535915798	-0.132442522774145
-6.34751953274159	-7.07434334981947	-0.265849094303715
-9.09324938586871	-9.23350684727978	-0.358245445087303
-10.5997459244226	-10.7223217307233	-0.395558338857911
-9.89091735749587	-10.1854053257721	-0.377372792555585
-7.82218304095794	-7.55340254234486	-0.302319416930312
-5.56685737417864	-4.03077336095083	-0.171893444032921
-3.4863130680677	0.0311468205075908	-0.00614661705774743
-1.82375208489301	4.2437844961492	0.172736095264693
-0.711665923639111	8.14660597727065	0.33952009347608
-0.158532028897045	11.1156896217092	0.460267469551464
0	12.2471456935735	0.504052391960304
11.8117422694795	0	0.411698416185283
10.8343517558714	-0.135511447542162	0.379837673179887
8.31191195967297	-0.605300414341035	0.291988619859705
4.8463880251904	-1.58736884250777	0.164890820305748
0.923260207111803	-3.12894212867333	0.0213104570556923
-3.05559268397869	-5.16386815869009	-0.120190156626262
-6.71800747215174	-7.51163294489161	-0.24197831161855
-9.69788931893504	-9.85772951730864	-0.326023824722529
-11.3989364196801	-11.5358825716212	-0.359375329493259
-10.6432070698004	-10.989947064555	-0.344583777974193
-8.37903000943678	-8.11405232960683	-0.27789347578733
-5.95349994257424	-4.3332016969628	-0.159206694762092
-3.73653642297849	-0.0154268516736773	-0.00703758458813409
-1.96815436680943	4.45243883386966	0.157893759549974
-0.778245961095062	8.61401808842396	0.31257650287669
-0.177313496065586	11.8257795682707	0.425606333098991
0	13.0705333941461	0.467408575996744
12.422544994368	0	0.368835551744572
11.3811429403918	-0.14509616718917	0.339912900249394
8.71446395067921	-0.643873827456215	0.261245699635444
5.08015583716899	-1.67624043546503	0.147607857181603
0.980563999741459	-3.29061416458507	0.019675252273521
-3.18730697458954	-5.42631708398568	-0.106181099373257
-7.05451001469166	-7.90970651511553	-0.214362032003478
-10.2497576933034	-10.4287980709661	-0.28872403323179
-12.1370067495171	-12.2886564742477	-0.31760077656309
-11.3463882230565	-11.7453121219541	-0.306382190911155
-8.8997954694634	-8.64466006451219	-0.248638671250377
-6.31306063752593	-4.62097979319474	-0.143570181413303
-3.96850634870952	-0.0656199975855398	-0.00756271247766352
-2.1024574553966	4.63598841297745	0.14045779566829
-0.841005971209055	9.03313693780752	0.279982104103679
-0.195682270132349	12.4676541578283	0.382803266202199
0	13.8203963840454	0.421283301754701
12.9540963749267	0	0.319125771387354
11.8576878477947	-0.154627072286127	0.294151260105934
9.06439896810034	-0.678781731250237	0.225873419266202
5.28245399687748	-1.7553988135725	0.127677839051404
1.02917113399595	-3.43351823072775	0.017515823550258
-3.30359628628185	-5.65760905504258	-0.0906336251838828
-7.35070787303945	-8.26081500140202	-0.183443143033021
-10.7368614078762	-10.9341309811516	-0.246965394392978
-12.7952038170276	-12.9613785334302	-0.271166495771027
-11.9818406174691	-12.4307923168817	-0.263361242496127
-9.37162164500321	-9.13068211443316	-0.214998328202076
-6.63727312920464	-4.88612784584691	-0.125122075528276
-4.17680260959026	-0.116336542913826	-0.00765853708734518
-2.22309064316236	4.79358952113403	0.120663468868252
-0.89771334009033	9.39945180714016	0.242133776901889
-0.212515155770494	13.0326616292594	0.332356080383952
0	14.4849419103317	0.366367168456836
13.3982729567339	0	0.263123788411991
12.2580963675616	-0.163227716304008	0.242893407808233
9.35704054707311	-0.70916854965449	0.186462295805571
5.44996192955906	-1.82348213104681	0.105429151558184
1.06784931586775	-3.55527931181871	0.0148745971487218
-3.40278328664833	-5.85362037101373	-0.0737954550551865
-7.60088423274616	-8.55788036905236	-0.149744370695974
-11.1484304882245	-11.3622497087106	-0.201509885608978
-13.3567493932107	-13.5365574920895	-0.220948018952198
-12.5329076451035	-13.0276456094405	-0.216197123634038
-9.7819323591952	-9.55769537115114	-0.177478206350954
-6.91782360607034	-5.12010726120728	-0.104091031074092
-4.35607161798809	-0.164047377282	-0.00728957017290696
-2.32671933756657	4.92450296251904	0.0988077765018722
-0.946703936990907	9.70742069739545	0.199588683899183
-0.227214744828595	13.5100688571152	0.27496047910384
0	15.0515007019962	0.303612671542305
13.7481214873263	0	0.201746035498058
12.5782192032696	-0.170161410540414	0.186869331934137
9.58860389120537	-0.734112767440556	0.143551039352561
5.57958696892272	-1.87940061287609	0.0812247697821834
1.09503386038262	-3.65410302429506	0.0118065569445301
-3.48391822689893	-6.01108002683132	-0.0559456431766125
-7.80049964544154	-8.79504373651756	-0.113871025171055
-11.4748120002585	-11.7028545937279	-0.153168206465429
-13.8065888908989	-13.9982840570578	-0.167795161106501
-12.9849250484717	-13.5192313080592	-0.165610717305826
-10.1188051292307	-9.91177565435699	-0.136639323405104
-7.1463857665706	-5.31375268958276	-0.0807645213722688
-4.50085400535923	-0.204197425892904	-0.00643329405317528
-2.40999411880196	5.02908282758743	0.0752522658060074
-0.986260543676147	9.95301048126798	0.153077419228674
-0.239286009294103	13.8903531199637	0.211731038358236
0	15.5072681780537	0.234193447043686
13.9963303288913	0	0.13601727247588
12.8117719864107	-0.175257200221853	0.126905330175947
9.75347890393874	-0.753464858074078	0.0977670401962228
5.66700482542095	-1.92277645382705	0.0553682183392388
1.10818386524955	-3.72912990385476	0.00833133093605728
-3.54690301459944	-6.12784801976491	-0.0374167665464143
-7.94625473812058	-8.96795793851068	-0.0764742363400821
-11.7086667968784	-11.9480630010334	-0.102912414031667
-14.1318905924072	-14.3333544541378	-0.112600038819823
-13.3242852763708	-13.8900935296237	-0.112225655546456
-10.3706966044807	-10.1791977929064	-0.0930301910168534
-7.31448262353134	-5.4570214046812	-0.0554308849220064
-4.6054106594984	-0.230631773895063	-0.00502366129384267
-2.46931748379943	5.1098292124854	0.0504729645065121
-1.01445013854107	10.1351824508858	0.103509449494608
-0.248023084974932	14.1687388226223	0.143991242955906
0	15.8428563885912	0.159432727659502
14.1396361624341	0	0.0675319137109805
12.9536347838198	-0.177906500455721	0.0640298770841468
9.8476424400292	-0.766607648128465	0.0497179016846574
5.71100577054913	-1.95244697227559	0.0281495121347514
1.10816307115044	-3.77848534743802	0.00437772325677761
-3.58892414402498	-6.20104093724333	-0.018625964432329
-8.03258099381086	-9.07166518842973	-0.0382605883145866
-11.8419142030236	-12.0901674223374	-0.0516171425375492
-14.3189580195573	-14.5268048289867	-0.0559442650592122
-13.5417334650476	-14.1302723094169	-0.0571722348101131
-10.5284689523123	-10.3496110591359	-0.0472741873938294
-7.41576254918824	-5.5430438105076	-0.0283469460672409
-4.66605134731506	-0.240419732597471	-0.0028784881541169
-2.50277884515329	5.16674669860106	0.0251455140671377
-1.03037535996007	10.2522840819613	0.0520376823910902
-0.253106697209989	14.3435701799968	0.073132653056082
0	16.0515980938838	0.0807569982808782
14.1954922854263	0	0
13.0191485379911	-0.174348052349221	0
9.90772859131882	-0.762362949943248	0
5.76203947202688	-1.94919519207327	0
1.14948693927531	-3.77564531722625	0
-3.55939904880601	-6.20012044791336	0
-8.01933565000904	-9.07680491824616	0
-11.8490252595577	-12.1069685413695	0
-14.3444935014631	-14.5556344917611	0
-13.6126875522501	-14.2088339913874	0
-10.5937752285732	-10.4277194867936	0
-7.46874095148946	-5.60527473145107	0
-4.70679486486527	-0.286149440243275	0
-2.53179375750913	5.13922799450726	0
-1.04855993219151	10.2474835526727	0
-0.26111000396871	14.3738921983126	0
0	16.1040523665676	0
