0	0	0
0	0	0
0	0	0
0	0	0
0	0	0
0	0	0
0	0	0
0	0	0
0	0	0
0	0	0
0	0	0
0	0	0
0	0	0
0	0	0
0	0	0
0	0	0
0	0	0
0.0208835758079348	0	0.0321847123293736
0.0123961928329469	-0.00427100680467401	0.0299107027093012
-0.00464423017850709	-0.0111625655198412	0.0236843852202435
-0.0257001261352049	-0.021503075695839	0.014404948110519
-0.0490457916315194	-0.0357803699015524	0.00330411945690239
-0.0712565239299011	-0.0531664227058723	-0.00805000932006173
-0.0882949317220249	-0.0712415429957148	-0.0179633343073483
-0.0966206637519922	-0.086151182583306	-0.0250365076076779
-0.0941011724738052	-0.0934353860463471	-0.0276687180036464
-0.0818524955127555	-0.0901371141975859	-0.0251678531856258
-0.0639298372029845	-0.0766415346953161	-0.0180484449240345
-0.0450584679802263	-0.0560754394555727	-0.00794688291127042
-0.028505249299284	-0.0325632488629889	0.00370236718585519
-0.0160736816223052	-0.0105068289446518	0.0150930134493341
-0.00797158290227716	0.0062604521932412	0.0245046186734554
-0.00328160001869015	0.0141190246646668	0.0305598445276016
0	0.0141567651487113	0.0323849899456372
0.115333165026176	0	0.0612864254463527
0.0911306561266643	-0.00869819128408851	0.0571839825997963
0.0437111325133226	-0.0241930857218685	0.0452735528129787
-0.0224527973263387	-0.051063960398701	0.0273239944165554
-0.0999173549944344	-0.0915876482479808	0.0058481871728506
-0.176568225248829	-0.143648464626901	-0.0160428165888847
-0.238673788513822	-0.19995044710411	-0.0350284852311422
-0.274491993501117	-0.248848377544752	-0.0481063195360064
-0.277122266022841	-0.276521177154003	-0.0529139573549213
-0.247936376293597	-0.272125243400903	-0.0484303153924615
-0.197307555176815	-0.233628327120343	-0.0353620941341972
-0.139638898113222	-0.168598883291536	-0.0160256311112351
-0.0870679926550981	-0.0898027145039712	0.00646370392634819
-0.0468799829973773	-0.0117615563383471	0.0285967325925816
-0.0210947135072283	0.0520157832587006	0.0470196381481992
-0.00744117075456509	0.0893397540978993	0.0590595686155873
0	0.0924049814985748	0.0632443937920735
0.279621082879797	0	0.0872881246142738
0.240116033281967	-0.0106672505535554	0.0813583819317636
0.158937076135997	-0.0325841057030214	0.0641261498951004
0.0413490856632134	-0.0740628084715809	0.0380648608118198
-0.0982964171241601	-0.139069677549013	0.00688909521206465
-0.238101491032876	-0.223884299515835	-0.0248380809613994
-0.3537026183868	-0.31585525640368	-0.0522885479403538
-0.424217939038502	-0.394827337697063	-0.071089004686144
-0.438100444846694	-0.437775994236142	-0.0780279463184468
-0.39728075454979	-0.426324149231141	-0.0717877702768957
-0.3182289367533	-0.355963320188762	-0.0532427063741839
-0.224553457283637	-0.237946591723515	-0.0254323605698489
-0.137685726882567	-0.0942550235068983	0.00717948184556105
-0.0712451001042592	0.049128048884811	0.0394672758492913
-0.0295581597083778	0.167733044410178	0.0665036610376078
-0.00909683930766543	0.240147763410208	0.0843252939036243
0	0.250288689883566	0.0905825534058937
0.48715816534508	0	0.110537012381293
0.434575317956336	-0.011672699273871	0.102899485734966
0.314475279270073	-0.0396926850123933	0.0807792916563506
0.138414884762485	-0.0960846755679041	0.0473284498385227
-0.0711313581064484	-0.186276301802412	0.00734395132240013
-0.281604827129947	-0.304563955171004	-0.0333036858896395
-0.45734602541585	-0.432464918061971	-0.0684390081131149
-0.56796916037707	-0.540882762197939	-0.0924910896490167
-0.59676637966217	-0.596916881323386	-0.101466863228859
-0.546082665184866	-0.57415728769516	-0.0937219653494514
-0.439015189163171	-0.465732011804007	-0.0702699177431098
-0.309009303034871	-0.287169187247794	-0.0348168652366082
-0.187169753001687	-0.0701004861855374	0.00700509118237478
-0.0940331161105081	0.146815327832327	0.0486309885566051
-0.0366166072679618	0.326636081532669	0.0836684169233893
-0.0100104063208292	0.438147814315643	0.106913761324053
0	0.461258086279647	0.115107013740778
0.724088659390326	0	0.131235008845219
0.658915774197292	-0.0127375773930025	0.122058226666997
0.494207525314839	-0.0477222670738991	0.0955686191927494
0.251355391900047	-0.121041071410808	0.0555408566697035
-0.0372222469095543	-0.239475622471282	0.00774622620176559
-0.32709007928996	-0.394951213958134	-0.0407938649952524
-0.570363982085534	-0.562550648507986	-0.0827365284055519
-0.726549625415487	-0.703528476106235	-0.111475773059689
-0.773033205432252	-0.774015486100861	-0.122322377511292
-0.712193102565445	-0.738335823309457	-0.113299213901808
-0.574441592089034	-0.58685545552977	-0.0855524960689877
-0.40424326116547	-0.340015513155297	-0.0433471696448992
-0.243368263521916	-0.0398968842258879	0.00667460915812336
-0.120203008382736	0.260647584072578	0.0566937499204882
-0.0450010842194474	0.510297098148209	0.0989962169827801
-0.0112938142982018	0.667248033656056	0.127210541457229
0	0.709333601018	0.137197529167306
0.986296530318132	0	0.149434039236616
0.906834957540429	-0.014108429937602	0.138892832181819
0.69243242365338	-0.057067114831322	0.108576627184553
0.374739822760682	-0.149616322449112	0.0628111900111534
-0.00192092960466992	-0.29984840594181	0.00823031233586856
-0.379899638395078	-0.496958442509346	-0.047155373609311
-0.698143226222709	-0.709012570570186	-0.0950175069124771
-0.905384602116236	-0.88687245625732	-0.127873405806305
-0.972138320506782	-0.97443157885138	-0.140399493656986
-0.900243956669014	-0.925126358826188	-0.130320520018087
-0.728174898726187	-0.725993408509399	-0.098894423443384
-0.512968853099476	-0.403325773012264	-0.0508332254175889
-0.308171561536527	-0.0105455950123854	0.00636351613369769
-0.15091958134528	0.383986040027883	0.0638080482708539
-0.0552495470902003	0.712873841961615	0.112614183376114
-0.01304666306512	0.922710621056797	0.145310100616439
0	0.987585298017182	0.156904407982858
1.27166822587546	0	0.165134363649805
1.17538587559598	-0.015722247963145	0.153403407699883
0.907006836797819	-0.0674559564015587	0.119792073201301
0.507585241708627	-0.181188198599021	0.0691243533858332
0.0349599350403865	-0.366327601535614	0.00877675025975031
-0.438887327151783	-0.609078793260317	-0.0524167069933474
-0.839002702437931	-0.870070770674721	-0.105324842676783
-1.10271041309183	-1.08914531127974	-0.141745074276426
-1.19255569577058	-1.19669795561598	-0.155777297953745
-1.10886184308059	-1.13337501503927	-0.144871136357896
-0.898803773171859	-0.882122109680526	-0.110341092273292
-0.63402436375571	-0.476569146495711	-0.0573089641649544
-0.38084354475499	0.0175517480144607	0.00604674108763302
-0.185764210626479	0.515598795547542	0.0699561860862817
-0.067058617879119	0.932896084460591	0.124510095455708
-0.0150627196845902	1.20298795114603	0.161196251078403
0	1.29255403489607	0.174194696958846
1.57716291477455	0	0.178326522316376
1.46163043584424	-0.0175235096106483	0.16558361521477
1.13554779254345	-0.0786869381036464	0.129196698088853
0.648922964743009	-0.215124231853182	0.0744490800807963
0.0741206505190842	-0.437601212774243	0.0093456485979953
-0.501920485451096	-0.729231571123049	-0.056631545115905
-0.990095245526563	-1.04314192404683	-0.11371949301255
-1.3155153009509	-1.30755950299917	-0.1531664886095
-1.43171592694529	-1.43831353927387	-0.168520849859997
-1.33562754851244	-1.36061194559788	-0.157046441610208
-1.08401966648425	-1.05290994663435	-0.119952744476715
-0.765638203155157	-0.558139273015468	-0.0628239906262753
-0.460392191167402	0.0445457972993305	0.00567867118158549
-0.224294282245907	0.654330790355825	0.075094325838622
-0.080176874630801	1.16871213382188	0.134650118517184
-0.0172439142480619	1.50587558935147	0.174843740568281
0	1.62109089969744	0.189060145667087
1.89908718139519	0	0.189023001480942
1.76223633694008	-0.0195410950993047	0.175430458753449
1.37493247626748	-0.0907764712481887	0.136787635410847
0.796880628602246	-0.251093160378213	0.078767755509469
0.115528160733848	-0.51264280759937	0.00991055408342371
-0.567312583726158	-0.855530751590452	-0.0598309380731307
-1.14898731169866	-1.22580434343494	-0.120277385976178
-1.54145857339093	-1.53988228940717	-0.162211306662087
-1.6880736046534	-1.69783819230478	-0.178630470638276
-1.57852748282659	-1.6050212957723	-0.166878826882896
-1.28170413553052	-1.23627742034998	-0.127796416589711
-0.906259798274364	-0.646885858560755	-0.0673970731737896
-0.546104364164131	0.0699144590005019	0.00524859430960042
-0.266418966387582	0.798070490588497	0.0792217608458897
-0.0947876665265183	1.41738043026732	0.143012382315115
-0.0196927644562645	1.82837796848559	0.186248455577444
0	1.97042096959875	0.201491170001858
2.23361005370171	0	0.197233062536823
2.07379490324552	-0.0217748425862041	0.182945037669356
1.62199243342136	-0.103722158521012	0.142545814467925
0.949259677575913	-0.288891315631194	0.082083851556135
0.158694768185782	-0.59061878760322	0.0104556341261994
-0.633806050848008	-0.986320290045183	-0.0620331866163533
-1.31337356036017	-1.4158104430505	-0.125000187011337
-1.77875222739872	-1.78407805821461	-0.168926960197684
-1.96135098613519	-1.97443663377668	-0.186337609407992
-1.83616688432404	-1.86600558744321	-0.174328442925897
-1.4897164471541	-1.43035099274997	-0.133871125587958
-1.05435569724211	-0.741856805827746	-0.0710181940228728
-0.637275645495356	0.0928894457178078	0.00476500246855504
-0.312037575708122	0.944372114300743	0.0823001722147383
-0.110911929831033	1.67532788215851	0.149523732367427
-0.0224716912783883	2.16665190251772	0.195387422409464
0	2.33755405734362	0.211538662797948
2.57696159715514	0	0.202968955289773
2.39266903423861	-0.0242059355623031	0.18809356899391
1.87354643091704	-0.117421524012615	0.14640859673289
1.10407427293133	-0.32815674224008	0.0843616469977089
0.203223849554287	-0.670605633937811	0.0109643201810888
-0.700160183835062	-1.11990027728959	-0.0632555072711147
-1.48100324497572	-1.61087483727728	-0.127909697709239
-2.02570877309439	-2.03842023295469	-0.173231912349086
-2.25062727495912	-2.26710753368506	-0.19173033421963
-2.10737093900662	-2.14275102422401	-0.179537500203463
-1.70592334434837	-1.63315771346952	-0.138146557926172
-1.20826376434256	-0.841905499541117	-0.0736590021911527
-0.733087758332221	0.112772041493431	0.00423111987047365
-0.361113105968687	1.09017253658395	0.084275602038168
-0.128981126269751	1.93787395678444	0.154057939462749
-0.0258165048965296	2.51650586136823	0.202182046318663
0	2.71905275167973	0.219091885977623
2.92483493796918	0	0.206191501729069
2.71423065263299	-0.027027987686318	0.190825552263548
2.12561864206004	-0.131983103222807	0.148307141940626
1.25914211841237	-0.368505157873421	0.0855217093223095
0.248801224777826	-0.751563897275685	0.0114054037313764
-0.765058073623019	-1.25444026351591	-0.0635128720412616
-1.64930069707549	-1.80837081556464	-0.129001194106523
-2.28026889830495	-2.30043930601578	-0.175231271125658
-2.55391355344818	-2.57492445252092	-0.194590407335404
-2.39014709485741	-2.43312871958073	-0.182544956117482
-1.92806673163785	-1.84234712998719	-0.140595908982185
-1.36621952955215	-0.94563153599635	-0.0752937882852238
-0.832639837148713	0.129135780977349	0.00365643982101538
-0.413579921766859	1.23282009733461	0.085140201589495
-0.149557000617091	2.20007932943487	0.156694126151203
-0.0308875406469513	2.87204148212889	0.206409875408891
0	3.11073327371334	0.223919792269396
3.2725075589335	0	0.206582972460522
3.03349722182856	-0.0309746936148948	0.191167076139515
2.37343898520332	-0.147874900803958	0.148218553552438
1.41173914765018	-0.40980670457377	0.0855171390597162
0.294825939965274	-0.832569354370617	0.0117320327197649
-0.827421309136583	-1.38822511230401	-0.0628425167806573
-1.81581006039529	-2.00580713051396	-0.128287612591083
-2.53896730839414	-2.56707367713132	-0.174871618672284
-2.86850936491074	-2.89491938654686	-0.194846821167316
-2.68201442998877	-2.73449075310807	-0.183147017528664
-2.15373566071337	-2.05544438393891	-0.141185236861454
-1.52637323010711	-1.05159447439186	-0.0759111666335078
-0.934799342994891	0.14194469190229	0.00305150627053889
-0.469004305451358	1.37047843273339	0.0848873672579022
-0.172387639168867	2.45957360812665	0.157387612083093
-0.0369010743360901	3.22898466504707	0.207913734618805
0	3.50695698907165	0.225668527956931
3.61527183958777	0	0.20390828141154
3.34655674709288	-0.0356703996875877	0.188867018036629
2.61359061081324	-0.165084389478802	0.146221228170959
1.55933135095145	-0.451818766278929	0.0843489315277655
0.340393983628154	-0.912791297925716	0.0119063861813544
-0.88670418729333	-1.51973535676625	-0.0612930954110943
-1.97853592920205	-2.20080566058336	-0.125796200003173
-2.79862580801925	-2.83509563691169	-0.172116903684233
-3.19102613413586	-3.22325218888633	-0.192348538526965
-2.97982113741249	-3.04390292171834	-0.181125040979316
-2.38056954064591	-2.27056672940873	-0.139870815814718
-1.68689691590827	-1.15874629576907	-0.0755094756311816
-1.03818605146029	0.15138101714663	0.00241836913381218
-0.526435560712211	1.50222387206372	0.0834930305013602
-0.196831410090296	2.71433442901693	0.155928852298003
-0.0430462817897538	3.58615744903695	0.20648155849404
0	3.90486099796475	0.224216267028564
3.94949539540282	0	0.198166964568066
3.65033906117967	-0.0404570221749747	0.183649511654529
2.84454340008818	-0.183076209529355	0.142282497230313
1.70035392735886	-0.493963164925358	0.0820144339573533
0.38464453210702	-0.991342976025573	0.0119022279457968
-0.942793066606498	-1.64757917109666	-0.0589014438647185
-2.13602430297626	-2.39113252708367	-0.121523399823512
-3.05544505010815	-3.1004480226451	-0.166850342320142
-3.51781877054399	-3.55545135443806	-0.187004885458205
-3.28012928696257	-3.35867539228475	-0.176373187786788
-2.60616866056854	-2.48623843414538	-0.136579770729105
-1.84598837077151	-1.26639243615532	-0.0740634124590733
-1.14130732351558	0.157558085445597	0.00175649112241759
-0.584635180162742	1.62748551587528	0.0809070165612738
-0.22210885436281	2.96177004460423	0.152161234291691
-0.0492549822132696	3.94044163153925	0.201959171997614
0	4.30241043710511	0.219495587839476
4.27272447707084	0	0.189434175585785
3.94229413081701	-0.0451438950931254	0.175580767481593
3.06488852418947	-0.200924542779763	0.136184369143969
1.83396062242698	-0.535257212219265	0.0784926446706222
0.426950005956476	-1.06714511761245	0.0117113695476794
-0.995512433841608	-1.77023200870992	-0.0556787647575986
-2.28673422669491	-2.57435062996332	-0.115446763177153
-3.30485367573989	-3.3584799544219	-0.158984577308158
-3.84250188839906	-3.88493119374543	-0.178668661323737
-3.57874293228903	-3.67473147045998	-0.168873310656281
-2.8279161206956	-2.7005436271042	-0.131209456196418
-2.00172223243988	-1.37373266223602	-0.0715064892910036
-1.24265106552209	0.160469308412481	0.00108501877564604
-0.642514844317494	1.74517132317885	0.0770943552618759
-0.247720073401842	3.19863209298828	0.145985297599729
-0.0556288825298028	4.28542676725333	0.194318295348529
0	4.6934837922782	0.211429563675586
4.58100530518647	0	0.17776245316259
4.21937340272846	-0.0494380138242751	0.164731001089025
3.27239412016355	-0.218027803735635	0.127894417973633
1.95916530292453	-0.574718295322277	0.0737478194904154
0.46681985101867	-1.13899338180041	0.0113080400144255
-1.04444945064839	-1.88601911120581	-0.051650672170861
-2.42844135557967	-2.74765745325782	-0.107597780828068
-3.5419442678031	-3.60432461395311	-0.148555510121309
-4.1567331454072	-4.20396690462729	-0.167319622129994
-3.86996284035385	-3.98533738372829	-0.158668150715131
-3.0425855857937	-2.91038090731602	-0.123702949279133
-2.15186661404567	-1.47942575910047	-0.0677813305661726
-1.34060024006101	0.160178035437306	0.000436266796215534
-0.699049442388285	1.8537902158657	0.0720648758723273
-0.273361612932098	3.42082823725324	0.1373543366462
-0.0623686741244673	4.61358772254446	0.183532146305897
0	5.069250799681	0.199995207718543
4.86792442531737	0	0.163265371650768
4.47676175974284	-0.0534156647683834	0.151215578224372
3.46405820595838	-0.23406191657224	0.117468863392026
2.07441158893249	-0.611584393775058	0.0677843270103645
0.503632456204253	-1.20573403769451	0.010669913056526
-1.08913987282273	-1.99321112278955	-0.0468673786198619
-2.55892235139657	-2.90819489982012	-0.0980638239702554
-3.76185801035275	-3.83305780774775	-0.13568427544462
-4.45267729608373	-4.50480223048835	-0.153109614546699
-4.14727943475997	-4.28281715870289	-0.145877824343549
-3.24638373268108	-3.11204454833001	-0.114081599095281
-2.29386686691468	-1.58170084060982	-0.0628718133050389
-1.43336545501966	0.157009815273956	-0.000153846228336152
-0.753054525459577	1.95218740000966	0.0658771991043086
-0.298482686960638	3.62500225304013	0.126359360382563
-0.0697115304123816	4.918276276393	0.169451578086028
0	5.42119532781814	0.185084987963586
5.12715865528125	0	0.146120631612046
4.70911216850216	-0.0571880135928318	0.135198767098182
3.63652472765421	-0.248838403363564	0.10503520913832
2.17781841242396	-0.645256109862048	0.0606527395158581
0.536644147637891	-1.26630499887513	0.0097866535772761
-1.12915448274961	-2.09013226193377	-0.0413982877459303
-2.67615594465538	-3.05325946657896	-0.0869776931388018
-3.96027216714329	-4.04017329036254	-0.120575149673489
-4.72319445777919	-4.78026692767276	-0.136266925242957
-4.40397641442235	-4.55962451191472	-0.130596705470159
-3.43521739850882	-3.3012334997615	-0.102414223124208
-2.42504229165813	-1.67844533477868	-0.0567856979561016
-1.51904964674774	0.151550761663568	-0.00064760489365377
-0.803173655272489	2.03960359749737	0.0586080960900093
-0.322098472587055	3.80903653163122	0.113109879033558
-0.0768723649500913	5.19491037157263	0.152201946921098
0	5.74285222302993	0.166511115372275
5.35349476464635	0	0.12632350756238
4.91207138379076	-0.0609574777158511	0.116910421987779
3.78679190257602	-0.262214957048101	0.0907674927758194
2.26755276136266	-0.67523122216379	0.0524453581410243
0.565083487919652	-1.3197570478594	0.00866224333697461
-1.16412804472933	-2.17522565546279	-0.0353291403021795
-2.77834253521454	-3.18036091981321	-0.07451408491209
-4.13350797808899	-4.22170632243504	-0.103462355394549
-4.96204324841724	-5.02397096038265	-0.117113653588886
-4.63385602479209	-4.80877127037597	-0.112996910644472
-3.60482985978613	-3.47316780922098	-0.0888473843392702
-2.54259611895278	-1.76715908539175	-0.0495676427718192
-1.59573734517874	0.144606716674966	-0.00101464889434219
-0.848101286436366	2.11533134701107	0.0503548948853906
-0.343372271608991	3.97066388318026	0.0977664052657103
-0.0834090484952509	5.43942742330704	0.131985096462945
0	6.02879876524553	0.144557005937624
5.54317071329431	0	0.104086361846684
5.08292073175197	-0.0643725842902045	0.0964798768175004
3.91271548369514	-0.27386101040734	0.0749012373095784
2.34206474226904	-0.701002454687896	0.0432959339338018
0.588230713554166	-1.36524008294675	0.00731692451584021
-1.19376622404325	-2.24710612411541	-0.0287573617651696
-2.8639229758357	-3.28728316052623	-0.0608836217142264
-4.27845810322624	-4.37421140809011	-0.0846538010110981
-5.1638914404089	-5.23036598689861	-0.0959862857064851
-4.83158334128741	-5.02414106630714	-0.0933170828296474
-3.75117115784085	-3.6232102426718	-0.0735636047530018
-2.643767801785	-1.84517072789842	-0.0412995757492011
-1.66155287719228	0.13715881936793	-0.0012342142600081
-0.886627940349016	2.17870979567993	0.0412407375119614
-0.361692649307733	4.10716117138649	0.080553122914405
-0.0890858820805367	5.64682170049777	0.109080447078083
0	6.27313877367265	0.119607752311758
5.69291341992307	0	0.0797636479248956
5.21972042033052	-0.0671374716416443	0.0741912563871288
4.01254637163546	-0.283418084698719	0.0576490336515198
2.39991421125181	-0.722166344076043	0.0333514381236153
0.605250018433764	-1.40212261300652	0.00577631397695351
-1.21803426138755	-2.30470186386353	-0.0217930403356726
-2.93175703377698	-3.37225176503186	-0.0463346567766196
-4.39244996461731	-4.49470989401381	-0.0644935221876555
-5.32417749037518	-5.39462779996179	-0.0732507147838963
-4.99260471436814	-5.20044412216429	-0.0718501132635845
-3.87048992640839	-3.746949135258	-0.0567825192688645
-2.72581459599546	-1.90955212539085	-0.0320891426224419
-1.71458326614984	0.13063686583256	-0.00128908960274972
-0.917540856618589	2.22955509391274	0.0314157814469525
-0.376435600784449	4.21644029881594	0.0617615251290629
-0.0937115765890839	5.81260060679391	0.0839277759185449
0	6.46990053424101	0.092129133788278
5.79926529480498	0	0.0537503247704421
5.31964215412768	-0.0691756762748715	0.0503677206615925
4.08376932824062	-0.290828021035159	0.039258797561337
2.4391687758664	-0.738587474774471	0.022734445871684
0.61493413752398	-1.430121192761	0.00405188260049409
-1.23718899472064	-2.34734857057252	-0.0145678471783425
-2.98109417928974	-3.43400485009874	-0.0311374829536663
-4.47360852147117	-4.58105982952148	-0.0434080099836667
-5.43922657519397	-5.51301569822001	-0.0493344272569104
-5.11272591088508	-5.33278516019748	-0.0488856667993724
-3.95917675565523	-3.8400092280294	-0.0387354868101719
-2.78591835992247	-1.95694580833026	-0.022047597942461
-1.75279791054571	0.127191277222871	-0.00114327374448822
-0.939532194204697	2.26862153450431	0.0210773295106014
-0.386903791852077	4.29770927158157	0.0417528465321272
-0.0970208562527937	5.93439064783449	0.0570423915213711
0	6.61468876629004	0.0626335678637979
5.86064841248555	0	0.0266698979625314
5.38046137346754	-0.0702273216299541	0.0254081974097479
4.12463870447993	-0.295831657702095	0.0199669796353776
2.45931017752147	-0.749799682313402	0.0115605244795134
0.61760019810428	-1.44852198074793	0.00211818829705185
-1.25024990632423	-2.37403872659687	-0.00724687009280167
-3.01008293670426	-3.47094005258524	-0.015585577570338
-4.51955795425197	-4.6310411084783	-0.0217964443267408
-5.50528227008241	-5.58136384342094	-0.0245667193920573
-5.18928851919006	-5.41830859919312	-0.0249679743125477
-4.01444313494602	-3.89922396586194	-0.0197067586180973
-2.82200415994468	-1.98516135509556	-0.0112806296980781
-1.77493417586301	0.127674939001161	-0.000714416347098178
-0.95195346849398	2.29559008734757	0.0105046379964725
-0.392827484203125	4.34983925216147	0.0209863589128406
-0.0989312179228066	6.01108912936167	0.0289613251978351
0	6.70430369345497	0.031671762748038
5.88484082716563	0	0
5.40902180440352	-0.0687928666831366	0
4.151017344533	-0.294054229203483	0
2.48197774215358	-0.74829211888805	0
0.636520210019955	-1.44691720320838	0
-1.23584626595067	-2.37281337924356	0
-3.00222920312472	-3.47176953244134	0
-4.5206602467537	-4.63671886819457	0
-5.51584401808794	-5.59350905047483	0
-5.21467086391051	-5.44679578611032	0
-4.03759178166498	-3.92752688559093	0
-2.84157236489935	-2.00885622513429	0
-1.79046456551997	0.109293288760935	0
-0.963176800319085	2.28399839905174	0
-0.399917298577116	4.34738870400292	0
-0.102123299423296	6.02325108789136	0
0	6.72522537041444	0
