0	0	0
0	0	0
0	0	0
0	0	0
0	0	0
0	0	0
0	0	0
0	0	0
0	0	0
0	0	0
0	0	0
0	0	0
0	0	0
0	0	0
0	0	0
0	0	0
0	0	0
0.0363008200107097	0	0.0554791564694675
0.0216619863428721	-0.00738585201821942	0.051530517346405
-0.00800328954132491	-0.0193337905267505	0.0407188866216318
-0.0446990581599	-0.0372909545685066	0.0246219232367935
-0.0852359732786986	-0.0620492568532186	0.00539795032759259
-0.123595171943597	-0.0921046957332892	-0.0142242324641935
-0.152846003080868	-0.12324717126812	-0.0313207285399445
-0.16700763955962	-0.148864602744758	-0.0434983262153725
-0.162502525433318	-0.161331070205725	-0.0480214594001174
-0.14133726648936	-0.155647402212433	-0.0437126863630324
-0.110454870784241	-0.132465456186787	-0.0314535231849538
-0.077966811492457	-0.0971573891694759	-0.0140501572177669
-0.049424238640326	-0.0566943297895802	0.00604781244723077
-0.0279135027806502	-0.0185437061034395	0.0257368689363917
-0.0138423235588868	0.0106654172644276	0.042038821383354
-0.00569428772299727	0.0244952525091414	0.0525478849852967
0	0.0249799717287995	0.0557302853051226
0.199887641688305	0	0.105678017138458
0.158092680738925	-0.0150501981292323	0.0985341714550391
0.0754860883519968	-0.0419578509405752	0.0778332801068444
-0.0397170419188979	-0.0886649206035992	0.046689253711001
-0.174132127563644	-0.158969806838009	0.00951728405683644
-0.30656142942763	-0.249016276509082	-0.0282604536305143
-0.413396060155285	-0.346109352914324	-0.0609213513261861
-0.47470944000033	-0.430247718652866	-0.0833528604539334
-0.478881403714126	-0.477780438255685	-0.0915709344963673
-0.428456782561202	-0.47024965403723	-0.0838700070302676
-0.34116477559116	-0.404084114419738	-0.0614482486171588
-0.241786721524963	-0.292320515568644	-0.028223085721603
-0.151040202159236	-0.156565653132599	0.0105135737497981
-0.08145544158458	-0.0215483248100663	0.0487455543974237
-0.0366636296643139	0.0893717721936441	0.0806594221034473
-0.0129235654213801	0.154660997276053	0.101565380773229
0	0.161019948160754	0.108839609878183
0.484149716963191	0	0.150621716913323
0.415868940491026	-0.0184659711951399	0.140272099099429
0.274291678503774	-0.0566021393637856	0.1102861466311
0.0694452423570789	-0.128826756538189	0.065026944370339
-0.172896135451103	-0.241729968787132	0.0110339078401868
-0.414379669452123	-0.388477611393314	-0.0437293689105869
-0.613118301281595	-0.547004659783487	-0.0909413166754616
-0.733751477652358	-0.682708836998713	-0.123167921586014
-0.757001425596394	-0.756329873584683	-0.135018739950973
-0.686498241250308	-0.736655548237238	-0.124311298424854
-0.550386784380279	-0.615915721865678	-0.0925186004066617
-0.389073814585989	-0.413264787808572	-0.0447496555761561
-0.239130352932819	-0.16581691774555	0.0114310757810152
-0.124011742484966	0.0822314741016174	0.0672377090955467
-0.051491857422238	0.288562751545991	0.114116420391351
-0.0158241804942292	0.415365492192985	0.145093697302965
0	0.434640582410028	0.155963130465956
0.843026995239688	0	0.190893196646763
0.75199234133861	-0.0202215924849452	0.177545613479574
0.542386457787294	-0.0690772494201463	0.139006597849849
0.235565212245091	-0.167438749976456	0.0808580178635183
-0.128128564441586	-0.324265600028532	0.011560944358104
-0.491607592692232	-0.529027770325806	-0.0586268614746019
-0.793555706568066	-0.749406222602317	-0.119059267232272
-0.982646928983098	-0.935466772596244	-0.160278142667859
-1.03118931110377	-1.03128565112466	-0.175603969533009
-0.943690200064471	-0.992144027611682	-0.162326458437579
-0.759572807902226	-0.806306286545129	-0.122140264248762
-0.535834316524497	-0.499943809759778	-0.0612461515654127
-0.325505594084875	-0.126305525050685	0.0108293144258099
-0.16399708682828	0.24892904629859	0.082830925530578
-0.0639495239504513	0.56186740035156	0.143643353316422
-0.0174416441581626	0.757354012152107	0.184089129590569
0	0.799709076264025	0.198332360106807
1.25247027960241	0	0.226819836677194
1.1393802951291	-0.0220895218798306	0.210767732052234
0.851810930120889	-0.0832033736496336	0.164557626581392
0.428540465570903	-0.211285092276061	0.0949092474350111
-0.0723636342226215	-0.417466831512557	0.0120250254230321
-0.572939269886743	-0.686803533593625	-0.0718109598891227
-0.990804538049829	-0.975610358672595	-0.143939353034561
-1.2576656162619	-1.21737841257437	-0.193162900804347
-1.33621976090943	-1.33770101942965	-0.211669330834537
-1.23123115937799	-1.27632109658277	-0.196218435535949
-0.994528644621131	-1.01687014002056	-0.148710860354605
-0.701663751943522	-0.593570639574642	-0.0762415771227351
-0.423816110979877	-0.0770902581266965	0.00998315936006739
-0.210011022547612	0.442820424040021	0.0965601355294361
-0.0787614981296828	0.877384584692302	0.170052899807297
-0.0197025955415875	1.15265651530648	0.219197013295748
0	1.22842247216933	0.236587637822358
1.70520511387943	0	0.258485698133717
1.56699229747399	-0.0244971498448357	0.240028507886072
1.19258594509428	-0.0996690934739092	0.187074421587394
0.638898775831228	-0.261569596959408	0.107365137911264
-0.0149293366596237	-0.52342784241058	0.0126596622431271
-0.667731717431539	-0.865224088282067	-0.0830076638310983
-1.21437367616906	-1.23082239756845	-0.165279795734681
-1.5684408068704	-1.53580092179867	-0.221499849639567
-1.68142329981119	-1.68512320370722	-0.242842221833957
-1.55739759103749	-1.60029552262611	-0.225609414045085
-1.26181719355462	-1.25935526797679	-0.171867606429554
-0.891407863832893	-0.706142965944014	-0.0893955980778943
-0.537411459236685	-0.030210754738633	0.00919704303018344
-0.264096280727669	0.652348662173829	0.108683214307199
-0.0968638855919282	1.22490326772377	0.193557454730741
-0.022782166153537	1.59288685582365	0.250576431857195
0	1.70860547843808	0.270806799050719
2.19738592988691	0	0.285888187457618
2.02957352374052	-0.0273353856637051	0.265322578001567
1.56087400552023	-0.118008151776513	0.206534965530287
0.864840420947939	-0.317230283357447	0.11819951896609
0.0444107278371188	-0.64034211338371	0.0134323431389509
-0.774114831989683	-1.06176761101628	-0.0922650938550655
-1.46151369720827	-1.5121068896959	-0.183153601035392
-1.91210846587763	-1.88785935157886	-0.245391771632524
-2.06435205617967	-2.07121148928466	-0.269253476023934
-1.92000833496382	-1.96227298224112	-0.250640150885464
-1.559173426378	-1.53218921118241	-0.191684989072703
-1.10318606342591	-0.836913563714538	-0.100764532168501
-0.665090385463393	0.0135051266451731	0.00842886605153468
-0.325557200510666	0.875261927197365	0.119169528778231
-0.117739405961568	1.60172189836014	0.214136047488956
-0.0263244968272303	2.07515160247498	0.278201270381874
0	2.23406442811303	0.300928472908816
2.72357422791866	0	0.3090026264342
2.52190218537806	-0.0305076580741599	0.286631081862311
1.95244911771531	-0.137872248237259	0.222902898130641
1.10461433123468	-0.377180873253224	0.127357596552692
0.106800641696943	-0.765965706152226	0.0142748250028956
-0.888491150858102	-1.27289781173574	-0.0996774289308979
-1.72743433440969	-1.81511284533547	-0.197670598024142
-2.28362095489573	-2.26889168646038	-0.264975231410732
-2.48072581157589	-2.49181020106789	-0.291018206791347
-2.31504959534967	-2.35816065322246	-0.271477686166834
-1.88276422946586	-1.83152616949269	-0.208269538482315
-1.33404995272667	-0.98326559930863	-0.110434488069
-0.805203629583584	0.0541930121757934	0.00760092200562096
-0.393657926638748	1.10944458996613	0.127943045786009
-0.140961605109574	2.0048276675248	0.231728825442796
-0.0301600776095658	2.59543757072472	0.302025567649339
0	2.79915313218121	0.326931540118109
3.27723263110448	0	0.32783780257542
3.0381057991481	-0.0340631437011039	0.303937857911622
2.36184836503175	-0.159289492197894	0.236165267136991
1.35495343734654	-0.44084977061518	0.13480631729259
0.1721574532472	-0.898534313504274	0.015141762694125
-1.00800504858268	-1.49539564910363	-0.105299942512554
-2.00804918278333	-2.13575779176946	-0.208967435403812
-2.67910292616849	-2.67520631475825	-0.280383004110904
-2.92806097180281	-2.94462596173491	-0.308135979347841
-2.73922380470625	-2.78501358584748	-0.2881798774141
-2.22908383129231	-2.1539569268066	-0.221740866098406
-1.58142220998699	-1.14334902593645	-0.118438213204653
-0.956575643715243	0.0908614133039866	0.00669608104368607
-0.468270216506557	1.35116425269401	0.135000778489322
-0.166858232981592	2.42901233945272	0.246291867250366
-0.0344667250514311	3.14839213288798	0.322034663255818
0	3.3988871574413	0.348791371873427
3.85162097833625	0	0.342394669008184
3.57221145767141	-0.0380004296073681	0.31723220313812
2.7835653469365	-0.182253842242637	0.246280051843465
1.61207306201407	-0.507878582892636	0.140548272352705
0.239660711474882	-1.03659955791971	0.0160059913880494
-1.130503136134	-1.72641575455912	-0.109165721310649
-2.29947907402599	-2.47024546817305	-0.217053110427811
-3.09565694159491	-3.10347219091514	-0.29170250879565
-3.4061196902911	-3.42846703996107	-0.3210018082327
-3.19034868963981	-3.24204091050516	-0.300675454293984
-2.5945848610325	-2.49642922877514	-0.23210212344482
-1.84273437435855	-1.31562141577707	-0.124758858672922
-1.11802931213818	0.122142331815736	0.00573065159883021
-0.549242820762181	1.59615817165694	0.140274061140609
-0.195476407465349	2.86801842296876	0.257689450862995
-0.0393541409128567	3.72723518300038	0.338175446906635
0	4.02793674077206	0.366584502203401
4.44014606136876	0	0.352678561804544
4.11789243458975	-0.042285823954652	0.326441346287604
3.2121110525001	-0.206584014973473	0.25312915921553
1.87259522259208	-0.577625414857896	0.144518287007095
0.308693977551027	-1.17853537205708	0.0168388776061788
-1.25381544484636	-1.96300456805374	-0.111306434849618
-2.5979170454666	-2.81469145343678	-0.221972525014314
-3.5305750404064	-3.55090823144676	-0.298798297926274
-3.91358297806476	-3.94188895235468	-0.329767049172327
-3.66665207758451	-3.72810871056895	-0.309209874090012
-2.97572199110521	-2.85571104277073	-0.239307230328928
-2.1151613570454	-1.49815421496267	-0.129348534329283
-1.28816332558371	0.146852372544545	0.00471210661234397
-0.636526373687509	1.83916585364481	0.143666407858555
-0.227576022740465	3.31374572719409	0.265689627435074
-0.0452321230679361	4.324633353079	0.350294915256767
0	4.68023532556684	0.380103623576978
5.03535469211677	0	0.358603457197191
4.66718132512339	-0.0472546070879395	0.331459447321247
3.64069382448643	-0.232462842808929	0.256581213252629
2.13285418962413	-0.649399873280015	0.146574864101419
0.378829760676544	-1.32249182302591	0.0175861093770354
-1.37558941291163	-2.20194493498518	-0.111750402135247
-2.89895450793831	-3.16457938503908	-0.223727077338457
-3.98050068488474	-4.01343906500902	-0.301863566100116
-4.44729828910169	-4.48359399735565	-0.334058808242088
-4.16493383062358	-4.23979887595158	-0.31386008265879
-3.36870237212776	-3.22788467937159	-0.243318799280127
-2.39565721851588	-1.68851804281832	-0.132164687522635
-1.46539748099493	0.164353507617866	0.00365891297188607
-0.730001047100875	2.07571549936801	0.145162235471206
-0.264138994123177	3.75772638031663	0.27041538755398
-0.0541130623430634	4.93039878024051	0.357982306500234
0	5.34848081691295	0.388927301091937
5.62914410086528	0	0.359599853507034
5.21156302352827	-0.0541773874249479	0.332312914334617
4.06123031891965	-0.260695451135252	0.256583019819563
2.38831275277556	-0.722943502519397	0.146631978469667
0.449194803049835	-1.46679857575371	0.0181658988141377
-1.49383178911547	-2.44018466209358	-0.110564247994231
-3.1983314774551	-3.51557871003958	-0.222348545327605
-4.43959645083184	-4.48591045632992	-0.30082587959137
-5.00285119642952	-5.04872242614944	-0.333774979390725
-4.68113285680055	-4.77277847462092	-0.314289740476387
-3.76942762684663	-3.60876915196159	-0.244088795966581
-2.68098345503034	-1.88414912119819	-0.133189743893206
-1.64771354318944	0.17474728079794	0.00259113347553619
-0.828892968088154	2.30278306123989	0.144749278394907
-0.304723276540773	4.19593194931802	0.271783148680226
-0.0646417271661753	5.53715155438714	0.360947409554138
0	6.02291347125272	0.392413788663387
6.21348034644081	0	0.355242028413957
5.74437168634414	-0.0624044666964847	0.328553593405325
4.46797972546007	-0.291250015364589	0.253262521386369
2.63479462840313	-0.797795696529297	0.1446874448869
0.518429791967559	-1.60993373925737	0.0185119109009131
-1.60742241598502	-2.67498415590894	-0.107833549863013
-3.49252095883579	-3.86350684523917	-0.217892312514182
-4.90246788441357	-4.96283187486286	-0.295644651056699
-5.57460925100774	-5.63087842138191	-0.328685086009444
-5.20999388814569	-5.32218365511704	-0.310144533034145
-4.17385440452344	-3.99515786254792	-0.241550883965622
-2.9679062654269	-2.08310643776378	-0.132421982815118
-1.83263659050396	0.178554441765604	0.00151398915391273
-0.931515183346854	2.51893926172264	0.142386160240625
-0.3482155183223	4.62492582001068	0.269424378008672
-0.0754084488661798	6.1427984356371	0.358816558615203
0	6.69848650694254	0.390337873909697
6.78217927117002	0	0.345515644484336
6.26039698614838	-0.0707964653750279	0.319694747585836
4.85842896854038	-0.323180705265184	0.246561371060455
2.86978449571708	-0.872909707003088	0.140734926724134
0.585261878775507	-1.75027111575851	0.0185779512583707
-1.71595018249311	-2.90380452218991	-0.103622589808832
-3.77884946853648	-4.20437329428876	-0.210358494705755
-5.36253792282061	-5.43716711746094	-0.28614670576595
-6.15644370604032	-6.22252097458332	-0.31867413699647
-5.74572641779769	-5.88352319076243	-0.301268814704727
-4.5778196646631	-4.3844701561005	-0.235587636736482
-3.25320603235695	-2.2840079498021	-0.129817840178558
-2.01748012432564	0.176202144708315	0.000428330912006795
-1.03566560825011	2.72338817695434	0.137986865202544
-0.393263224673893	5.04034069122008	0.263061006495566
-0.0862966840806461	6.74197791414618	0.351306662746351
0	7.37165724068706	0.382572316692858
7.33105835286143	0	0.33054201761758
6.75535369363115	-0.0790201088781964	0.305845082396693
5.23028311394456	-0.354863813385558	0.236100698326216
3.09198298198077	-0.946535853965387	0.13473745995327
0.648812900862025	-1.88584842918485	0.0183491664702019
-1.81886607930986	-3.12385156820009	-0.0979512776125273
-4.05438431023112	-4.53374821196318	-0.199714627801722
-5.81168911276583	-5.90065456399133	-0.272214844344868
-6.73720923727428	-6.81216461803007	-0.303559393076312
-6.28103544910597	-6.44969634222202	-0.287675066124161
-4.97667519467332	-4.77322271447736	-0.226033438533882
-3.53340188241554	-2.48522067699971	-0.125263016696671
-2.19950694695987	0.167938663378008	-0.000630988405483292
-1.13939297426462	2.91448033411439	0.131491325662988
-0.438985626556444	5.436794354803	0.252513441204933
-0.0974911739686796	7.32387315038093	0.338341407705055
0	8.03217360983313	0.368953144940277
7.85344353787145	0	0.310399064590335
7.22418507143974	-0.0865613386799968	0.287119874500531
5.57988210076684	-0.385238085137526	0.221821273587649
3.29985256653722	-1.0169255148851	0.126632111479972
0.708432223463566	-2.0144857943454	0.0177800925393338
-1.91517893393758	-3.33204101873707	-0.0908649005393564
-4.31489045802767	-4.84645813132975	-0.18602321256652
-6.2409719283978	-6.34442326222062	-0.253945734020818
-7.30200706811628	-7.38596928900492	-0.283393200434488
-6.80566624769983	-7.0086359503998	-0.269505255024132
-5.36454357607996	-5.15567692417645	-0.21280930103921
-3.80441160508288	-2.68409006438748	-0.118661387751382
-2.37577307101766	0.154169490198742	-0.00160724463583127
-1.24084308747143	3.08993132757098	0.122916457921835
-0.484833004391039	5.80757450240497	0.237693256915947
-0.109344374397789	7.87595893975607	0.31984740357525
0	8.66538035225444	0.349400520002065
8.33863005095583	0	0.285268404260043
7.65894092274539	-0.0935457348969128	0.263709261735656
5.90229695790864	-0.413724309209435	0.203816343655934
3.49089252724224	-1.08271602701159	0.116424522105644
0.763243102240942	-2.13409169537157	0.016830831742281
-2.00378413118162	-3.52517169609228	-0.0824517175816101
-4.55603347253709	-5.13714665533724	-0.169442514624119
-6.64130741887716	-6.75929900851818	-0.231579438878863
-7.83653207356134	-7.9297435167695	-0.258517965863579
-7.30765029552704	-7.54632449370425	-0.247041680635598
-5.73439455380623	-5.52484551157545	-0.195976201099737
-4.06152080076146	-2.87713025209973	-0.109990774093971
-2.54300749477528	0.135785824732464	-0.00243907288195821
-1.33786757924531	3.24806568310893	0.112363258209001
-0.529810029979469	6.14728847801053	0.218753969964749
-0.122264503844556	8.38731315673167	0.295548974113647
0	9.25723418574347	0.323696691400709
8.77617543974278	0	0.255450430739691
8.05082798237325	-0.100161861156229	0.235890913466188
6.19202180127632	-0.43998059569286	0.18230307753264
3.66205553572831	-1.14282998556939	0.104200025850732
0.812159931107807	-2.24273417393113	0.0154817356251689
-2.08362486990412	-3.7001226918129	-0.0728335165952291
-4.77376282097633	-5.40066938043244	-0.150207289572841
-7.00438833039008	-7.13668677971069	-0.205490151950741
-8.32746867263871	-8.43008225487346	-0.229390312759668
-7.77442458173537	-8.04872485444971	-0.220514736142119
-6.07852095153206	-5.87253456010929	-0.17567902705394
-4.29972867827965	-3.06018259611535	-0.0992720642152097
-2.69772914140317	0.114150721342566	-0.00306367519482314
-1.42800913762376	3.38789109631667	0.0999634914419238
-0.57215423803167	6.45266410252868	0.195884482325331
-0.134883323667885	8.85051855465743	0.265657061402721
0	9.79715239655196	0.291501851634706
9.15755558536986	0	0.220939299424387
8.39273623057952	-0.106757358502699	0.204063023998944
6.44414996429956	-0.46374703026433	0.157581934843125
3.81037568414966	-1.19636037378005	0.0901167046260837
0.854045761306814	-2.33867910720687	0.0137375336525945
-2.15375665641911	-3.85397730111323	-0.0621606445117529
-4.96438590981171	-5.63222685470304	-0.128622380589661
-7.32292677930251	-7.4688427189547	-0.176092163405012
-8.76291964910925	-8.87478158361813	-0.196603423040884
-8.19418712150878	-8.50262291060113	-0.190269792305833
-6.38881067826745	-6.18959927898466	-0.152194626233714
-4.51377328344936	-3.22835466751927	-0.0865909951720645
-2.83640832730298	0.0910172775312808	-0.00343238063331031
-1.50889590708563	3.50850491654774	0.0858838316134041
-0.610361381076078	6.72018430110946	0.169362375658688
-0.146425080333172	9.25906342821392	0.230519611345346
0	10.2763456153823	0.25330143648899
9.47668629800113	0	0.182112395843145
8.68027202799383	-0.112720950911055	0.1684566428105
6.65520438183079	-0.484437887673252	0.130063228458059
3.93335806968827	-1.24239345811706	0.0744052680394126
0.88784054238541	-2.42036944697422	0.0116307951603549
-2.21337397805109	-3.98412580841485	-0.0506037536019858
-5.12464110627139	-5.82750295178094	-0.105052008749231
-7.59059576553901	-7.74889579805468	-0.143915078836389
-9.13249174814628	-9.25301503779049	-0.160746039714915
-8.55660224581439	-8.89628228494092	-0.156741177641403
-6.65745462989968	-6.46708922349127	-0.125853521010724
-4.6984205608746	-3.37642664487424	-0.0720971665726297
-2.95557590436599	0.0684387860655955	-0.00351436897052148
-1.57832132424132	3.60908389457145	0.0703350619766144
-0.64332064418981	6.94558043117392	0.139576499599535
-0.15647655257964	9.60489844489087	0.190621072801108
0	10.685318208133	0.20976079138236
9.72831830868478	0	0.139597118988049
8.91032338334476	-0.117538272825742	0.129573136329133
6.82236048230384	-0.501420389315907	0.100119436971582
4.02868208936104	-1.28020031851609	0.0573200189350677
0.91226820899241	-2.48663961343241	0.00920322823384125
-2.2621483409071	-4.0885265091679	-0.0383553219770438
-5.25204272311142	-5.98299238929511	-0.0799224054465689
-7.80186426639864	-7.97081967603732	-0.109539185528046
-9.42708933619718	-9.55516654063998	-0.122428009783316
-8.85272835153522	-9.21944018468565	-0.120429762528835
-6.87715014223011	-6.69644522747606	-0.0970393480431651
-4.84845614098141	-3.49874749525228	-0.0559832267820249
-3.05169422064271	0.0492154662401082	-0.00328617928571763
-1.63406993260425	3.68960216735356	0.0535741246022346
-0.669891449493169	7.12566279472298	0.107034841835141
-0.164698772564565	9.88084290359555	0.146731611327886
0	11.0144667641566	0.161693144424541
9.90692417823231	0	0.0940944136955206
9.07826106285276	-0.121083028550592	0.0879814392281761
6.94149091807804	-0.514591976334946	0.0681846680861522
4.09316929400442	-1.30953280242119	0.0390733792421715
0.925390353315832	-2.53695080913491	0.00647197519712918
-2.30029679645632	-4.16588173987424	-0.0256451561251911
-5.34486534439922	-6.0961534592942	-0.0536952527786256
-7.95270940771659	-8.13016544839205	-0.0736753359751468
-9.63919634260887	-9.77354122517226	-0.0823337653303102
-9.07430775795543	-9.46259259364879	-0.0818046080012349
-7.04086196608036	-6.86922228116497	-0.0661439957395112
-4.95854958627417	-3.58898903582441	-0.038445733521957
-3.12102400191761	0.0373344442437725	-0.00269264881657551
-1.67375598715534	3.75159765907482	0.0359389918118882
-0.6887939222778	7.25940913625796	0.072368561178665
-0.170614986267348	10.0832018189302	0.0997605079687285
0	11.2567399903897	0.110005494354792
10.0100148164199	0	0.0467028441391299
9.18037571019885	-0.12291801703549	0.0443870133636367
7.00968681512365	-0.523512313323307	0.0346764089545123
4.12595601518291	-1.3295800379277	0.0198670602689968
0.927784699863922	-2.57003219419159	0.00339050057801284
-2.32600554099172	-4.21432853134991	-0.0127615195392525
-5.39961696038098	-6.16391936330764	-0.0268718898494353
-8.03839813436196	-8.22246244984521	-0.036978640398909
-9.76103007099633	-9.89957407254578	-0.0409612646161699
-9.215925101052	-9.61991506106902	-0.0417381176564908
-7.14310368508878	-6.97919985604804	-0.0336346886013354
-5.02474765069367	-3.64293063289024	-0.0196662909251422
-3.16120344271741	0.0345368666119345	-0.00159787525360964
-1.69615532710691	3.79480212619246	0.0179084335509033
-0.699481684724107	7.34528724395587	0.0363789043231789
-0.174042235333692	10.2104675856683	0.0506600795369586
0	11.4070701194946	0.0556748525456753
10.0504233833505	0	0
9.22794898454271	-0.120429405210746	0
7.05351765355972	-0.520475732137411	0
4.16347432025502	-1.32709883072786	0
0.958727637018416	-2.56757158048638	0
-2.30304806021523	-4.21282288976199	0
-5.38801141322501	-6.16628883365809	0
-8.04175214776058	-8.23318333108203	0
-9.77931213227577	-9.92041719663948	0
-9.26258050501902	-9.67193589420174	0
-7.18565485315743	-7.03064161283103	0
-5.060042937069	-3.68498730453459	0
-3.18886120962464	0.00265459444894755	0
-1.71603976800028	3.77505220001663	0
-0.712002556192637	7.34138138549684	0
-0.179608937154497	10.2315662143295	0
0	11.4435404937077	0
