-0.0069818497  -0.0011976778  -0.39223957
-0.16288555  -0.0010215124  -2.5402565
-0.4002086  -0.0005275741  -4.711277
-0.9073777  -0.00025972002  -8.56336
-1.2931756  -0.00017809417  -11.2733555
-1.8704519  -9.895605e-05  -15.241847
-2.2294393  -0.00040504854  -17.70727
-2.7082005  -0.0019054334  -21.011232
0.0  0.0  0.0
-2.9948325  -0.0033192546  -22.99525
-2.9267387  -0.0028191344  -22.487507
-2.7774725  -0.0019166736  -21.443989
-2.6162276  -0.0009879648  -20.32692
-2.538014  -0.00020084105  -19.78741
-2.6158195  0.0005665247  -20.325226
-2.7766805  0.0014580329  -21.440706
-2.9255378  0.0023262524  -22.48254
-2.9929924  0.0028122675  -22.987642
-2.7066917  0.001465446  -21.004967
-2.2283473  7.7220655e-05  -17.702732
-1.8695871  -0.0001437538  -15.238238
-1.2924654  6.647539e-05  -11.270445
-0.906793  0.00023500537  -8.560945
-0.399745  0.00058415893  -4.70927
-0.16227388  0.0011050641  -2.5373926
-0.006996274  0.0011964075  -0.39242458
0.0  0.0  0.0
0.0  0.0  0.0
0.0  0.0  0.0
-2.1835203  -8.0066995e-05  -17.367878
-2.1937118  1.8108287e-05  -17.44844
-2.1890588  -0.00024340629  -17.404995
-2.1944885  -0.0003382812  -17.4519
-0.017913103  -2.130655e-06  -0.5300684
-1.1898685  -4.5778776e-05  -10.534945
-1.1771396  -4.092035e-05  -10.446851
-1.8252957  -0.0001542142  -14.922219
-1.8234768  -7.843005e-05  -14.908348
-0.68249696  1.4030811e-06  -6.869652
-0.3503989  1.9334657e-05  -4.21182
-0.061692357  5.022448e-07  -1.240387
-1.6744864  -9.2066206e-05  -13.88193
-0.032786608  -0.0015005955  -0.9199295
-0.16288555  -0.0010215124  -2.5402565
-0.55348974  -0.00039365856  -5.9395385
-1.0984659  -0.00022020779  -9.916838
-1.2931756  -0.00017809417  -11.2733555
-1.6813072  -9.4415846e-05  -13.945082
-1.8704519  -9.895605e-05  -15.241847
-2.0537295  -0.00018993384  -16.499477
-2.3966541  -0.0007774575  -18.85903
-2.5558467  -0.0012798933  -19.957878
0.0  0.0  0.0
-2.9948325  -0.0033192546  -22.99525
-2.9988277  -0.0033101595  -23.0085
-2.9753532  -0.003141097  -22.833717
-2.9267387  -0.0028191344  -22.487507
-2.7774725  -0.0019166736  -21.443989
-2.6162276  -0.0009879648  -20.32692
-2.5595315  -0.00057744456  -19.93558
-2.538014  -0.00020084105  -19.78741
-2.5593238  0.0001696216  -19.934711
-2.6158195  0.0005665247  -20.325226
-2.7766805  0.0014580329  -21.440706
-2.9255378  0.0023262524  -22.48254
-2.9739447  0.0026372967  -22.82787
-2.997206  0.0028016914  -23.001787
-2.9929924  0.0028122675  -22.987642
-2.5544841  0.000875307  -19.952225
-2.395432  0.00041023453  -18.853949
-2.052754  -9.633954e-05  -16.495415
-1.8695871  -0.0001437538  -15.238238
-1.6805133  -0.00010260238  -13.941783
-1.2924654  6.647539e-05  -11.270445
-1.0977833  0.00015383246  -9.91406
-0.55304545  0.00042954422  -5.9376354
-0.16227388  0.0011050641  -2.5373926
-0.032829285  0.0014985431  -0.92036724
0.0  0.0  0.0
0.000767231  -0.00058597454  -0.08466339
-0.0069818497  -0.0011976778  -0.39223957
-0.083504796  -0.0014352446  -1.6438551
-0.26879537  -0.00073526485  -3.5696702
-0.4002086  -0.0005275741  -4.711277
-0.7241229  -0.00031154588  -7.230744
-0.9073777  -0.00025972002  -8.56336
-1.488264  -0.00013099438  -12.619445
-2.2294393  -0.00040504854  -17.70727
-2.7082005  -0.0019054334  -21.011232
-2.8544955  -0.002612685  -22.023489
-2.8582823  -0.0023952818  -22.00709
-2.6932693  -0.001441113  -20.859821
-2.6926668  0.0010017297  -20.857307
-2.8572884  0.0019179903  -22.002981
0.00076544285  0.0005857439  -0.08468437
-0.006996274  0.0011964075  -0.39242458
-0.083712816  0.0014157832  -1.6454391
-0.26826024  0.00080863433  -3.5672827
-0.399745  0.00058415893  -4.70927
-0.72365206  0.00032005255  -7.2287383
-0.906793  0.00023500537  -8.560945
-1.487522  -2.2789573e-05  -12.616375
-2.2283473  7.7220655e-05  -17.702732
-2.7066917  0.001465446  -21.004967
-2.8528228  0.0021383944  -22.016548
0.0  0.0  0.0
0.0  0.0  0.0
0.0  0.0  0.0
0.0  0.0  0.0
0.0  0.0  0.0
-2.3831453  -0.00029102783  -18.729565
-2.381913  -7.5758595e-05  -18.721457
-2.4222322  0.00014952359  -19.000711
-2.423379  -0.0005263183  -19.007614
-2.7771728  -0.002187001  -21.471699
-2.775841  0.0017299281  -21.466179
-2.7196755  -0.0018964479  -21.068111
-2.718512  0.001452594  -21.063282
-2.4928281  0.000436575  -19.489532
-2.4934926  -0.0008286354  -19.492577
-2.649331  0.0011125966  -20.57857
-2.650301  -0.001540614  -20.582596
-2.5675256  0.000757898  -20.008816
-2.568309  -0.0011669765  -20.012115
-2.2187815  6.602927e-05  -17.62707
-2.2196312  -0.00039185554  -17.630548
-2.041245  -0.00010215952  -16.408659
-2.0419192  -0.00018152744  -16.411201
-2.4261196  -0.0008395803  -19.047981
-2.4251552  0.0004648226  -19.04399
-1.2408867  -0.000101563084  -10.899498
-1.2398894  1.2747405e-06  -10.894086
-1.8540058  -8.4353596e-05  -15.122879
-1.8537368  -0.00015459248  -15.122927
-1.0399334  -9.8186094e-05  -9.489264
-1.0372647  4.5567896e-05  -9.472006
-1.444867  -8.705299e-05  -12.31278
-1.4462216  -5.9356826e-05  -12.323621
-1.6502633  -6.8447414e-05  -13.725759
-1.651562  -0.000121971694  -13.736342
-0.84298176  -7.571086e-05  -8.077541
-0.8416297  6.270841e-05  -8.069244
-0.6562946  6.2867504e-05  -6.696152
-0.6567519  -4.2858683e-05  -6.6980724
-0.22013295  -9.668684e-05  -3.0597763
-0.21961808  0.00016234588  -3.0574675
-0.34187877  -2.2250191e-05  -4.171362
-0.3412999  8.451473e-05  -4.1688256
-0.4877833  6.302782e-05  -5.386793
-0.4882949  -1.7703358e-05  -5.3889503
-0.12563443  0.00031094174  -2.0808945
-0.12577522  -0.00027630082  -2.0806208
-0.002102375  -4.0818006e-05  -0.16094112
-0.0021141768  4.252323e-05  -0.16180325
-0.059773207  -0.00043609366  -1.2611179
-0.059904575  0.00043944395  -1.263483
-0.020570636  -0.00038302754  -0.62981987
-0.020638347  0.0003836617  -0.6315069
-0.002137661  4.1284962e-05  -0.13162613
-0.0021554232  -4.2249314e-05  -0.13250732
-2.5497866  -0.0012497861  -19.903255
-0.03849864  -0.00012911604  -0.90578175
-0.038553238  0.00012822595  -0.90719795
-2.365209  0.0002735366  -18.623062
-2.3659093  -0.0006343728  -18.625883
-0.09187877  6.928471e-05  -1.6465778
-0.09190643  -5.825584e-05  -1.6460762
-0.17339516  4.590547e-05  -2.5612297
-0.17319131  -1.1357981e-05  -2.5604982
-0.41935545  0.00010094994  -4.803978
-0.4190235  -6.0481358e-05  -4.8025527
-0.5817102  -4.2021125e-05  -6.1056023
-0.5818931  6.4930806e-05  -6.1059475
-0.2830801  0.00010216824  -3.6219654
-0.28276825  -5.560615e-05  -3.6205812
-0.77173865  1.8824518e-05  -7.540779
-0.7706344  -2.4879238e-05  -7.5336733
-0.9797528  -2.0309053e-05  -9.050057
-0.97142327  -2.2727894e-05  -8.991785
-1.6102769  -5.838003e-05  -13.445675
-1.618263  -0.00012493547  -13.501621
-1.8234768  -7.843005e-05  -14.908348
-1.8252957  -0.0001542142  -14.922219
-1.3974538  -5.722865e-05  -11.978791
-1.3978859  -7.921151e-05  -11.982453
-1.1898685  -4.5778776e-05  -10.534945
-1.1771396  -4.092035e-05  -10.446851
-2.054212  -0.00017914583  -16.488295
-2.0529122  -0.00010798244  -16.480877
-2.1937118  1.8108287e-05  -17.44844
-2.1944885  -0.0003382812  -17.4519
-2.2864156  7.8343e-05  -18.077002
-2.287869  -0.00042222106  -18.085533
-0.017913103  -2.130655e-06  -0.5300684
-0.012623429  5.263352e-05  -0.42956638
-2.1835203  -8.0066995e-05  -17.367878
-2.1890588  -0.00024340629  -17.404995
-2.1857097  -0.00015946841  -17.380167
-2.548647  0.00084604416  -19.898521
-0.012596488  -5.392398e-05  -0.42855167
-0.061692357  5.022448e-07  -1.240387
-0.13041008  9.084681e-06  -2.0885162
-0.22660375  1.7472179e-05  -3.083619
-0.5010483  1.3236284e-05  -5.4629064
-0.3503989  1.9334657e-05  -4.21182
-0.68249696  1.4030811e-06  -6.869652
-0.9137596  -1.8627099e-05  -8.571542
-1.7855525  -8.4525804e-05  -14.644572
-1.7926525  -0.00014335071  -14.694334
-1.141204  -3.3194654e-05  -10.189131
-1.5541244  -6.481506e-05  -13.056086
-1.5841908  -0.00010726355  -13.262947
-1.3502975  -5.143852e-05  -11.648257
-1.3210297  -6.589193e-05  -11.444988
-1.9709072  -0.00012848087  -15.914364
-1.9655881  -0.0001395084  -15.87896
-1.9921267  -0.00013525502  -16.057262
-1.9637232  -0.0001382984  -15.863235
-1.4979212  -7.777051e-05  -12.667897
-1.1033521  -4.5214354e-05  -9.923475
-1.6744864  -9.2066206e-05  -13.88193
-1.8387935  -0.00011794169  -15.007982
-1.7706556  -0.00012343761  -14.541691
