-0.019398212  -0.0025555762  -0.6545677
-0.53565216  -0.0035678472  -4.508724
-1.4673848  -0.002588407  -8.732812
-3.8487084  -0.0014345027  -16.798328
-5.932996  -0.000921938  -22.807425
-9.370701  -0.0009514031  -31.961578
-11.645329  -0.0016824136  -37.79699
-14.784655  -0.0039342004  -45.732216
0.0  0.0  0.0
-16.69632  -0.0057819397  -50.53152
-16.083275  -0.0042236466  -49.14276
-15.037349  -0.0029208008  -46.56613
-13.95171  -0.0020053268  -43.85247
-13.436562  -0.0017763204  -42.553783
-13.949621  -0.001727836  -43.849174
-15.033291  -0.0011981006  -46.55919
-16.077187  -0.00029214047  -49.132355
-16.68683  0.0010178715  -50.515717
-14.777097  -0.00013669621  -45.718506
-11.63949  -0.001272395  -37.787277
-9.366296  -0.0012092169  -31.953846
-5.9294333  -7.713016e-05  -22.801409
-3.8460853  0.0009976788  -16.793596
-1.4660263  0.002627427  -8.729744
-0.5341306  0.0037364033  -4.505554
-0.019757748  0.0025043609  -0.65369225
0.0  0.0  0.0
0.0  0.0  0.0
0.0  0.0  0.0
-11.257013  -0.0015052526  -36.894672
-11.358681  -0.0014804407  -37.123238
-11.2908535  -0.0013105304  -36.98154
-11.362722  -0.0013665811  -37.130676
-0.051363945  -2.2434746e-05  -0.8745785
-5.3769145  -8.882914e-05  -21.171824
-5.307006  -0.0007836722  -20.97522
-9.07365  -0.0012711104  -31.195229
-9.061908  -0.0007823658  -31.162344
-2.757958  -0.00014071283  -13.1993685
-1.269794  -1.6489998e-05  -7.7446003
-0.18755722  -2.8135546e-05  -2.113121
-8.161078  -0.00082955655  -28.779882
-0.09718466  -0.003744115  -1.5642052
-0.53565216  -0.0035678472  -4.508724
-2.1369643  -0.0021762825  -11.233637
-4.85581  -0.0011256482  -19.77023
-5.932996  -0.000921938  -22.807425
-8.209604  -0.00081665267  -28.932497
-9.370701  -0.0009514031  -31.961578
-10.52076  -0.0012349874  -34.926193
-12.730219  -0.002301087  -40.55082
-13.775873  -0.003064523  -43.19159
0.0  0.0  0.0
-16.69632  -0.0057819397  -50.53152
-16.660109  -0.0053724395  -50.500717
-16.450813  -0.0048516993  -50.023952
-16.083275  -0.0042236466  -49.14276
-15.037349  -0.0029208008  -46.56613
-13.95171  -0.0020053268  -43.85247
-13.577358  -0.0018196553  -42.909668
-13.436562  -0.0017763204  -42.553783
-13.576269  -0.0017864122  -42.907806
-13.949621  -0.001727836  -43.849174
-15.033291  -0.0011981006  -46.55919
-16.077187  -0.00029214047  -49.132355
-16.443169  0.00019544241  -50.01158
-16.651993  0.0006392741  -50.486267
-16.68683  0.0010178715  -50.515717
-13.768607  -0.0006456863  -43.17953
-12.723604  -0.0010460934  -40.53991
-10.515605  -0.0013333729  -34.91743
-9.366296  -0.0012092169  -31.953846
-8.205469  -0.0009304608  -28.925278
-5.9294333  -7.713016e-05  -22.801409
-4.8525147  0.0004345064  -19.764662
-2.13554  0.0021111984  -11.230541
-0.5341306  0.0037364033  -4.505554
-0.097240925  0.0036952896  -1.5648537
0.0  0.0  0.0
0.0035309792  -0.0009751255  -0.13811684
-0.019398212  -0.0025555762  -0.6545677
-0.26090622  -0.0042063454  -2.8561993
-0.93390465  -0.0030575858  -6.477503
-1.4673848  -0.002588407  -8.732812
-2.9356213  -0.001782672  -13.937121
-3.8487084  -0.0014345027  -16.798328
-7.0578117  -0.00080274  -25.872004
-11.645329  -0.0016824136  -37.79699
-14.784655  -0.0039342004  -45.732216
-15.758365  -0.0048573175  -48.17878
-15.595398  -0.003555688  -47.94893
-14.46661  -0.0023898392  -45.14324
-14.463428  -0.0015248281  -45.137947
-15.590713  -0.0007619199  -47.940014
0.0034446716  0.0009795886  -0.13746452
-0.019757748  0.0025043609  -0.65369225
-0.26124  0.0041156327  -2.8578033
-0.93244696  0.0031738663  -6.4742985
-1.4660263  0.002627427  -8.729744
-2.9336457  0.0015619204  -13.933406
-3.8460853  0.0009976788  -16.793596
-7.053918  -0.00054053904  -25.86538
-11.63949  -0.001272395  -37.787277
-14.777097  -0.00013669621  -45.718506
-15.749291  0.0004261459  -48.163975
0.0  0.0  0.0
0.0  0.0  0.0
0.0  0.0  0.0
0.0  0.0  0.0
0.0  0.0  0.0
-12.481571  -0.0015916787  -40.07689
-12.474236  -0.0016331763  -40.058075
-12.739898  -0.0016607959  -40.72996
-12.746941  -0.0016632623  -40.745888
-15.171562  -0.00387831  -46.772453
-15.164736  -0.00032619864  -46.760483
-14.763697  -0.0033613215  -45.7715
-14.75776  -0.00068970607  -45.7612
-13.207428  -0.0015844423  -41.90894
-13.211231  -0.001901441  -41.91548
-14.272385  -0.0010704605  -44.564476
-14.2775135  -0.0027924113  -44.57323
-13.713114  -0.0013829406  -43.17247
-13.7172165  -0.0022854202  -43.179504
-11.541587  -0.0014002135  -37.570503
-11.5458355  -0.0015127215  -37.57795
-10.420275  -0.0013817775  -34.689804
-10.423643  -0.001139771  -34.695118
-12.862381  -0.0021124056  -40.943336
-12.857356  -0.0012667105  -40.93473
-5.6524963  -0.00034196296  -21.979975
-5.6471963  -0.0005824822  -21.968206
-9.257723  -0.0008679263  -31.671745
-9.256704  -0.0012482787  -31.672325
-4.557644  -0.0002228716  -18.842875
-4.54354  -0.00040728442  -18.80489
-6.81231  -0.0004905644  -25.179087
-6.820509  -0.00078246725  -25.204185
-8.022414  -0.00066016935  -28.424395
-8.030591  -0.0010264878  -28.449226
-3.5375688  -0.000115756935  -15.765915
-3.5308492  -0.00026057352  -15.748133
-2.625651  -0.00018360914  -12.825665
-2.6275482  2.0144798e-05  -12.829394
-0.75104  -5.4996402e-05  -5.49724
-0.7491574  0.00017208199  -5.493677
-1.2324266  0.000123368  -7.6648407
-1.2303247  -5.469477e-05  -7.6606846
-1.854373  -0.00012548774  -10.111861
-1.8566766  0.00011169381  -10.115711
-0.40525007  0.000507591  -3.6523914
-0.40555048  -0.00047420128  -3.6515293
-0.006562233  0.0005141119  -0.26309395
-0.006626606  -0.00051159866  -0.26447487
-0.18250942  -0.0006816315  -2.161871
-0.18307638  0.00065817015  -2.165636
-0.060046196  -0.0003264081  -1.0551338
-0.060119152  0.00030377897  -1.0571804
-0.009059906  0.00033943163  -0.21147919
-0.009058952  -0.0003506509  -0.2127819
-13.681128  -0.0026990785  -43.00515
-0.115355015  3.0053197e-05  -1.5263844
-0.11566305  -7.0336566e-05  -1.5282669
-12.436501  -0.0014765617  -39.896
-12.440134  -0.0017465851  -39.90181
-0.2883215  -0.00015207386  -2.8482246
-0.2884717  0.00011445704  -2.8465385
-0.57625866  0.00035253313  -4.544159
-0.57569313  -0.00034776982  -4.5430202
-1.5598745  0.00053288945  -8.930787
-1.5584974  -0.0005771655  -8.928166
-2.2828722  -0.0005724754  -11.59741
-2.283669  0.00041878741  -11.597981
-0.99632263  0.00052173965  -6.582857
-0.9950857  -0.00050523406  -6.5805607
-3.189962  0.0002266069  -14.622911
-3.1842904  -0.00055498903  -14.60758
-4.2480955  7.782254e-05  -17.887764
-4.204322  -0.00066180504  -17.759987
-7.7831593  -0.0005193063  -27.777634
-7.8305807  -0.0010881645  -27.906588
-9.061908  -0.0007823658  -31.162344
-9.07365  -0.0012711104  -31.195229
-6.5431995  -0.00029122608  -24.423958
-6.545997  -0.00089871744  -24.432617
-5.3769145  -8.882914e-05  -21.171824
-5.307006  -0.0007836722  -20.97522
-10.477505  -0.0010941199  -34.853348
-10.470127  -0.001447483  -34.836536
-11.358681  -0.0014804407  -37.123238
-11.362722  -0.0013665811  -37.130676
-11.915606  -0.001558332  -38.58026
-11.924042  -0.0014842803  -38.59977
-0.051363945  -2.2434746e-05  -0.8745785
-0.03863859  -0.00036098846  -0.70611954
-11.257013  -0.0015052526  -36.894672
-11.2908535  -0.0013105304  -36.98154
-11.261605  -0.0014032223  -36.914173
-13.675083  -0.00096740853  -42.995113
-0.03856945  0.00033826794  -0.7050533
-0.18755722  -2.8135546e-05  -2.113121
-0.4206319  -1.8264807e-05  -3.6561642
-0.7756057  -6.0935854e-06  -5.5374584
-1.9179058  -6.302004e-05  -10.271463
-1.269794  -1.6489998e-05  -7.7446003
-2.757958  -0.00014071283  -13.1993685
-3.907962  -0.00027364143  -16.846855
-8.826436  -0.00079424714  -30.543804
-8.870094  -0.0012008847  -30.659927
-5.1134176  -0.00024508062  -20.404488
-7.4516964  -0.00054464967  -26.882507
-7.6280065  -0.00096132496  -27.356766
-6.2762103  -0.00036516684  -23.677355
-6.1109123  -0.00068800815  -23.218473
-9.953493  -0.000992902  -33.499065
-9.9216  -0.0013575656  -33.417187
-10.076429  -0.0011234772  -33.825523
-9.903192  -0.0012470657  -33.37334
-7.123887  -0.00067453936  -25.99466
-4.9078517  -0.000603531  -19.81429
-8.161078  -0.00082955655  -28.779882
-9.144825  -0.0010000409  -31.384092
-8.735238  -0.0010370298  -30.303837
