-0.0004900694  -0.0006908076  -0.2289381
-0.089319825  -0.0015379585  -1.8459616
-0.2862965  -0.0014713275  -3.8364716
-0.8769094  -0.0011842913  -7.9861403
-1.4481597  -0.0009695855  -11.267088
-2.4487405  -0.00096782675  -16.444082
-3.1346817  -0.0014671681  -19.81229
-4.10011  -0.0031420873  -24.444494
0.0  0.0  0.0
-4.69431  -0.0045281667  -27.262392
-4.476283  -0.0031446065  -26.370642
-4.1428924  -0.0021531691  -24.834114
-3.8046026  -0.001513439  -23.237244
-3.6465125  -0.0013572107  -22.479671
-3.8053312  -0.0012793075  -23.23847
-4.1446185  -0.0008029112  -24.836174
-4.4789176  5.3152617e-05  -26.37382
-4.6981726  0.0013952117  -27.267252
-4.1035986  0.00027166965  -24.447834
-3.136567  -0.0009294585  -19.814226
-2.450217  -0.0010594687  -16.445023
-1.448598  -0.0004012915  -11.26628
-0.8770988  0.000237328  -7.98479
-0.28638816  0.0010801845  -3.8350039
-0.08909559  0.001397607  -1.8446608
-0.00093102455  0.0006067003  -0.22763157
0.0  0.0  0.0
0.0  0.0  0.0
0.0  0.0  0.0
-3.0024204  -0.0012220744  -19.248856
-3.040172  -0.0011660636  -19.399546
-3.0114489  -0.0011366982  -19.296663
-3.0391002  -0.0012064971  -19.399084
-0.0077797174  -2.4751702e-05  -0.33843422
-1.2990941  -0.00051014725  -10.3847275
-1.2802448  -0.00073780806  -10.27754
-2.3595872  -0.001100797  -16.00204
-2.3547163  -0.0008760025  -15.980587
-0.60599697  -0.00034913246  -6.1300206
-0.25158238  -0.00016965286  -3.4010754
-0.03091979  -4.2779953e-05  -0.84520435
-2.0916584  -0.00088081334  -14.6305275
-0.011744618  -0.0011437063  -0.5831156
-0.089319825  -0.0015379585  -1.8459616
-0.44271672  -0.0013954919  -5.0826287
-1.1484404  -0.0010650697  -9.593598
-1.4481597  -0.0009695855  -11.267088
-2.1048307  -0.000891941  -14.713284
-2.4487405  -0.00096782675  -16.444082
-2.7935863  -0.0011545442  -18.149878
-3.466186  -0.0019261442  -21.41415
-3.7882042  -0.0024939445  -22.956444
0.0  0.0  0.0
-4.69431  -0.0045281667  -27.262392
-4.6719284  -0.0041295965  -27.214176
-4.5980597  -0.003668095  -26.908808
-4.476283  -0.0031446065  -26.370642
-4.1428924  -0.0021531691  -24.834114
-3.8046026  -0.001513439  -23.237244
-3.6893234  -0.001396739  -22.686481
-3.6465125  -0.0013572107  -22.479671
-3.6897266  -0.0013476326  -22.686926
-3.8053312  -0.0012793075  -23.23847
-4.1446185  -0.0008029112  -24.836174
-4.4789176  5.3152617e-05  -26.37382
-4.6007347  0.00054009235  -26.912186
-4.675701  0.0009923278  -27.218132
-4.6981726  0.0013952117  -27.267252
-3.7907605  -0.00023481046  -22.959347
-3.468348  -0.00064952904  -21.416409
-2.7952335  -0.0010731906  -18.151197
-2.450217  -0.0010594687  -16.445023
-2.105919  -0.0009218629  -14.713513
-1.448598  -0.0004012915  -11.26628
-1.1486497  -8.5317646e-05  -9.592323
-0.44290507  0.0008466828  -5.0814357
-0.08909559  0.001397607  -1.8446608
-0.011674523  0.0010654762  -0.5829048
0.0  0.0  0.0
0.0020022392  -0.00020828936  -0.042307854
-0.0004900694  -0.0006908076  -0.2289381
-0.03895271  -0.001496944  -1.1211567
-0.16975951  -0.0015179068  -2.7530727
-0.2862965  -0.0014713275  -3.8364716
-0.64026916  -0.0012942778  -6.473458
-0.8769094  -0.0011842913  -7.9861403
-1.7692746  -0.00089618796  -12.981156
-3.1346817  -0.0014671681  -19.81229
-4.10011  -0.0031420873  -24.444494
-4.402372  -0.0038345666  -25.879997
-4.3191233  -0.0026111999  -25.654978
-3.9643025  -0.0017757172  -23.994854
-3.965458  -0.0010906184  -23.996378
-4.3217587  -0.0004036575  -25.657452
0.001897335  0.00019112643  -0.041825294
-0.00093102455  0.0006067003  -0.22763157
-0.038953066  0.001367064  -1.1207705
-0.16966617  0.0012619738  -2.7514772
-0.28638816  0.0010801845  -3.8350039
-0.64035714  0.00056255085  -6.4722366
-0.8770988  0.000237328  -7.98479
-1.769982  -0.0006860324  -12.9807625
-3.136567  -0.0009294585  -19.814226
-4.1035986  0.00027166965  -24.447834
-4.4054985  0.0008223426  -25.883812
0.0  0.0  0.0
0.0  0.0  0.0
0.0  0.0  0.0
0.0  0.0  0.0
0.0  0.0  0.0
-3.3634229  -0.00126994  -21.063604
-3.3617542  -0.0012900917  -21.053751
-3.4439483  -0.0012794107  -21.447056
-3.444981  -0.0013271456  -21.453804
-4.207808  -0.0030038473  -25.020292
-4.210696  5.804631e-05  -25.023258
-4.076983  -0.0025889226  -24.421074
-4.0795  -0.00030306482  -24.42381
-3.58872  -0.0011802902  -22.138096
-3.5880604  -0.0014907164  -22.137806
-3.9240346  -0.0006690051  -23.708729
-3.9220452  -0.0021504534  -23.706692
-3.747491  -0.0009766783  -22.884047
-3.7459815  -0.0017687108  -22.882473
-3.1000054  -0.0010742164  -19.669949
-3.0982268  -0.0013179578  -19.668259
-2.7622292  -0.0011305329  -18.008411
-2.7607238  -0.0010772978  -18.006516
-3.4964242  -0.0017199764  -21.61438
-3.498323  -0.00088529644  -21.616333
-1.3731377  -0.000661484  -10.820805
-1.3725617  -0.00063804723  -10.815876
-2.4136035  -0.00091848953  -16.273865
-2.41534  -0.0010863704  -16.27812
-1.0718819  -0.00059372117  -9.104816
-1.0687504  -0.00048749972  -9.084983
-1.7010182  -0.00074000604  -12.599403
-1.7046463  -0.0007938956  -12.615752
-2.0506344  -0.0008176781  -14.426971
-2.0546257  -0.0009620682  -14.444084
-0.80067456  -0.0005147121  -7.455641
-0.79937994  -0.0003462803  -7.446576
-0.5684447  -0.00022895914  -5.918771
-0.56856143  -0.00041830042  -5.9206696
-0.13643873  -0.0002748239  -2.3210192
-0.13588762  9.31379e-05  -2.3185635
-0.23910308  -0.00027305627  -3.3426323
-0.23862934  -3.309961e-05  -3.3400059
-0.38114178  -0.0001225115  -4.5414686
-0.38176107  -0.00033170468  -4.543824
-0.068042874  0.00018525432  -1.4878359
-0.068058014  -0.00030854729  -1.4882593
-0.0007407665  0.00018086785  -0.09507561
-0.0008137226  -0.00019286104  -0.09560585
-0.027691841  -0.0002470913  -0.8484936
-0.027938485  0.00017392088  -0.8491955
-0.007965207  -7.465572e-05  -0.39819813
-0.007973552  2.4224573e-05  -0.3981037
-0.0035498142  0.00010338938  -0.07986927
-0.0035161972  -0.00011370817  -0.080345154
-3.749516  -0.0021544471  -22.821348
-0.01879549  2.9949355e-05  -0.59828186
-0.018990874  -9.292862e-05  -0.59830666
-3.3634853  -0.001107713  -20.995735
-3.362117  -0.0014379318  -20.993896
-0.04857707  -0.000105415995  -1.1526785
-0.04880786  1.5021069e-06  -1.1522102
-0.10368693  4.2596366e-07  -1.9013519
-0.10360932  -0.00016979084  -1.9001274
-0.31603873  -4.9858296e-05  -3.9723988
-0.3156656  -0.00035433084  -3.9705334
-0.48740637  -0.00042680954  -5.3040414
-0.48755074  -0.00015280026  -5.3046446
-0.19070685  -1.840468e-06  -2.842616
-0.19033158  -0.00026316277  -2.8408241
-0.7142931  -0.0002827518  -6.866409
-0.7128836  -0.00050019263  -6.858113
-0.9917995  -0.0003971429  -8.600313
-0.98027277  -0.0006172935  -8.531552
-1.9816421  -0.0007442405  -14.06346
-1.9963586  -0.0009863974  -14.138058
-2.3547163  -0.0008760025  -15.980587
-2.3595872  -0.001100797  -16.00204
-1.6260581  -0.0006285971  -12.1833515
-1.6276549  -0.00084702147  -12.189683
-1.2990941  -0.00051014725  -10.3847275
-1.2802448  -0.00073780806  -10.27754
-2.7732248  -0.0010357504  -18.087463
-2.7727325  -0.0011880179  -18.081308
-3.040172  -0.0011660636  -19.399546
-3.0391002  -0.0012064971  -19.399084
-3.2023792  -0.0012211244  -20.225094
-3.203095  -0.00124748  -20.232655
-0.0077797174  -2.4751702e-05  -0.33843422
-0.0077159405  -0.00014561682  -0.26806355
-3.0024204  -0.0012220744  -19.248856
-3.0114489  -0.0011366982  -19.296663
-3.0017862  -0.0011800451  -19.254843
-3.7516484  -0.00056985737  -22.823818
-0.007662177  0.00011053868  -0.26826096
-0.03091979  -4.2779953e-05  -0.84520435
-0.07393706  -7.106172e-05  -1.5097818
-0.14505553  -0.00011153583  -2.3598204
-0.40061653  -0.00024885713  -4.6409855
-0.25158238  -0.00016965286  -3.4010754
-0.60599697  -0.00034913246  -6.1300206
-0.9027133  -0.00048011914  -8.047494
-2.2852137  -0.00086961506  -15.628084
-2.2987747  -0.001067182  -15.695479
-1.2279052  -0.0005368156  -9.969367
-1.8864908  -0.00074614346  -13.56148
-1.9377246  -0.0009282036  -13.828931
-1.551648  -0.00063465524  -11.771831
-1.5054657  -0.00075386994  -11.518182
-2.616463  -0.0009805305  -17.3092
-2.6080635  -0.0011533569  -17.264725
-2.6519058  -0.0010375397  -17.492973
-2.6012232  -0.0011018312  -17.236128
-1.7928253  -0.0007891242  -13.064634
-1.1715996  -0.0006542472  -9.647096
-2.0916584  -0.00088081334  -14.6305275
-2.3782449  -0.0009766264  -16.104563
-2.258802  -0.0009896485  -15.49248
