-0.019674301  -0.0030086283  0.6814232
-0.65189266  -0.00494093  4.9302826
-1.9087524  -0.0042228014  9.796591
-5.417835  -0.002718003  19.38046
-8.690062  -0.0012938164  26.6493
-14.329505  -0.00040148772  37.832043
-18.168219  -0.0026672948  45.00768
-23.553871  -0.011689185  54.807655
0.0  0.0  0.0
-26.85947  -0.019305428  60.748398
-25.677717  -0.011610224  58.96487
-23.829247  -0.0060499306  55.75422
-21.943737  -0.0024355676  52.390324
-21.057524  -0.0013544029  50.784805
-21.941132  -0.00047389045  52.387646
-23.824469  0.0027160216  55.748795
-25.6702  0.0077910307  58.956642
-26.847832  0.015128607  60.735878
-23.54478  0.008311571  54.797062
-18.161709  0.00051464885  45.000504
-14.32497  -0.0009263145  37.826553
-8.686106  0.0010625875  26.644922
-5.414934  0.002838205  19.376997
-1.9073706  0.004549693  9.794382
-0.65005016  0.005314933  4.927267
-0.020195961  0.0029480099  0.6821747
0.0  0.0  0.0
0.0  0.0  0.0
0.0  0.0  0.0
-17.432247  -0.0011779708  43.854416
-17.636543  -0.0008209705  44.15494
-17.488037  -0.000795858  43.95971
-17.641407  -0.0011881264  44.16114
-0.05628872  -9.412586e-06  0.9127102
-7.809133  0.0003491795  24.661154
-7.699044  -0.0005206738  24.423988
-13.815422  -0.0011548271  36.88099
-13.794411  -5.6191406e-05  36.838577
-3.7743993  6.164861e-05  15.064658
-1.6325836  0.00010014413  8.633896
-0.21487999  1.6250997e-05  2.2468796
-12.302666  -0.00036996775  33.92044
-0.10944939  -0.00444967  1.6617126
-0.65189266  -0.00494093  4.9302826
-2.861641  -0.0038443226  12.737608
-6.9809084  -0.0019867723  22.965849
-8.690062  -0.0012938164  26.6493
-12.398859  -0.00033258004  34.120605
-14.329505  -0.00040148772  37.832043
-16.261553  -0.0011079428  41.473396
-20.019794  -0.005020854  48.403725
-21.814758  -0.00810373  51.665672
0.0  0.0  0.0
-26.85947  -0.019305428  60.748398
-26.749271  -0.01710821  60.68466
-26.345562  -0.014498926  60.072678
-25.677717  -0.011610224  58.96487
-23.829247  -0.0060499306  55.75422
-21.943737  -0.0024355676  52.390324
-21.299335  -0.0016616466  51.224483
-21.057524  -0.0013544029  50.784805
-21.298098  -0.0010975857  51.223125
-21.941132  -0.00047389045  52.387646
-23.824469  0.0027160216  55.748795
-25.6702  0.0077910307  58.956642
-26.33689  0.010513512  60.063477
-26.739212  0.012993942  60.67347
-26.847832  0.015128607  60.735878
-21.806442  0.0051378477  51.656586
-20.012478  0.0024506152  48.395607
-16.25586  -0.0006355037  41.466938
-14.32497  -0.0009263145  37.826553
-12.3942375  -0.0005798751  34.115242
-8.686106  0.0010625875  26.644922
-6.977201  0.00196777  22.961758
-2.8601007  0.004152374  12.735388
-0.65005016  0.005314933  4.927267
-0.109321594  0.004489361  1.6619034
0.0  0.0  0.0
0.003563881  -0.0010828293  0.14306068
-0.019674301  -0.0030086283  0.6814232
-0.3058796  -0.005351559  3.0789566
-1.176816  -0.004592537  7.1792564
-1.9087524  -0.0042228014  9.796591
-4.035805  -0.0033470187  15.950948
-5.417835  -0.002718003  19.38046
-10.508045  -0.0006835162  30.381128
-18.168219  -0.0026672948  45.00768
-23.553871  -0.011689185  54.807655
-25.235569  -0.015461161  57.834824
-24.81049  -0.008722348  57.474472
-22.834763  -0.003911377  53.98868
-22.831276  0.00080860336  53.98475
-24.804493  0.0051371893  57.467285
0.0034360886  0.0010783604  0.14281273
-0.020195961  0.0029480099  0.6821747
-0.30601025  0.0053962707  3.080408
-1.1754026  0.0049271574  7.1767845
-1.9073706  0.004549693  9.794382
-4.033848  0.0035733436  15.94845
-5.414934  0.002838205  19.376997
-10.503767  0.00016166008  30.37632
-18.161709  0.00051464885  45.000504
-23.54478  0.008311571  54.797062
-25.225243  0.011683471  57.823845
0.0  0.0  0.0
0.0  0.0  0.0
0.0  0.0  0.0
0.0  0.0  0.0
0.0  0.0  0.0
-19.466965  -0.001198848  47.750145
-19.454613  -0.0011781943  47.727314
-19.912876  -0.0009768069  48.55949
-19.923178  -0.0015060706  48.57726
-24.166756  -0.010859635  56.065407
-24.158745  0.00736427  56.05632
-23.443138  -0.008571213  54.816757
-23.435852  0.005250804  54.80873
-20.719284  -0.00023858546  50.0188
-20.723637  -0.0024216063  50.02428
-22.578133  0.0030256957  53.316956
-22.583782  -0.0061094956  53.323368
-21.599915  0.001105424  51.58716
-21.604618  -0.003971555  51.59253
-17.96532  -0.00028859352  44.716415
-17.970127  -0.001802082  44.721947
-16.07558  -0.0009599915  41.17529
-16.078901  -0.00072513515  41.178436
-20.199612  -0.0038488354  48.863388
-20.19388  0.0012665581  48.856857
-8.246299  -0.00013641844  25.643398
-8.239065  -4.375208e-05  25.631174
-14.129585  -0.00020447798  37.469112
-14.129963  -0.0010756394  37.472855
-6.5198503  -0.00018129795  21.844437
-6.498705  0.00017726916  21.800348
-10.11035  -8.745049e-05  29.534224
-10.125076  -0.00037186642  29.567158
-12.086153  -6.245234e-05  33.49479
-12.101363  -0.0007882141  33.527813
-4.947674  -0.00019076868  18.13942
-4.9379687  0.00033200288  18.11936
-3.5797224  0.0003521461  14.625913
-3.5822678  -8.116779e-05  14.629322
-0.93275166  -0.00015964976  6.0502663
-0.9306412  0.00047827756  6.047142
-1.5835457  5.2652438e-05  8.549122
-1.5809069  0.00028205873  8.544867
-2.458023  0.00029232237  11.4128895
-2.4606285  2.827245e-05  11.416286
-0.48553848  0.0007783959  3.9626465
-0.4857607  -0.00060128036  3.9610233
-0.006380081  0.0007097904  0.2709961
-0.00644207  -0.00070703187  0.27243233
-0.21045303  -0.00073922944  2.3091545
-0.21065998  0.00083027955  2.312582
-0.06610298  -0.00028311956  1.1082726
-0.0662241  0.00028915936  1.1115246
-0.009296417  0.00044719514  0.21610641
-0.009357452  -0.0004564464  0.21796608
-21.610191  -0.006238912  51.41324
-0.1297884  0.0001310691  1.6116924
-0.13011837  -0.00011121464  1.6143036
-19.448994  -0.0001262562  47.5606
-19.453056  -0.0022731456  47.564842
-0.33797455  -0.000120420475  3.0595016
-0.33831215  0.00020316796  3.0580215
-0.7026663  0.0004641153  4.9603806
-0.7021589  -0.0003076033  4.959791
-2.0382738  0.0007544691  10.020266
-2.0366697  -0.000527645  10.018103
-3.0756483  -0.00045126723  13.162904
-3.0764074  0.0006617012  13.162747
-1.2594442  0.00068780326  7.2910194
-1.25811  -0.00046492834  7.2891674
-4.421426  0.00046277803  16.766436
-4.4134293  -0.00032313963  16.74915
-6.039499  0.0004141766  20.689747
-5.9721193  -0.0004304362  20.53661
-11.689219  0.0001431891  32.700684
-11.767887  -0.0009199598  32.85982
-13.794411  -5.6191406e-05  36.838577
-13.815422  -0.0011548271  36.88099
-9.674181  0.00025451957  28.612055
-9.67945  -0.0006392378  28.623886
-7.809133  0.0003491795  24.661154
-7.699044  -0.0005206738  24.423988
-16.148617  -0.0004974316  41.360695
-16.1383  -0.0011978641  41.342716
-17.636543  -0.0008209705  44.15494
-17.641407  -0.0011881264  44.16114
-18.550972  -0.0009084536  45.93222
-18.563675  -0.0012977137  45.953896
-0.05628872  -9.412586e-06  0.9127102
-0.042025566  -0.00052751787  0.73683167
-17.432247  -0.0011779708  43.854416
-17.488037  -0.000795858  43.95971
-17.432003  -0.0009740118  43.87355
-21.603178  0.0033364338  51.405563
-0.041822433  0.0005123203  0.7344513
-0.21487999  1.6250997e-05  2.2468796
-0.50303555  4.8414688e-05  3.957775
-0.9631882  8.032739e-05  6.0881424
-2.5465784  9.0678805e-05  11.593086
-1.6325836  0.00010014413  8.633896
-3.7743993  6.164861e-05  15.064658
-5.5141764  -1.3991608e-05  19.434526
-13.398271  -0.00016201823  36.07718
-13.471598  -0.0010183915  36.22068
-7.3919005  0.00015163311  23.729774
-11.144963  2.2549648e-05  31.605679
-11.4323015  -0.0006945012  32.184612
-9.243163  0.00011651951  27.701944
-8.978143  -0.0003814051  27.144264
-15.265189  -0.00032006847  39.69478
-15.213472  -0.0011757743  39.596035
-15.463194  -0.00059302564  40.091095
-15.175969  -0.0009212039  39.537796
-10.611219  -0.00026910816  30.52256
-7.068679  -0.00036408834  23.015936
-12.302666  -0.00036996775  33.92044
-13.920588  -0.0005297608  37.102985
-13.246173  -0.0006905742  35.78285
