-0.041851044  -0.0045581236  0.92188644
-0.94433117  -0.004405045  5.983856
-2.4160447  -0.0024140857  11.210941
-5.82897  -0.0002565093  20.684544
-8.601456  0.0007678891  27.476128
-12.945618  0.0015883322  37.57707
-15.729384  0.0011225487  43.92462
-19.504477  -0.0020536005  52.49106
0.0  0.0  0.0
-21.78342  -0.005147565  57.652817
-21.142315  -0.0039517414  56.245308
-19.923382  -0.0019122288  53.501644
-18.63396  0.000119025586  50.58879
-18.014935  0.0017380919  49.188454
-18.63021  0.0034207287  50.586
-19.916073  0.005580093  53.495667
-21.130775  0.0077048615  56.235844
-21.765345  0.008925628  57.638115
-19.490757  0.0056351526  52.479294
-15.720535  0.0021094184  43.917683
-12.939723  0.0013777609  37.57233
-8.597404  0.0017498939  27.473013
-5.8262877  0.0023237513  20.682508
-2.4145908  0.0036596388  11.209955
-0.9415827  0.0052446853  5.9807644
-0.042476654  0.0045152577  0.9233799
0.0  0.0  0.0
0.0  0.0  0.0
0.0  0.0  0.0
-15.308592  0.0017136922  42.996387
-15.41224  0.0019319204  43.2269
-15.350882  0.0014798664  43.090332
-15.418322  0.001287359  43.23275
-0.091879845  -7.603434e-06  1.1913586
-7.8557134  0.0014362291  25.619743
-7.7639165  0.00091755006  25.400087
-12.58563  0.0012582428  36.74778
-12.571259  0.0016799285  36.70978
-4.280507  0.00081747444  16.480164
-2.086461  0.0005142554  9.9627
-0.33216476  6.724347e-05  2.83951
-11.440414  0.0014532539  34.0887
-0.18835258  -0.0057547577  2.1576405
-0.94433117  -0.004405045  5.983856
-3.4140048  -0.0015983963  14.206431
-7.186318  0.00030292646  24.06438
-8.601456  0.0007678891  27.476128
-11.501389  0.0014461707  34.25869
-12.945618  0.0015883322  37.57707
-14.360115  0.0015031087  40.80881
-17.04097  0.00037317158  46.9043
-18.297352  -0.0006963796  49.75415
0.0  0.0  0.0
-21.78342  -0.005147565  57.652817
-21.775585  -0.005083345  57.65342
-21.555632  -0.004679328  57.169144
-21.142315  -0.0039517414  56.245308
-19.923382  -0.0019122288  53.501644
-18.63396  0.000119025586  50.58879
-18.184875  0.0009665537  49.572655
-18.014935  0.0017380919  49.188454
-18.183167  0.0025251093  49.57124
-18.63021  0.0034207287  50.586
-19.916073  0.005580093  53.495667
-21.130775  0.0077048615  56.235844
-21.542143  0.008469139  57.158405
-21.760159  0.008885107  57.64032
-21.765345  0.008925628  57.638115
-18.285252  0.0041732322  49.744484
-17.030672  0.0029835366  46.89614
-14.352789  0.0015989993  40.803017
-12.939723  0.0013777609  37.57233
-11.496191  0.0013982144  34.254517
-8.597404  0.0017498939  27.473013
-7.1827106  0.0019989852  24.061619
-3.41252  0.0031339955  14.205562
-0.9415827  0.0052446853  5.9807644
-0.18836689  0.0058707455  2.1593666
0.0  0.0  0.0
0.0030794144  -0.0020541358  0.20385933
-0.041851044  -0.0045581236  0.92188644
-0.47841358  -0.0059222374  3.8595486
-1.5887737  -0.0033324  8.450708
-2.4160447  -0.0024140857  11.210941
-4.560892  -0.0008691293  17.381653
-5.82897  -0.0002565093  20.684544
-10.0472145  0.0011711384  30.883537
-15.729384  0.0011225487  43.92462
-19.504477  -0.0020536005  52.49106
-20.666199  -0.0035960611  55.123295
-20.578264  -0.0029972072  54.978416
-19.247608  -0.00086040865  51.976284
-19.242193  0.0044630067  51.971985
-20.569168  0.0067179436  54.97032
0.0030078888  0.0020534187  0.20410728
-0.042476654  0.0045152577  0.9233799
-0.47949505  0.006061149  3.864109
-1.5868483  0.0043417364  8.448948
-2.4145908  0.0036596388  11.209955
-4.559036  0.0026782677  17.380577
-5.8262877  0.0023237513  20.682508
-10.04272  0.0015321185  30.880009
-15.720535  0.0021094184  43.917683
-19.490757  0.0056351526  52.479294
-20.65044  0.007280576  55.11071
0.0  0.0  0.0
0.0  0.0  0.0
0.0  0.0  0.0
0.0  0.0  0.0
0.0  0.0  0.0
-16.831005  0.0014681633  46.479424
-16.82142  0.0018897725  46.458973
-17.140804  0.0023817278  47.1849
-17.14975  0.0010010401  47.200924
-20.006718  -0.0026231417  53.64911
-19.9946  0.006257468  53.639004
-19.534138  -0.00197091  52.585762
-19.523493  0.005566245  52.576935
-17.70045  0.0030643693  48.455833
-17.706083  0.00037705322  48.461166
-18.958635  0.0047266474  51.302322
-18.967108  -0.001158765  51.30932
-18.299454  0.0038470877  49.811714
-18.306274  -0.00035203143  49.817383
-15.622131  0.0020687224  43.701
-15.628781  0.001165919  43.706284
-14.248449  0.0015646075  40.56584
-14.253362  0.001535251  40.56871
-17.234299  0.00027525384  47.3609
-17.226215  0.0031119029  47.354355
-8.224527  0.0012322455  26.53656
-8.218119  0.0012143096  26.52603
-12.811033  0.0016457533  37.264744
-12.809573  0.001318319  37.26838
-6.7738104  0.0010573511  22.996574
-6.7557025  0.0011531175  22.956264
-9.726594  0.0013995725  30.106972
-9.737447  0.0012530831  30.137642
-11.264533  0.0015634359  33.697075
-11.27502  0.0012539554  33.727394
-5.38515  0.0009173597  19.477411
-5.376588  0.0010402395  19.45944
-4.1046524  0.0008494696  16.061903
-4.1067624  0.00084605534  16.064005
-1.2817521  6.993429e-05  7.2015038
-1.2794385  0.0007899468  7.199192
-2.0403643  0.0005132507  9.884764
-2.0376387  0.00062102743  9.881668
-2.982257  0.00069377286  12.847627
-2.9847174  0.0007147551  12.849741
-0.71439934  0.0012216183  4.864727
-0.7144747  -0.0007665474  4.861601
-0.011949539  0.00025650603  0.36618233
-0.012050629  -0.00024868455  0.36833954
-0.33190155  -0.0013758461  2.9246674
-0.3328867  0.0015502408  2.9309673
-0.11222267  -0.0011041418  1.4483814
-0.11279869  0.0011301792  1.4536381
-0.013333321  0.00035000447  0.29024696
-0.013379097  -0.00035133085  0.29215813
-18.21473  -0.00058979867  49.58268
-0.20645142  -0.00033617276  2.0671673
-0.20715332  0.00039870065  2.0714512
-16.73541  0.0026197615  46.246643
-16.741291  0.00072211813  46.25087
-0.5082712  0.00028024527  3.8075256
-0.5084734  -1.2086937e-05  3.8052483
-0.98969364  0.0005216776  5.984089
-0.9892111  4.6734815e-05  5.9841366
-2.5315523  0.0011425554  11.409878
-2.5301466  5.306618e-05  11.408375
-3.6014109  0.00028177217  14.600236
-3.601943  0.0012225099  14.599372
-1.6637421  0.00094228203  8.537924
-1.6624446  -4.2022904e-05  8.536633
-4.8925037  0.0012455897  18.142794
-4.8853965  0.0005699471  18.12678
-6.34815  0.0013340835  21.898483
-6.28952  0.0007627425  21.75452
-10.961376  0.0016397369  32.981785
-11.021683  0.0011517858  33.126263
-12.571259  0.0016799285  36.70978
-12.58563  0.0012582428  36.74778
-9.376066  0.0015323702  29.261263
-9.379805  0.001061786  29.272438
-7.8557134  0.0014362291  25.619743
-7.7639165  0.00091755006  25.400087
-14.332083  0.0015701996  40.752884
-14.322584  0.0015347004  40.736683
-15.41224  0.0019319204  43.2269
-15.418322  0.001287359  43.23275
-16.111012  0.0021261051  44.827347
-16.122267  0.0011524612  44.846962
-0.091879845  -7.603434e-06  1.1913586
-0.0682888  -0.00013897894  0.9696312
-15.308592  0.0017136922  42.996387
-15.350882  0.0014798664  43.090332
-15.319674  0.0016035635  43.021957
-18.20471  0.004070321  49.574726
-0.06785202  0.00013136095  0.9664459
-0.33216476  6.724347e-05  2.83951
-0.72990036  0.00019632292  4.8464947
-1.3105974  0.00035264518  7.231533
-3.0636559  0.00066067796  13.01768
-2.086461  0.0005142554  9.9627
-4.280507  0.00081747444  16.480164
-5.8823786  0.0009875754  20.704002
-12.278894  0.0016222445  36.032272
-12.333352  0.0012691575  36.160904
-7.5041037  0.0012775735  24.75056
-10.539516  0.0015393111  31.990406
-10.76417  0.001218603  32.516365
-9.028414  0.0014324128  28.42539
-8.81354  0.0011381478  27.912716
-13.687503  0.0016370307  39.27639
-13.64729  0.001408571  39.187702
-13.844441  0.0015710591  39.637905
-13.628253  0.001469269  39.14244
-10.120361  0.0013570973  31.005507
-7.231489  0.00094214175  24.08455
-11.440414  0.0014532539  34.0887
-12.67969  0.0014990958  36.95772
-12.164999  0.0013819346  35.769337
