-0.04434204  -0.004274832  0.9464569
-1.13274  -0.0058876043  6.460684
-3.1202898  -0.004951735  12.446751
-8.238281  -0.0039507714  23.655296
-12.727663  -0.0034090346  31.839157
-20.139559  -0.004075519  44.136868
-25.049442  -0.0063200407  51.920506
-31.834274  -0.012727535  62.47496
0.0  0.0  0.0
-35.96772  -0.01781888  68.85069
-34.62604  -0.013327858  67.040665
-32.35788  -0.009727804  63.628708
-30.007744  -0.0072100167  60.025375
-28.893314  -0.006500646  58.29785
-30.00512  -0.006342874  60.021355
-32.353004  -0.0049681915  63.620457
-34.618305  -0.0025395597  67.02846
-35.955498  0.0012633787  68.8318
-31.824467  -0.0017289942  62.458992
-25.04227  -0.004768555  51.909206
-20.134083  -0.0045841616  44.127693
-12.722185  -0.0015945148  31.831732
-8.233631  0.0009869686  23.648842
-3.1172361  0.004230931  12.441471
-1.128912  0.006029889  6.454159
-0.04485607  0.0041847713  0.9464607
0.0  0.0  0.0
0.0  0.0  0.0
0.0  0.0  0.0
-24.195244  -0.005544816  50.733494
-24.424332  -0.005416214  51.03392
-24.267128  -0.0051517943  50.849194
-24.429935  -0.005356836  51.04294
-0.098563194  -3.056368e-05  1.2169952
-11.511246  -0.0016609678  29.59198
-11.361302  -0.0027994937  29.325085
-19.490158  -0.004663337  43.10793
-19.462782  -0.0036600153  43.063263
-5.8553333  -0.0010171274  18.632309
-2.6565742  -0.00034123473  10.982008
-0.37241173  -4.5897905e-05  2.9688969
-17.513613  -0.0035939687  39.86257
-0.20890617  -0.0059494385  2.2550335
-1.13274  -0.0058876043  6.460684
-4.556611  -0.004646274  15.953762
-10.406746  -0.0036017662  27.717237
-12.727663  -0.0034090346  31.839157
-17.635357  -0.003576226  40.083534
-20.139559  -0.004075519  44.136868
-22.621433  -0.0049591977  48.09488
-27.393066  -0.008100543  55.586082
-29.652794  -0.010279195  59.098064
0.0  0.0  0.0
-35.96772  -0.01781888  68.85069
-35.883606  -0.016609402  68.82329
-35.42432  -0.015082546  68.20154
-34.62604  -0.013327858  67.040665
-32.35788  -0.009727804  63.628708
-30.007744  -0.0072100167  60.025375
-29.197954  -0.0066536637  58.771446
-28.893314  -0.006500646  58.29785
-29.196707  -0.0064918827  58.769424
-30.00512  -0.006342874  60.021355
-32.353004  -0.0049681915  63.620457
-34.618305  -0.0025395597  67.02846
-35.41541  -0.0011813978  68.18744
-35.873116  0.00010557752  68.80646
-35.955498  0.0012633787  68.8318
-29.643932  -0.0030779194  59.083992
-27.38514  -0.004150831  55.573444
-22.61495  -0.0049306885  48.08458
-20.134083  -0.0045841616  44.127693
-17.62965  -0.0038227187  40.074856
-12.722185  -0.0015945148  31.831732
-10.401303  -0.00033299509  27.710154
-4.5534887  0.0033200611  15.948467
-1.128912  0.006029889  6.454159
-0.20862389  0.005911421  2.253996
0.0  0.0  0.0
0.003563881  -0.0016612782  0.20587158
-0.04434204  -0.004274832  0.9464569
-0.55199146  -0.0068207667  4.102215
-1.9799385  -0.0053604897  9.25993
-3.1202898  -0.004951735  12.446751
-6.273135  -0.0043079713  19.712238
-8.238281  -0.0039507714  23.655296
-15.151893  -0.0033662238  35.97359
-25.049442  -0.0063200407  51.920506
-31.834274  -0.012727535  62.47496
-33.93906  -0.01525853  65.725296
-33.568268  -0.011504526  65.46171
-31.121832  -0.008260451  61.74018
-31.11831  -0.0058324384  61.734047
-33.56207  -0.0038156835  65.45107
0.0034360886  0.0016487711  0.20537186
-0.04485607  0.0041847713  0.9464607
-0.55217266  0.0066400366  4.1026115
-1.9766798  0.0051209917  9.254028
-3.1172361  0.004230931  12.441471
-6.2695847  0.00221314  19.706707
-8.233631  0.0009869686  23.648842
-15.146328  -0.0027872971  35.96565
-25.04227  -0.004768555  51.909206
-31.824467  -0.0017289942  62.458992
-33.92825  -0.00026291027  65.708405
0.0  0.0  0.0
0.0  0.0  0.0
0.0  0.0  0.0
0.0  0.0  0.0
0.0  0.0  0.0
-26.834215  -0.005958329  54.987694
-26.818441  -0.0060178805  54.962494
-27.395397  -0.0060757324  55.857487
-27.408205  -0.0061876397  55.877953
-32.663002  -0.012464353  63.872734
-32.65457  -0.002416219  63.85894
-31.77856  -0.011012438  62.548424
-31.770905  -0.0034276103  62.5363
-28.408535  -0.005879392  57.42583
-28.413338  -0.0068819085  57.4336
-30.717821  -0.0044831107  60.951294
-30.723724  -0.009407969  60.961166
-29.504995  -0.005335084  59.104023
-29.50996  -0.0079692155  59.11231
-24.823883  -0.0051833745  51.626617
-24.829233  -0.0057896264  51.63546
-22.403172  -0.005085921  47.783096
-22.406862  -0.0046891253  47.78913
-27.671804  -0.007517761  56.1211
-27.665607  -0.00486989  56.11097
-12.114004  -0.0022047986  30.701921
-12.104102  -0.0025165563  30.686493
-19.890549  -0.0038764304  43.747543
-19.891388  -0.0046565216  43.749287
-9.752777  -0.0017600437  26.431402
-9.723537  -0.0018980743  26.380161
-14.615523  -0.0026953095  35.02856
-14.635103  -0.0032024807  35.063053
-17.225529  -0.0032348782  39.39505
-17.24569  -0.003961393  39.42922
-7.553583  -0.0013404028  22.210201
-7.5397563  -0.0013307345  22.185905
-5.5894747  -0.00092565734  18.14082
-5.5933847  -0.00084533193  18.146091
-1.5709362  -0.00026305765  7.8295097
-1.567523  0.00013910164  7.824589
-2.5973616  -0.00015564216  10.904209
-2.5932722  -0.0003548055  10.898127
-3.931449  -0.00063965237  14.350924
-3.9354572  -0.00042230845  14.356287
-0.8406992  0.0007833629  5.2015476
-0.8412285  -0.0008477967  5.2004337
-0.0128479  0.00081854686  0.37031937
-0.012932777  -0.00082361535  0.37200165
-0.37549877  -0.0011448963  3.0747166
-0.37593842  0.0011034557  3.078865
-0.12233639  -0.0005709806  1.4958992
-0.12257671  0.0005267174  1.4996605
-0.014255524  0.0005699005  0.29013443
-0.014334679  -0.00058740797  0.29235077
-29.442465  -0.009207018  58.86223
-0.2277031  -8.204626e-05  2.1447163
-0.2281847  1.8839026e-05  2.147974
-26.75019  -0.005483832  54.733673
-26.754532  -0.006446492  54.74057
-0.5839577  -0.00012480374  4.026226
-0.58428  2.3259316e-05  4.0246162
-1.1872683  0.0003462357  6.4449444
-1.18643  -0.0005433734  6.4438667
-3.2836914  0.0003681006  12.666174
-3.2814064  -0.0012721727  12.663218
-4.837655  -0.0015024926  16.408068
-4.838766  -3.451691e-05  16.40842
-2.078271  0.00051296013  9.345127
-2.0763817  -0.00094758184  9.342564
-6.791607  -0.00062887603  20.6132
-6.780364  -0.0017485813  20.592808
-9.074675  -0.0011188688  25.10886
-8.981215  -0.0022803375  24.934496
-16.703674  -0.0029232248  38.520203
-16.80755  -0.004026432  38.69411
-19.462782  -0.0036600153  43.063263
-19.490158  -0.004663337  43.10793
-14.028193  -0.0022613578  33.999924
-14.035018  -0.0033456173  34.011627
-11.511246  -0.0016609678  29.59198
-11.361302  -0.0027994937  29.325085
-22.517021  -0.0045716516  48.00234
-22.50389  -0.005263238  47.980762
-24.424332  -0.005416214  51.03392
-24.429935  -0.005356836  51.04294
-25.620983  -0.005696916  52.98266
-25.636797  -0.00568625  53.007973
-0.098563194  -3.056368e-05  1.2169952
-0.072977066  -0.0006335203  0.9881859
-24.195244  -0.005544816  50.733494
-24.267128  -0.0051517943  50.849194
-24.202728  -0.0053355843  50.760796
-29.434998  -0.0040526427  58.85047
-0.07265282  0.0005856436  0.98548126
-0.37241173  -4.5897905e-05  2.9688969
-0.8559551  -7.955474e-05  5.1689606
-1.6038914  -0.0001665128  7.8495827
-4.0471697  -0.00062925695  14.543144
-2.6565742  -0.00034123473  10.982008
-5.8553333  -0.0010171274  18.632309
-8.33571  -0.0015744853  23.673061
-18.950607  -0.0036608358  42.231846
-19.046137  -0.004469144  42.388096
-10.937298  -0.0018491929  28.540665
-15.984436  -0.0029087393  37.311543
-16.364937  -0.0037252104  37.949825
-13.447426  -0.0023370027  32.98452
-13.090443  -0.0028599028  32.36261
-21.382793  -0.004244846  46.191402
-21.315544  -0.0050009196  46.082146
-21.646158  -0.004545569  46.628643
-21.27274  -0.004763715  46.023262
-15.275713  -0.0030883634  36.11357
-10.494505  -0.0024059913  27.737125
-17.513613  -0.0035939687  39.86257
-19.636007  -0.004121101  43.357918
-18.75298  -0.0041128965  41.90928
