-0.0023101568  -0.00050433516  0.25958252
-0.07581848  -0.00031759284  1.7225733
-0.18969691  -7.725937e-05  3.229856
-0.44464543  7.9319034e-05  5.9675627
-0.6480801  0.00011380573  7.9403076
-0.96733606  0.00011478081  10.897328
-1.174906  9.496479e-05  12.773319
-1.4611666  -7.2136772e-06  15.328932
0.0  0.0  0.0
-1.6361926  -0.00011202098  16.877748
-1.5778067  3.8494232e-05  16.413649
-1.4815693  0.0001151638  15.578003
-1.3825929  0.00014754965  14.702934
-1.335631  0.00013179219  14.285293
-1.3822217  0.0001286412  14.702351
-1.4814053  0.0001695561  15.576893
-1.5772761  0.000255795  16.411835
-1.6352366  0.00042180705  16.874645
-1.4607656  0.00028761162  15.32648
-1.1744115  0.00015062306  12.771725
-0.96709126  9.901723e-05  10.896137
-0.6478181  0.0001159118  7.9390173
-0.44439867  0.00013930548  5.9664726
-0.18952614  0.00028594778  3.2290254
-0.07521558  0.00051753025  1.7206526
-0.002744794  0.000455531  0.26066637
0.0  0.0  0.0
0.0  0.0  0.0
0.0  0.0  0.0
-1.1381172  0.000115063594  12.474493
-1.1478808  0.00011939193  12.551918
-1.1410806  0.00012289529  12.501905
-1.1483064  0.000112430396  12.553339
-0.007924199  3.1481904e-06  0.35763407
-0.59366333  0.00014926742  7.4038653
-0.58694863  7.153691e-05  7.3398466
-0.93936557  8.9213274e-05  10.647519
-0.93824315  0.00012336232  10.636372
-0.33119982  0.000106272506  4.761994
-0.16649097  9.567596e-05  2.887837
-0.0283643  3.233441e-05  0.8384628
-0.85516286  0.000112776106  9.868926
-0.015021503  -0.00054304773  0.6165972
-0.07581848  -0.00031759284  1.7225733
-0.2651979  -5.503618e-06  4.094322
-0.5443974  9.775435e-05  6.9479637
-0.6480801  0.00011380573  7.9403076
-0.8607866  0.00012224271  9.922348
-0.96733606  0.00011478081  10.897328
-1.0724554  0.00010051123  11.850417
-1.2736868  5.6567238e-05  13.659126
-1.3692155  2.3227989e-05  14.509672
0.0  0.0  0.0
-1.6361926  -0.00011202098  16.877748
-1.631841  -6.289952e-05  16.861366
-1.611928  -1.313722e-05  16.701958
-1.5778067  3.8494232e-05  16.413649
-1.4815693  0.0001151638  15.578003
-1.3825929  0.00014754965  14.702934
-1.348393  0.00013596598  14.399664
-1.335631  0.00013179219  14.285293
-1.3482435  0.0001271109  14.399399
-1.3822217  0.0001286412  14.702351
-1.4814053  0.0001695561  15.576893
-1.5772761  0.000255795  16.411835
-1.6112257  0.00032653566  16.700125
-1.6312491  0.00037844552  16.858713
-1.6352366  0.00042180705  16.874645
-1.3685794  0.00024778055  14.507698
-1.2731268  0.00019365909  13.657448
-1.0720453  0.00011328643  11.848964
-0.96709126  9.901723e-05  10.896137
-0.8605391  8.7992994e-05  9.921029
-0.6478181  0.0001159118  7.9390173
-0.5441383  0.00013231608  6.9466777
-0.26507244  0.0002219154  4.0933614
-0.07521558  0.00051753025  1.7206526
-0.014832258  0.00059575925  0.61721325
0.0  0.0  0.0
0.001621604  -0.0001631559  0.056365013
-0.0023101568  -0.00050433516  0.25958252
-0.038672745  -0.00054777315  1.1082067
-0.12613666  -0.00018151887  2.4339857
-0.18969691  -7.725937e-05  3.229856
-0.35087895  4.6046276e-05  5.0116024
-0.44464543  7.9319034e-05  5.9675627
-0.753974  0.00012926054  8.934375
-1.174906  9.496479e-05  12.773319
-1.4611666  -7.2136772e-06  15.328932
-1.5501766  -5.9343354e-05  16.117956
-1.5325067  9.531996e-05  16.02581
-1.4293242  0.00013999155  15.118622
-1.4291358  0.0001537167  15.117941
-1.5325009  0.00021099726  16.024181
0.0015143156  0.0001572128  0.05626297
-0.002744794  0.000455531  0.26066637
-0.038512647  0.00062947086  1.109395
-0.12596637  0.00036667348  2.4326653
-0.18952614  0.00028594778  3.2290254
-0.35071382  0.00017872111  5.010741
-0.44439867  0.00013930548  5.9664726
-0.75373757  9.5503e-05  8.933099
-1.1744115  0.00015062306  12.771725
-1.4607656  0.00028761162  15.32648
-1.5492909  0.00035159464  16.115652
0.0  0.0  0.0
0.0  0.0  0.0
0.0  0.0  0.0
0.0  0.0  0.0
0.0  0.0  0.0
-1.2490263  0.00013268835  13.492662
-1.2483658  0.0001223413  13.486646
-1.2727621  0.00012405669  13.703456
-1.2734379  0.00013257403  13.707857
-1.4955411  1.997472e-05  15.657183
-1.4951137  0.00026680174  15.655212
-1.4579738  5.626042e-05  15.332113
-1.457519  0.00022591071  15.330111
-1.3152677  0.0001396923  14.08338
-1.315557  0.00013051547  14.084484
-1.4129403  0.00019921307  14.941967
-1.4131814  9.199909e-05  14.943043
-1.3616216  0.00016539327  14.491596
-1.3618333  0.00011359407  14.492647
-1.1650176  0.00013018938  12.698008
-1.1652224  0.00010538046  12.699259
-1.0629125  0.0001087976  11.772788
-1.0630577  0.000115041534  11.773398
-1.284938  8.958839e-05  13.779955
-1.2846057  0.00016594287  13.778481
-0.62053066  0.0001431827  7.6685934
-0.6200378  9.118475e-05  7.6652007
-0.9565512  0.00012220757  10.801781
-0.9565648  9.5225405e-05  10.802908
-0.5143126  0.00014255432  6.6409082
-0.5130166  8.066579e-05  6.6288223
-0.730335  0.00013519697  8.708031
-0.7311739  8.825735e-05  8.716748
-0.8429533  0.00012725017  9.756456
-0.84378195  8.220839e-05  9.765218
-0.41226405  0.00015286716  5.622211
-0.41165158  7.0579415e-05  5.6164656
-0.3174109  5.702803e-05  4.635194
-0.31760782  0.00016338546  4.6364
-0.10338569  0.00010271472  2.084127
-0.10294342  8.116036e-05  2.082703
-0.1619392  0.0001615749  2.8565125
-0.16162872  4.312668e-05  2.85471
-0.2333113  4.7465124e-05  3.7086482
-0.23360333  0.00016790628  3.7099633
-0.058439672  0.00012057884  1.4104753
-0.05850643  7.936131e-06  1.4101057
-0.0010938644  5.2148513e-05  0.10701847
-0.0011451244  -5.2100466e-05  0.10752773
-0.027492583  -7.12232e-05  0.85062695
-0.02754277  0.00014757575  0.8519578
-0.009511709  -8.3345294e-05  0.42270374
-0.009430051  9.7633194e-05  0.42431545
-0.003617406  3.9600825e-05  0.08796406
-0.0035709143  -4.1131818e-05  0.08887768
-1.3597391  6.43754e-05  14.444536
-0.01865089  1.0009546e-05  0.6108084
-0.018794537  2.9753446e-05  0.6119127
-1.2456671  0.00013996578  13.440964
-1.2459874  0.000112266076  13.4419155
-0.04274565  2.4516925e-05  1.1150913
-0.04312122  7.605637e-05  1.1149535
-0.081323445  0.00013064602  1.7426705
-0.08137643  1.1304037e-05  1.7422652
-0.20009178  0.00019265177  3.3013725
-0.1997754  8.719118e-06  3.3005161
-0.2804981  3.227945e-05  4.2185926
-0.2805606  0.00017704374  4.2187624
-0.13373417  0.00017898236  2.4762921
-0.1335308  2.3580687e-06  2.4755087
-0.3762801  0.00016454486  5.2400565
-0.37565577  5.17292e-05  5.235172
-0.48340765  0.00015643403  6.325401
-0.47905362  6.4665284e-05  6.283365
-0.82043874  0.00013144425  9.546656
-0.82485044  8.383818e-05  9.588714
-0.93824315  0.00012336232  10.636372
-0.93936557  8.9213274e-05  10.647519
-0.7046451  0.00013878595  8.4622135
-0.7049384  8.448995e-05  8.46534
-0.59366333  0.00014926742  7.4038653
-0.58694863  7.153691e-05  7.3398466
-1.0675507  0.00012137176  11.82155
-1.066909  0.00010273245  11.817046
-1.1478808  0.00011939193  12.551918
-1.1483064  0.000112430396  12.553339
-1.1982181  0.00011739165  13.016692
-1.198944  0.00012379201  13.022271
-0.007924199  3.1481904e-06  0.35763407
-0.008405924  -2.0169042e-05  0.28958797
-1.1381172  0.000115063594  12.474493
-1.1410806  0.00012289529  12.501905
-1.1384611  0.00011868593  12.47995
-1.3591753  0.0001999381  14.442778
-0.008297265  2.2043754e-05  0.28850126
-0.0283643  3.233441e-05  0.8384628
-0.060878158  5.820048e-05  1.4185686
-0.10682833  7.852478e-05  2.1039677
-0.24040928  0.00010362448  3.7653933
-0.16649097  9.567596e-05  2.887837
-0.33119982  0.000106272506  4.761994
-0.4493224  0.00010856938  5.9811134
-0.91645175  0.00012403235  10.436665
-0.9204874  9.0167356e-05  10.474344
-0.56808  0.00012906437  7.152669
-0.7895085  0.00012294548  9.257253
-0.805899  9.1254275e-05  9.410467
-0.67930174  0.00013010598  8.219572
-0.66364825  9.8867924e-05  8.070568
-1.0195698  0.000117193704  11.385857
-1.016619  0.000102432416  11.359958
-1.0307572  0.00011738736  11.490086
-1.0149136  0.0001033632  11.345057
-0.7589308  0.000110675755  8.970332
-0.54813206  9.15925e-05  6.959394
-0.85516286  0.000112776106  9.868926
-0.94549805  0.00010994302  10.70637
-0.9080386  9.944926e-05  10.359404
