-0.036136627  -0.003762245  -0.85847664
-0.8865032  -0.004617077  -5.7663918
-2.3726988  -0.0029917215  -11.017006
-6.0386734  -0.00095057744  -20.783989
-9.153145  6.2352716e-05  -27.907127
-14.179736  0.0005750606  -38.610435
-17.460842  9.534629e-05  -45.37984
-21.957563  -0.0020031494  -54.549797
0.0  0.0  0.0
-24.686659  -0.0038608059  -60.085995
-23.849522  -0.0024181488  -58.528275
-22.368267  -0.0010887616  -55.570374
-20.82013  -9.472936e-05  -52.443047
-20.082659  0.00028683105  -50.94351
-20.817966  0.00062615384  -52.4413
-22.364052  0.0015321008  -55.566536
-23.84336  0.0027320758  -58.522663
-24.677334  0.0040820627  -60.07766
-21.949856  0.0024179865  -54.54212
-17.454674  0.0005880593  -45.374382
-14.175005  0.0002869678  -38.60604
-9.149171  0.0010008295  -27.903555
-6.0357494  0.0019489722  -20.781284
-2.371172  0.0036627192  -11.015413
-0.88435936  0.0050863456  -5.763811
-0.03652954  0.0037203731  -0.8581734
0.0  0.0  0.0
0.0  0.0  0.0
0.0  0.0  0.0
-16.922848  0.00027788963  -44.360493
-17.062431  0.00034333728  -44.618176
-16.971401  0.00044595383  -44.460026
-17.066957  0.00037884933  -44.623245
-0.08234024  -2.1840999e-05  -1.1153755
-8.315338  0.0009431563  -25.959864
-8.211851  5.7811092e-05  -25.728878
-13.75091  0.00016228296  -37.72272
-13.732961  0.00072750467  -37.68198
-4.3571067  0.00038095337  -16.429008
-2.040103  0.00024370174  -9.760033
-0.30414867  -6.078015e-06  -2.694931
-12.418412  0.0005239493  -34.900024
-0.16728687  -0.005269508  -2.0309944
-0.8865032  -0.004617077  -5.7663918
-3.4191651  -0.0022838505  -14.077205
-7.551858  -0.00037085582  -24.319508
-9.153145  6.2352716e-05  -27.907127
-12.4933605  0.0005497668  -35.08309
-14.179736  0.0005750606  -38.610435
-15.842112  0.0004306158  -42.05347
-19.0181  -0.00044000798  -48.565773
-20.515327  -0.0011521738  -51.616943
0.0  0.0  0.0
-24.686659  -0.0038608059  -60.085995
-24.650124  -0.0035077878  -60.06787
-24.363766  -0.003025778  -59.532658
-23.849522  -0.0024181488  -58.528275
-22.368267  -0.0010887616  -55.570374
-20.82013  -9.472936e-05  -52.443047
-20.284397  0.00015676297  -51.354435
-20.082659  0.00028683105  -50.94351
-20.283234  0.00040355272  -51.35337
-20.817966  0.00062615384  -52.4413
-22.364052  0.0015321008  -55.566536
-23.84336  0.0027320758  -58.522663
-24.356108  0.0032926658  -59.526
-24.64202  0.0037528065  -60.05994
-24.677334  0.0040820627  -60.07766
-20.507854  0.0016606295  -51.61029
-19.01123  0.0010254616  -48.559708
-15.836609  0.00033628466  -42.048492
-14.175005  0.0002869678  -38.60604
-12.488855  0.00040985883  -35.078884
-9.149171  0.0010008295  -27.903555
-7.5481267  0.0014226531  -24.316147
-3.4176936  0.0030853811  -14.075787
-0.88435936  0.0050863456  -5.763811
-0.16756535  0.0052396227  -2.0326214
0.0  0.0  0.0
0.0035581589  -0.0015496563  -0.18515587
-0.036136627  -0.003762245  -0.85847664
-0.438097  -0.005734632  -3.6787987
-1.5269299  -0.003773159  -8.227541
-2.3726988  -0.0029917215  -11.017006
-4.6499324  -0.0015869719  -17.351475
-6.0386734  -0.00095057744  -20.783989
-10.809865  0.0003860097  -31.505896
-17.460842  9.534629e-05  -45.37984
-21.957563  -0.0020031494  -54.549797
-23.348179  -0.0029284628  -57.372593
-23.160591  -0.0017535802  -57.15997
-21.5554  -0.0005258311  -53.93169
-21.55207  0.0010144383  -53.92875
-23.155727  0.0021385343  -57.154877
0.0034704208  0.0015604765  -0.18469048
-0.03652954  0.0037203731  -0.8581734
-0.43900394  0.0056961784  -3.6823273
-1.5251169  0.0043353303  -8.225418
-2.371172  0.0036627192  -11.015413
-4.6478887  0.0025021506  -17.349648
-6.0357494  0.0019489722  -20.781284
-10.805581  0.00065561465  -31.502005
-17.454674  0.0005880593  -45.374382
-21.949856  0.0024179865  -54.54212
-23.339115  0.0032381273  -57.364594
0.0  0.0  0.0
0.0  0.0  0.0
0.0  0.0  0.0
0.0  0.0  0.0
0.0  0.0  0.0
-18.698637  0.00031218724  -48.062378
-18.688189  0.00033124295  -48.041096
-19.069311  0.00040051716  -48.81851
-19.078686  0.00021498572  -48.83513
-22.52729  -0.0020053694  -55.77004
-22.520294  0.0023882044  -55.763382
-21.950695  -0.0015043463  -54.62213
-21.944616  0.0019332154  -54.616447
-19.739008  0.0006172275  -50.181046
-19.743237  -3.984099e-05  -50.185646
-21.25658  0.0014261869  -53.241417
-21.261913  -0.00093713135  -53.246292
-20.460358  0.00096453493  -51.638077
-20.464703  -0.0004335996  -51.642128
-17.321337  0.00045724632  -45.131687
-17.325817  0.00024523117  -45.135765
-15.702782  0.0002744661  -41.78838
-15.706181  0.0005152495  -41.790543
-19.221561  -0.00027776635  -49.036102
-19.216316  0.000869078  -49.031242
-8.730108  0.0006923665  -26.921734
-8.723209  0.0003545925  -26.910374
-14.016876  0.00065394654  -38.274563
-14.016701  0.00022300868  -38.2788
-7.0963693  0.000647952  -23.205965
-7.0761604  0.0003646433  -23.163277
-10.444102  0.0007113038  -30.68691
-10.457184  0.00033091856  -30.719164
-12.217924  0.0007059996  -34.487026
-12.231059  0.0002649628  -34.519215
-5.5568643  0.0005899275  -19.533077
-5.5475516  0.00035707885  -19.513962
-4.163814  0.0002779686  -15.993308
-4.16602  0.0005862521  -15.99583
-1.2236824  7.746466e-05  -6.9835587
-1.2213602  0.0003915328  -6.9808636
-1.9906101  0.00043081463  -9.6789055
-1.9880142  0.00017271147  -9.675613
-2.9688501  0.00020061633  -12.690945
-2.9715195  0.00054536626  -12.69364
-0.66628075  0.00083340635  -4.667238
-0.66638374  -0.0006334465  -4.6646194
-0.010686874  0.0005995348  -0.33994675
-0.0107584  -0.00059226016  -0.34182167
-0.30242634  -0.0010498071  -2.7752361
-0.30343533  0.0010731644  -2.7811832
-0.10025883  -0.00060425245  -1.3598595
-0.10050106  0.00059397134  -1.3635502
-0.012723923  0.00044819037  -0.26935005
-0.012752533  -0.0004622288  -0.27099037
-20.392677  -0.00083096547  -51.416702
-0.18732929  -9.724902e-05  -1.9514446
-0.18783379  7.742585e-05  -1.9547024
-18.618904  0.0005652212  -47.836823
-18.622639  6.978196e-05  -47.839718
-0.4699993  -2.5233225e-05  -3.6341171
-0.46995354  7.747325e-05  -3.6314716
-0.9359741  0.0005083853  -5.77442
-0.9353628  -0.00026891028  -5.774006
-2.4996443  0.0009929978  -11.227484
-2.4979906  -0.00040389408  -11.225458
-3.627256  -0.0002571623  -14.490516
-3.6279836  0.0009974797  -14.490018
-1.6086769  0.00085326086  -8.323328
-1.6072226  -0.00041595238  -8.321602
-5.0208654  0.0009301285  -18.149773
-5.0128484  -5.9373735e-05  -18.132723
-6.624895  0.00094544527  -22.060204
-6.559741  2.8987415e-07  -21.909515
-11.86627  0.000834433  -33.728546
-11.936493  0.00015533212  -33.88153
-13.732961  0.00072750467  -37.68198
-13.75091  0.00016228296  -37.72272
-10.043959  0.0009014518  -29.79504
-10.048567  0.0001439399  -29.806732
-8.315338  0.0009431563  -25.959864
-8.211851  5.7811092e-05  -25.728878
-15.788479  0.0005714176  -41.979702
-15.77881  0.00021220685  -41.962936
-17.062431  0.00034333728  -44.618176
-17.066957  0.00037884933  -44.623245
-17.87224  0.00036449445  -46.31564
-17.883436  0.00031017986  -46.33556
-0.08234024  -2.1840999e-05  -1.1153755
-0.061157227  -0.0004242798  -0.90418243
-16.922848  0.00027788963  -44.360493
-16.971401  0.00044595383  -44.460026
-16.93106  0.00036665064  -44.384537
-20.386448  0.0013566935  -51.41121
-0.061029434  0.00040377767  -0.90242386
-0.30414867  -6.078015e-06  -2.694931
-0.68260574  5.8770893e-05  -4.650978
-1.2539577  0.00015354992  -7.014908
-3.0575604  0.00031403534  -12.868135
-2.040103  0.00024370174  -9.760033
-4.3571067  0.00038095337  -16.429008
-6.1092257  0.0004358764  -20.81419
-13.390226  0.000673575  -36.96086
-13.45434  0.0002070003  -37.0977
-7.9199257  0.0006954032  -25.048018
-11.379231  0.0007467919  -32.67892
-11.638101  0.00027286843  -33.235306
-9.647516  0.00075911445  -28.913868
-9.402871  0.00033010932  -28.373505
-15.030272  0.00062080944  -40.406166
-14.984538  0.00021173267  -40.31244
-15.21015  0.000491195  -40.78809
-14.958588  0.0003306122  -40.261917
-10.897208  0.00053030916  -31.637413
-7.613249  0.00020669107  -24.349155
-12.418412  0.0005239493  -34.900024
-13.854722  0.00048742513  -37.942116
-13.257519  0.00037642213  -36.681458
