-0.0026150942  -0.00056909083  0.2718916
-0.082885265  -0.00037471033  1.8008518
-0.20464754  -0.00015595245  3.3583918
-0.46271852  -0.0001633568  6.1126394
-0.65363336  -0.0002798106  8.023981
-0.9284733  -0.00047154792  10.769331
-1.093216  -0.00061319023  12.442085
-1.3061074  -0.000943413  14.649142
0.0  0.0  0.0
-1.43155  -0.0012158825  15.962259
-1.4121121  -0.0009544934  15.683056
-1.3500903  -0.0007760577  15.009846
-1.2803075  -0.00065787113  14.27319
-1.2456087  -0.00062766945  13.913293
-1.2799689  -0.0006276812  14.27157
-1.3500466  -0.0005895501  15.007029
-1.4118433  -0.00047970412  15.679078
-1.4310869  -0.00022873416  15.956272
-1.3060126  -0.00037631707  14.64381
-1.0927953  -0.0004794283  12.437643
-0.9282048  -0.00045354757  10.765442
-0.6533338  -0.00029569637  8.020585
-0.46243268  -0.00018917855  6.109773
-0.20443603  0.00010523683  3.356141
-0.08223039  0.00046072374  1.7976837
-0.00307405  0.0004991067  0.27268505
0.0  0.0  0.0
0.0  0.0  0.0
0.0  0.0  0.0
-1.0784034  -0.0005379439  12.246008
-1.0807023  -0.0005232436  12.287249
-1.0808799  -0.00054450706  12.27193
-1.081114  -0.0005675426  12.290609
-0.008636236  -4.899921e-06  0.37327147
-0.60240495  -0.00022788857  7.5028143
-0.59614754  -0.000285552  7.4402475
-0.9089165  -0.00045733456  10.557791
-0.90805453  -0.00044334697  10.549238
-0.3484929  -0.000105382875  4.902399
-0.17893869  -1.3125013e-05  2.999751
-0.030877411  9.901676e-06  0.87549734
-0.8376204  -0.00040139683  9.841487
-0.01648575  -0.0006216094  0.64563894
-0.082885265  -0.00037471033  1.8008518
-0.28324133  -0.00012283333  4.239747
-0.5579737  -0.00022070868  7.070629
-0.65363336  -0.0002798106  8.023981
-0.83987075  -0.0004050713  9.879573
-0.9284733  -0.00047154792  10.769331
-1.0132585  -0.0005444463  11.625935
-1.1683378  -0.00072191074  13.215543
-1.2392284  -0.00083200046  13.949038
0.0  0.0  0.0
-1.43155  -0.0012158825  15.962259
-1.4372518  -0.0011407189  15.993565
-1.4305192  -0.0010552466  15.896722
-1.4121121  -0.0009544934  15.683056
-1.3500903  -0.0007760577  15.009846
-1.2803075  -0.00065787113  14.27319
-1.2551159  -0.0006405541  14.012482
-1.2456087  -0.00062766945  13.913293
-1.2549772  -0.00062734156  14.011673
-1.2799689  -0.0006276812  14.27157
-1.3500466  -0.0005895501  15.007029
-1.4118433  -0.00047970412  15.679078
-1.43015  -0.00038707128  15.892512
-1.4370807  -0.0003053822  15.988312
-1.4310869  -0.00022873416  15.956272
-1.2388074  -0.000415083  13.94416
-1.1679139  -0.0004589436  13.21097
-1.0128729  -0.00048286584  11.6217165
-0.9282048  -0.00045354757  10.765442
-0.8396097  -0.000416396  9.875844
-0.6533338  -0.00029569637  8.020585
-0.5576711  -0.00023723171  7.0673814
-0.28308022  -1.5090976e-05  4.237276
-0.08223039  0.00046072374  1.7976837
-0.01631862  0.00063369086  0.6457486
0.0  0.0  0.0
0.0016647577  -0.00019487896  0.059126854
-0.0026150942  -0.00056909083  0.2718916
-0.04237336  -0.000623141  1.159833
-0.13714117  -0.00024071676  2.538885
-0.20464754  -0.00015595245  3.3583918
-0.37023538  -0.00012718263  5.163535
-0.46271852  -0.0001633568  6.1126394
-0.74796265  -0.00033444853  8.962588
-1.093216  -0.00061319023  12.442085
-1.3061074  -0.000943413  14.649142
-1.3701985  -0.0010818641  15.319691
-1.3838528  -0.00084499  15.376153
-1.313765  -0.0007051697  14.625969
-1.3136396  -0.0006064582  14.6238785
-1.384038  -0.0005408945  15.372586
0.001529336  0.00017968586  0.05901909
-0.00307405  0.0004991067  0.27268505
-0.04224205  0.0006306919  1.1603913
-0.13692194  0.00024736885  2.5362115
-0.20443603  0.00010523683  3.356141
-0.3700374  -0.00010684386  5.1610622
-0.46243268  -0.00018917855  6.109773
-0.74770314  -0.00036120866  8.95908
-1.0927953  -0.0004794283  12.437643
-1.3060126  -0.00037631707  14.64381
-1.3697007  -0.0003090722  15.314512
0.0  0.0  0.0
0.0  0.0  0.0
0.0  0.0  0.0
0.0  0.0  0.0
0.0  0.0  0.0
-1.1725671  -0.00058691285  13.185251
-1.1720176  -0.0005896133  13.179403
-1.190043  -0.0005907534  13.365586
-1.19063  -0.0006069164  13.370574
-1.3410318  -0.0009258144  14.979872
-1.3408686  -0.00043053224  14.975361
-1.3174899  -0.0008459476  14.721422
-1.3172452  -0.00048202413  14.717043
-1.2210646  -0.00058097614  13.690563
-1.2213078  -0.00064170395  13.69307
-1.2885101  -0.0005207702  14.404673
-1.28862  -0.00076669874  14.40789
-1.2534525  -0.00055699813  14.032009
-1.2535827  -0.0006970568  14.034893
-1.0908461  -0.00050995953  12.399738
-1.0910118  -0.0005894485  12.403357
-1.0091106  -0.0004919851  11.571482
-1.0092654  -0.00052042597  11.574407
-1.1853237  -0.0006814619  13.363438
-1.1850863  -0.0005126498  13.359584
-0.62771034  -0.00024627082  7.7601385
-0.62720996  -0.00029064558  7.7553663
-0.921753  -0.0004559348  10.692941
-0.9217055  -0.00045675394  10.691795
-0.5284358  -0.00017936045  6.766281
-0.5271896  -0.00024553086  6.7532625
-0.7269653  -0.0003197622  8.748848
-0.7276653  -0.00035086603  8.75537
-0.8254758  -0.00039047957  9.729948
-0.8261359  -0.00041407422  9.736165
-0.42989135  -0.00010221559  5.7650194
-0.42928505  -0.00020167063  5.7582684
-0.335437  -0.00016216897  4.7790756
-0.3356435  -3.01697e-05  4.781254
-0.11223781  3.2259326e-05  2.1735663
-0.11177188  8.514704e-06  2.1713529
-0.17465252  6.202419e-05  2.970909
-0.17432255  -7.5025746e-05  2.9682636
-0.24938041  -0.00011971593  3.8419118
-0.24968481  2.6720954e-05  3.8441224
-0.06371939  8.907498e-05  1.4729533
-0.06378853  -4.9037975e-05  1.4731731
-0.0011745691  4.0071056e-05  0.11184502
-0.0012314916  -4.65833e-05  0.11235237
-0.030036092  -0.00012166746  0.8893409
-0.030106544  0.00014790366  0.8903537
-0.010378957  -0.000120864526  0.44195127
-0.010315537  0.00011106275  0.44335222
-0.00369519  3.6283367e-05  0.09179878
-0.0036491752  -4.157677e-05  0.09270668
-1.2399219  -0.00076664356  13.932102
-0.020227373  -2.0317879e-05  0.6380186
-0.020381033  2.8257433e-05  0.6390071
-1.1599585  -0.0005411583  13.0881605
-1.1602387  -0.0006249172  13.091065
-0.046526015  3.142457e-06  1.1642323
-0.046900094  3.2944023e-05  1.1643391
-0.08825785  6.94115e-05  1.8176289
-0.08830613  -3.967047e-05  1.8168879
-0.21433395  6.169791e-05  3.424458
-0.21401235  -0.0001216518  3.42319
-0.29735887  -0.00014836073  4.356324
-0.2974224  -4.648289e-06  4.3569393
-0.1443811  8.8887085e-05  2.5770426
-0.14417076  -8.526095e-05  2.5758677
-0.39370298  -7.6961616e-05  5.381529
-0.3930928  -0.00018668109  5.3762136
-0.49824315  -0.00015283962  6.4540806
-0.49408084  -0.00023231705  6.412377
-0.80660224  -0.000373845  9.537326
-0.81042296  -0.00040278293  9.575436
-0.90805453  -0.00044334697  10.549238
-0.9089165  -0.00045733456  10.557791
-0.7039208  -0.00030302882  8.515555
-0.7041546  -0.00033802062  8.517472
-0.60240495  -0.00022788857  7.5028143
-0.59614754  -0.000285552  7.4402475
-1.0165327  -0.0005127562  11.635488
-1.0159203  -0.00050755654  11.629573
-1.0807023  -0.0005232436  12.287249
-1.081114  -0.0005675426  12.290609
-1.125301  -0.0005556249  12.725067
-1.1259251  -0.0005791717  12.731699
-0.008636236  -4.899921e-06  0.37327147
-0.008921385  -1.7860672e-05  0.30224752
-1.0784034  -0.0005379439  12.246008
-1.0808799  -0.00054450706  12.27193
-1.080008  -0.0005415938  12.257906
-1.2395155  -0.00048570315  13.927799
-0.008797824  5.5727432e-06  0.30124378
-0.030877411  9.901676e-06  0.87549734
-0.066129565  1.5338213e-05  1.4801178
-0.1155594  7.2218536e-06  2.1915054
-0.25603676  -5.170869e-05  3.8963232
-0.17893869  -1.3125013e-05  2.999751
-0.3484929  -0.000105382875  4.902399
-0.46509963  -0.00017435696  6.1141357
-0.8905338  -0.00042743643  10.369576
-0.89387184  -0.00045047357  10.4032345
-0.5783074  -0.00022785531  7.258585
-0.7797514  -0.000361589  9.267168
-0.7942613  -0.00038953693  9.410907
-0.6809487  -0.0002924737  8.284076
-0.66667014  -0.0003052255  8.141387
-0.9781723  -0.0004887393  11.245277
-0.9755839  -0.0004876238  11.220139
-0.9887073  -0.000490005  11.346151
-0.97524273  -0.0004909768  11.212081
-0.752661  -0.00035111175  8.996709
-0.55959153  -0.00024598796  7.071078
-0.8376204  -0.00040139683  9.841487
-0.91594356  -0.00045224547  10.621721
-0.88357055  -0.00043964665  10.298779
