-0.016360283  -0.0029402534  0.63532066
-0.5462303  -0.004397067  4.5423965
-1.5721722  -0.0035562709  8.969494
-4.3885827  -0.0019795732  17.672684
-7.0024967  -0.000524404  24.301338
-11.521942  0.00067358906  34.562725
-14.616306  -0.0015279164  41.182648
-18.981728  -0.01128642  50.25792
0.0  0.0  0.0
-21.669783  -0.01976077  55.770546
-20.672365  -0.011581353  54.063377
-19.15836  -0.005464969  51.067993
-17.62439  -0.0013363229  47.944275
-16.906178  0.00029535347  46.45733
-17.622356  0.001859832  47.942406
-19.154732  0.0058426238  51.064148
-20.66657  0.011756174  54.057503
-21.660776  0.019748257  55.761627
-18.974817  0.011564713  50.25031
-14.611277  0.002215721  41.17767
-11.518488  0.0002491371  34.559002
-6.999388  0.0016715698  24.2982
-4.386341  0.002997791  17.670319
-1.5711594  0.004222424  8.968258
-0.5446749  0.004887058  4.540245
-0.01688385  0.0028941499  0.63643074
0.0  0.0  0.0
0.0  0.0  0.0
0.0  0.0  0.0
-14.001438  0.0003050037  40.08785
-14.174134  0.0007770532  40.37721
-14.046121  0.00045816787  40.184273
-14.1779  -2.5835187e-05  40.381893
-0.04889965  4.2590182e-07  0.85754776
-6.3024626  0.00084063224  22.49337
-6.214563  0.00023804106  22.277277
-11.104382  6.465718e-06  33.68227
-11.087418  0.0009525606  33.642586
-3.0800385  0.00039140103  13.764515
-1.35394  0.00025459554  7.927908
-0.18463135  4.457329e-05  2.0944195
-9.892341  0.0005872571  30.9637
-0.09305668  -0.004183013  1.5433655
-0.5462303  -0.004397067  4.5423965
-2.340921  -0.003124741  11.638586
-5.637143  -0.0012539906  20.93824
-7.0024967  -0.000524404  24.301338
-9.971439  0.0006290284  31.148905
-11.521942  0.00067358906  34.562725
-13.077258  4.051078e-05  37.918777
-16.11418  -0.0040189647  44.323586
-17.569492  -0.007348729  47.344807
0.0  0.0  0.0
-21.669783  -0.01976077  55.770546
-21.565693  -0.017485974  55.6908
-21.225216  -0.014712951  55.105392
-20.672365  -0.011581353  54.063377
-19.15836  -0.005464969  51.067993
-17.62439  -0.0013363229  47.944275
-17.10195  -0.00030290402  46.864243
-16.906178  0.00029535347  46.45733
-17.101  0.0008774849  46.863304
-17.622356  0.001859832  47.942406
-19.154732  0.0058426238  51.064148
-20.66657  0.011756174  54.057503
-21.218512  0.014822198  55.09896
-21.557983  0.017523736  55.68277
-21.660776  0.019748257  55.761627
-17.563084  0.0077727963  47.338425
-16.108555  0.004569033  44.317917
-13.072863  0.0007616017  37.91427
-11.518488  0.0002491371  34.559002
-9.967836  0.00040886234  31.14508
-6.999388  0.0016715698  24.2982
-5.6342473  0.002362573  20.935314
-2.339765  0.003930177  11.637376
-0.5446749  0.004887058  4.540245
-0.092962265  0.0042582233  1.5441151
0.0  0.0  0.0
0.003563881  -0.0011440917  0.1337986
-0.016360283  -0.0029402534  0.63532066
-0.25855827  -0.004879924  2.8478355
-0.97718143  -0.0039830953  6.5914
-1.5721722  -0.0035562709  8.969494
-3.2831392  -0.0026051346  14.555466
-4.3885827  -0.0019795732  17.672684
-8.456445  0.0001653448  27.717348
-14.616306  -0.0015279164  41.182648
-18.981728  -0.01128642  50.25792
-20.348671  -0.01548377  53.066193
-19.96024  -0.008413287  52.670387
-18.348278  -0.0030647847  49.427147
-18.345623  0.0035285105  49.42443
-19.955715  0.008692222  52.66519
0.0034360886  0.0011448291  0.13368225
-0.01688385  0.0028941499  0.63643074
-0.25873566  0.0050018243  2.8499928
-0.9760971  0.004530414  6.5898895
-1.5711594  0.004222424  8.968258
-3.2816353  0.0035197658  14.553989
-4.386341  0.002997791  17.670319
-8.453081  0.00096757046  27.713902
-14.611277  0.002215721  41.17767
-18.974817  0.011564713  50.25031
-20.340704  0.015620311  53.058495
0.0  0.0  0.0
0.0  0.0  0.0
0.0  0.0  0.0
0.0  0.0  0.0
0.0  0.0  0.0
-15.631315  0.00022845026  43.667427
-15.621424  0.00044476587  43.64656
-15.992822  0.00087833323  44.417564
-16.001019  -0.00024227597  44.433357
-19.463459  -0.010549913  51.401066
-19.457338  0.010811832  51.394615
-18.869732  -0.008071213  50.23459
-18.864113  0.008399318  50.228844
-16.64686  0.0019041126  45.770187
-16.65025  -0.0013212397  45.774372
-18.161674  0.005831696  48.836887
-18.165962  -0.0053948592  48.841354
-17.363785  0.0035600255  47.227528
-17.367384  -0.0030509473  47.23132
-14.444466  0.0013735387  40.90306
-14.448123  -0.0006539156  40.90687
-12.922406  0.00041639828  37.637665
-12.924906  0.00041842565  37.639416
-16.246363  -0.0028386563  44.729553
-16.241982  0.003409042  44.72497
-6.649761  0.00042473254  23.38659
-6.644  0.00070793356  23.376017
-11.358354  0.00084745476  34.22492
-11.358786  9.337794e-05  34.229336
-5.271396  0.0002509404  19.921825
-5.254505  0.00080880313  19.88211
-8.139036  0.00063421694  26.943974
-8.150855  0.0004985286  26.974817
-9.720009  0.0008340317  30.574009
-9.732257  0.00021746755  30.60513
-4.0155725  0.00014017703  16.550545
-4.00781  0.00082983135  16.532707
-2.9204464  0.00074136746  13.359601
-2.9224992  0.00014009984  13.362314
-0.7794895  -0.00017163405  5.570053
-0.77769756  0.0006624098  5.5675087
-1.3109598  8.6373024e-05  7.8433514
-1.3087797  0.0005346376  7.839756
-2.0186038  0.0006075769  10.443666
-2.0207572  0.00014473847  10.446478
-0.40997982  0.00090203306  3.6640892
-0.41015816  -0.0006224648  3.6622734
-0.005285263  0.0004865954  0.25465965
-0.0053424835  -0.0004786582  0.25608826
-0.17948532  -0.00080987834  2.1454163
-0.17970753  0.0009510275  2.1490078
-0.05678177  -0.00044665395  1.0351639
-0.05688572  0.00047501927  1.0384979
-0.0084114075  0.00035032598  0.20435524
-0.008406639  -0.00035464132  0.20615387
-17.391228  -0.005429807  47.093155
-0.11200237  3.983658e-05  1.5054684
-0.1123209  1.6373906e-05  1.5080585
-15.632267  0.0018043079  43.51557
-15.635391  -0.0011622082  43.51837
-0.28804493  1.1709926e-05  2.8407478
-0.28839493  0.00015253104  2.8392944
-0.59172344  0.0004337396  4.581358
-0.59130096  -0.0001295553  4.5809155
-1.682014  0.00080874097  9.1847515
-1.6806307  -0.00020560485  9.182869
-2.5182571  -5.3129203e-05  12.036711
-2.5189133  0.00080520427  12.036457
-1.0490713  0.0006860987  6.705082
-1.0479145  -0.00022063337  6.70348
-3.5971723  0.0007318603  15.307839
-3.590703  0.00015999826  15.292242
-4.890154  0.0007827184  18.874746
-4.8362107  0.00020194254  18.735428
-9.401975  0.00097152893  29.845676
-9.464935  9.601419e-05  29.992062
-11.087418  0.0009525606  33.642586
-11.104382  6.465718e-06  33.68227
-7.791384  0.0009003711  26.102146
-7.7956643  0.0002368759  26.113462
-6.3024626  0.00084063224  22.49337
-6.214563  0.00023804106  22.277277
-12.97579  0.00065150333  37.799915
-12.967663  0.0001865431  37.784256
-14.174134  0.0007770532  40.37721
-14.1779  -2.5835187e-05  40.381893
-14.903992  0.0007980914  42.0064
-14.914085  -9.818503e-05  42.025593
-0.04889965  4.2590182e-07  0.85754776
-0.036719322  -0.00034066048  0.69223213
-14.001438  0.0003050037  40.08785
-14.046121  0.00045816787  40.184273
-13.999317  0.00039315753  40.10245
-17.385832  0.0058913524  47.087746
-0.036533356  0.000341061  0.6898861
-0.18463135  4.457329e-05  2.0944195
-0.4266634  0.00010502126  3.666647
-0.8071842  0.00017775942  5.612217
-2.0934153  0.00032272475  10.614273
-1.35394  0.00025459554  7.927908
-3.0800385  0.00039140103  13.764515
-4.4717226  0.00045271305  17.734755
-10.7689905  0.0008368535  32.941982
-10.827814  0.00010353571  33.074165
-5.9705796  0.0006957004  21.645847
-8.966896  0.00083270064  28.8427
-9.19657  0.0002645001  29.373182
-7.447954  0.0007815971  25.271477
-7.2365046  0.00038521795  24.76223
-12.264643  0.0007992685  36.264603
-12.223296  9.595896e-05  36.174435
-12.421963  0.00058988493  36.62683
-12.191854  0.00029934352  36.1187
-8.540573  0.00056255166  27.851383
-5.712505  0.00029051752  20.995026
-9.892341  0.0005872571  30.9637
-11.18658  0.0005481235  33.88284
-10.64699  0.00036797853  32.67168
