-0.024812698  -0.0030080592  -0.72916603
-0.65303135  -0.0039856657  -4.969694
-1.7706227  -0.0027817471  -9.571318
-4.58509  -0.00129033  -18.269382
-7.0204296  -0.0005412551  -24.698574
-11.004623  -0.00023555805  -34.44277
-13.625816  -0.00072463753  -40.634148
-17.228987  -0.0025845987  -49.03613
0.0  0.0  0.0
-19.418007  -0.0041839974  -54.111935
-18.739237  -0.002921346  -52.67058
-17.548439  -0.0017805924  -49.95394
-16.305962  -0.0009526219  -47.085297
-15.714746  -0.0007190363  -45.710728
-16.303322  -0.00058043725  -47.082355
-17.542927  4.1096268e-05  -49.947376
-18.730618  0.0009459767  -52.660385
-19.404547  0.0020425285  -54.09632
-17.218801  0.00083438715  -49.023243
-13.619223  -0.00041894676  -40.626167
-11.000317  -0.0004927326  -34.43709
-7.0173826  0.0003908004  -24.694576
-4.582929  0.0013544564  -18.266357
-1.7694545  0.0029683742  -9.569311
-0.6514034  0.004205247  -4.966898
-0.02519989  0.0029488544  -0.7285042
0.0  0.0  0.0
0.0  0.0  0.0
0.0  0.0  0.0
-13.192753  -0.00062932353  -39.69457
-13.304692  -0.00060249434  -39.931538
-13.23177  -0.00043505148  -39.786194
-13.309137  -0.00047657883  -39.937847
-0.06197548  -2.712365e-05  -0.9637394
-6.3695803  0.00031833656  -22.946825
-6.2884607  -0.00044449774  -22.737663
-10.665176  -0.0005907485  -33.633575
-10.651118  -8.1249e-05  -33.597214
-3.295878  2.196859e-05  -14.389868
-1.5288253  4.2767948e-05  -8.485651
-0.22715282  -3.2309952e-05  -2.3277416
-9.6082  -0.00021326746  -31.062948
-0.120461464  -0.004322639  -1.7351112
-0.65303135  -0.0039856657  -4.969694
-2.5668097  -0.0022639672  -12.278973
-5.7642255  -0.0008600822  -21.453232
-7.0204296  -0.0005412551  -24.698574
-9.6624775  -0.00021350774  -31.223513
-11.004623  -0.00023555805  -34.44277
-12.331273  -0.00040241072  -37.589928
-14.872717  -0.0012143182  -43.55194
-16.072643  -0.0018452153  -46.347816
0.0  0.0  0.0
-19.418007  -0.0041839974  -54.111935
-19.385828  -0.0038696853  -54.090214
-19.153847  -0.0034486763  -53.595146
-18.739237  -0.002921346  -52.67058
-17.548439  -0.0017805924  -49.95394
-16.305962  -0.0009526219  -47.085297
-15.876471  -0.0007756087  -46.08745
-15.714746  -0.0007190363  -45.710728
-15.875127  -0.0006915642  -46.085808
-16.303322  -0.00058043725  -47.082355
-17.542927  4.1096268e-05  -49.947376
-18.730618  0.0009459767  -52.660385
-19.143105  0.0013873033  -53.582954
-19.37413  0.0017598905  -54.07589
-19.404547  0.0020425285  -54.09632
-16.06343  0.00029478013  -46.33693
-14.8647995  -0.00014368184  -43.54254
-12.325852  -0.0005406026  -37.583115
-11.000317  -0.0004927326  -34.43709
-9.658685  -0.00029650488  -31.218428
-7.0173826  0.0003908004  -24.694576
-5.7614164  0.0008351181  -21.449535
-2.5657253  0.0024360605  -12.277177
-0.6514034  0.004205247  -4.966898
-0.12063217  0.004257931  -1.7360249
0.0  0.0  0.0
0.0035581589  -0.0011897769  -0.15530586
-0.024812698  -0.0030080592  -0.72916603
-0.32009315  -0.0047901557  -3.157549
-1.1324267  -0.003359691  -7.1192837
-1.7706227  -0.0027817471  -9.571318
-3.511073  -0.0017562263  -15.194617
-4.58509  -0.00129033  -18.269382
-8.327709  -0.00030920786  -27.966091
-13.625816  -0.00072463753  -40.634148
-17.228987  -0.0025845987  -49.03613
-18.344307  -0.0033826674  -51.624043
-18.184967  -0.0023450674  -51.41323
-16.895828  -0.0013045114  -48.450447
-16.891682  -0.0003251965  -48.44555
-18.178267  0.0004926922  -51.40457
0.0034704208  0.0011917831  -0.1546936
-0.02519989  0.0029488544  -0.7285042
-0.32067204  0.0046803714  -3.1599445
-1.1310124  0.0035638483  -7.116806
-1.7694545  0.0029683742  -9.569311
-3.509532  0.0018905652  -15.192413
-4.582929  0.0013544564  -18.266357
-8.324289  6.8668014e-06  -27.961588
-13.619223  -0.00041894676  -40.626167
-17.218801  0.00083438715  -49.023243
-18.331928  0.0014270326  -51.60973
0.0  0.0  0.0
0.0  0.0  0.0
0.0  0.0  0.0
0.0  0.0  0.0
0.0  0.0  0.0
-14.609974  -0.0006218386  -43.077637
-14.601475  -0.00064861774  -43.05787
-14.906303  -0.0006431136  -43.769432
-14.914422  -0.00068218226  -43.78567
-17.682667  -0.0025773528  -50.148872
-17.673374  0.0007609377  -50.137512
-17.219055  -0.0021419232  -49.094383
-17.211145  0.0004156249  -49.084755
-15.442351  -0.0005234545  -45.017334
-15.4468565  -0.00088716194  -45.023308
-16.658907  3.920475e-05  -47.822983
-16.665535  -0.0016531541  -47.830967
-16.020443  -0.00029063984  -46.352795
-16.025583  -0.001219928  -46.359104
-13.511949  -0.0005215353  -40.402298
-13.516676  -0.00059433735  -40.408253
-12.219366  -0.0005859246  -37.345146
-12.222784  -0.00032600207  -37.348774
-15.03318  -0.0010727384  -43.978004
-15.027166  -0.00029171133  -43.97058
-6.6921024  6.602456e-05  -23.812372
-6.6867304  -0.00019094931  -23.801542
-10.876102  -0.00015758014  -34.137077
-10.875595  -0.0005452989  -34.139717
-5.413322  9.578839e-05  -20.456743
-5.397558  -0.0001100849  -20.417679
-8.041976  1.38712785e-05  -27.226398
-8.052334  -0.00028715626  -27.255043
-9.446192  -5.479702e-05  -30.683235
-9.456471  -0.00042558118  -30.711657
-4.2168574  0.000120809476  -17.15609
-4.2096043  -4.635869e-05  -17.138395
-3.1425953  -4.418785e-05  -13.992694
-3.1443238  0.00019270636  -13.995483
-0.9097171  -3.7379992e-05  -6.042921
-0.90775347  0.00022036646  -6.039835
-1.4868407  0.00019897509  -8.404581
-1.4846973  -9.791969e-06  -8.40094
-2.2286005  -4.4376226e-05  -11.0604925
-2.2308364  0.00023163753  -11.063551
-0.4929905  0.0006039507  -4.0251465
-0.49319363  -0.0005539331  -4.0235195
-0.007940292  0.0005411396  -0.29141045
-0.008005142  -0.0005410143  -0.2929039
-0.22283268  -0.0008300068  -2.387268
-0.22359562  0.0007967391  -2.3918972
-0.07359409  -0.00043775985  -1.1671753
-0.07373047  0.00040603647  -1.1699638
-0.010290146  0.00037613846  -0.23306656
-0.010313034  -0.00039130988  -0.23444366
-15.971865  -0.0015590453  -46.159832
-0.13977623  -2.1587264e-05  -1.6831417
-0.1401596  -2.904165e-05  -1.6856441
-14.54822  -0.00050551246  -42.87516
-14.5524235  -0.0007708266  -42.879894
-0.3497429  -0.0001275464  -3.1375065
-0.3498001  8.925983e-05  -3.135498
-0.6974249  0.00038862662  -4.996437
-0.6968584  -0.00034986844  -4.9955807
-1.8756251  0.0006672739  -9.775299
-1.874228  -0.0005544809  -9.773018
-2.7347946  -0.000493372  -12.662779
-2.7354531  0.0005983738  -12.662737
-1.2022123  0.0006134821  -7.222496
-1.2009454  -0.0005106493  -7.220482
-3.8059845  0.00046281397  -15.923915
-3.7996736  -0.00039616408  -15.908236
-5.049262  0.00039537819  -19.43063
-4.998416  -0.00041933826  -19.294582
-9.169157  8.017149e-05  -29.99489
-9.224746  -0.0005186667  -30.133574
-10.651118  -8.1249e-05  -33.597214
-10.665176  -0.0005907485  -33.633575
-7.7286253  0.00020944202  -26.420141
-7.7323847  -0.00044628276  -26.430506
-6.3695803  0.00031833656  -22.946825
-6.2884607  -0.00044449774  -22.737663
-12.288443  -0.00027925352  -37.520924
-12.280259  -0.000644351  -37.50446
-13.304692  -0.00060249434  -39.931538
-13.309137  -0.00047657883  -39.937847
-13.950953  -0.0006224287  -41.482452
-13.960608  -0.00055961043  -41.50203
-0.06197548  -2.712365e-05  -0.9637394
-0.046330452  -0.00038471128  -0.77931595
-13.192753  -0.00062932353  -39.69457
-13.23177  -0.00043505148  -39.786194
-13.199241  -0.0005279955  -39.71638
-15.964303  4.0582076e-05  -46.150864
-0.046229362  0.00035432473  -0.7780094
-0.22715282  -3.2309952e-05  -2.3277416
-0.50911903  -1.1271302e-05  -4.0223236
-0.93669367  2.2288237e-05  -6.080679
-2.301  3.8720653e-05  -11.227037
-1.5288253  4.2767948e-05  -8.485651
-3.295878  2.196859e-05  -14.389868
-4.6497664  -2.0927531e-05  -18.313084
-10.379395  -0.00011421561  -32.940334
-10.43018  -0.0005391451  -33.064598
-6.0613694  0.00012327003  -22.12531
-8.784594  2.4151013e-05  -29.041412
-8.989609  -0.00040592035  -29.547373
-7.4176273  0.00010500838  -25.622921
-7.225227  -0.00026146084  -25.133291
-11.684184  -0.0002196886  -36.08351
-11.6475315  -0.00060200295  -35.997337
-11.827509  -0.0003458631  -36.431984
-11.627094  -0.0004891412  -35.951458
-8.403815  -0.00014735924  -28.095177
-5.821327  -0.000288558  -21.494179
-9.6082  -0.00021326746  -31.062948
-10.748787  -0.00030097595  -33.835144
-10.274128  -0.0003784133  -32.68566
