0.0013408661  -0.00016837622  -0.017315388
-0.00034973025  -0.00040918705  0.2095027
-0.013767511  -0.0006212395  0.75805116
-0.0970543  -0.0006396971  2.3371542
-0.2104741  -0.00044344994  3.8199759
-0.4486519  -0.00023426734  6.3800917
-0.62682676  -0.0005256951  8.122087
-0.8858666  -0.0019476238  10.561285
0.0  0.0  0.0
-1.0473974  -0.0032231675  12.055351
-0.9811094  -0.00223195  11.539113
-0.8879532  -0.001348197  10.709368
-0.79556566  -0.000678985  9.859255
-0.7528422  -0.00036711714  9.45916
-0.7952652  -7.880357e-05  9.858196
-0.88790923  0.00052391866  10.707197
-0.9807674  0.0013436124  11.535709
-1.0467627  0.002303184  12.050014
-0.8857594  0.0011307355  10.557104
-0.62659645  -0.000113903654  8.119499
-0.4486845  -0.00028854038  6.378419
-0.21046007  0.00015505303  3.818559
-0.09705798  0.0004532694  2.3362205
-0.013856977  0.00058488915  0.7579675
-0.00014686584  0.00044648183  0.20961332
0.0009251833  0.000107435924  -0.01670456
0.0  0.0  0.0
0.0  0.0  0.0
0.0  0.0  0.0
-0.58826566  -0.00031830967  7.8051167
-0.5992898  -0.000264689  7.8908806
-0.5906745  -0.00030533876  7.8304753
-0.59953463  -0.00036955543  7.8928957
0.00080648065  -3.3828524e-06  0.0075416565
-0.18273962  -0.00012228935  3.4326482
-0.17878017  -0.00013790096  3.3828256
-0.42661148  -0.00032530873  6.1559176
-0.42562586  -0.0001794661  6.1463833
-0.057658225  -5.6862777e-05  1.6166115
-0.013648242  -8.111425e-06  0.6603854
0.00045639277  9.2858245e-06  0.0582819
-0.36185354  -0.00020787305  5.4735184
0.0008634329  -0.00015736518  0.0037207603
-0.00034973025  -0.00040918705  0.2095027
-0.030911744  -0.00068119937  1.1842277
-0.14804931  -0.0005548915  3.0449028
-0.2104741  -0.00044344994  3.8199759
-0.36293063  -0.0002518549  5.503493
-0.4486519  -0.00023426734  6.3800917
-0.5372892  -0.0003203542  7.2571783
-0.71499586  -0.00089803734  8.961385
-0.8016603  -0.0013791379  9.774212
0.0  0.0  0.0
-1.0473974  -0.0032231675  12.055351
-1.0385263  -0.0029837245  12.012727
-1.0160203  -0.002649093  11.836056
-0.9811094  -0.00223195  11.539113
-0.8879532  -0.001348197  10.709368
-0.79556566  -0.000678985  9.859255
-0.7643609  -0.0004957019  9.568395
-0.7528422  -0.00036711714  9.45916
-0.76424515  -0.00024924634  9.567857
-0.7952652  -7.880357e-05  9.858196
-0.88790923  0.00052391866  10.707197
-0.9807674  0.0013436124  11.535709
-1.0155413  0.0017551747  11.832407
-1.0382102  0.002074217  12.008089
-1.0467627  0.002303184  12.050014
-0.8013021  0.00062221667  9.770744
-0.7147043  0.00019118395  8.958462
-0.53714  -0.00027748776  7.2549276
-0.4486845  -0.00028854038  6.378419
-0.36293143  -0.0001980648  5.5017066
-0.21046007  0.00015505303  3.818559
-0.14804089  0.00032678896  3.0436516
-0.031044155  0.0006039475  1.1837277
-0.00014686584  0.00044648183  0.20961332
0.0010297  0.00017251624  0.00329113
0.0  0.0  0.0
0.0015841126  -5.4857497e-05  -0.007951736
0.0013408661  -0.00016837622  -0.017315388
0.00070527196  -0.0002978848  0.07219362
-0.0044053793  -0.0005256047  0.43514776
-0.013767511  -0.0006212395  0.75805116
-0.058190197  -0.0006872605  1.7127523
-0.0970543  -0.0006396971  2.3371542
-0.28277367  -0.00032593426  4.6450257
-0.62682676  -0.0005256951  8.122087
-0.8858666  -0.0019476238  10.561285
-0.96782506  -0.0025814823  11.321455
-0.9366784  -0.0017714816  11.150863
-0.83883584  -0.00096918613  10.26129
-0.83874166  0.00019384106  10.259846
-0.93682903  0.0009291923  11.147914
0.0014457703  4.154189e-05  -0.008031368
0.0009251833  0.000107435924  -0.01670456
0.0009020865  0.00032221392  0.070952415
-0.004561484  0.00050940557  0.43517828
-0.013856977  0.00058488915  0.7579675
-0.058267385  0.0005624113  1.7121425
-0.09705798  0.0004532694  2.3362205
-0.28278184  -3.5014342e-05  4.6434317
-0.62659645  -0.000113903654  8.119499
-0.8857594  0.0011307355  10.557104
-0.9672438  0.0017112173  11.317186
0.0  0.0  0.0
0.0  0.0  0.0
0.0  0.0  0.0
0.0  0.0  0.0
0.0  0.0  0.0
-0.6803302  -0.00036452909  8.733642
-0.67979395  -0.00031760125  8.728005
-0.701833  -0.00023960922  8.934528
-0.70236886  -0.00045886487  8.939002
-0.9119236  -0.0019536624  10.846516
-0.9117345  0.0011183853  10.84289
-0.8753593  -0.0016153629  10.522335
-0.8751158  0.00080276834  10.518902
-0.74048996  -7.947857e-05  9.298152
-0.74066365  -0.0006361  9.299849
-0.83209693  0.00047349805  10.134365
-0.83216506  -0.0012403898  10.13661
-0.78371495  0.00016044089  9.694366
-0.7837777  -0.0009019258  9.6963215
-0.61578286  -0.00019861993  8.035957
-0.6157787  -0.00044430193  8.037989
-0.5282764  -0.00030474283  7.178012
-0.52822125  -0.00027648796  7.17927
-0.7205516  -0.00079315656  9.05082
-0.72042763  8.299713e-05  9.048325
-0.19677226  -0.00022845074  3.6247034
-0.19654459  -3.6059762e-05  3.621675
-0.4401464  -0.00020119079  6.294161
-0.44029874  -0.00031075982  6.2945523
-0.13578804  -0.000245558  2.8434463
-0.1351514  3.0384948e-05  2.8339472
-0.26892245  -0.00021281163  4.4695787
-0.2696362  -0.00013406709  4.476549
-0.35094044  -0.00019502213  5.366173
-0.35169452  -0.00024390548  5.3733244
-0.08665389  -0.00023838454  2.1335993
-0.0864405  8.221956e-05  2.129094
-0.05020219  0.00011573914  1.5174787
-0.05022672  -0.00021418625  1.5187879
-0.0036848485  -0.0001097147  0.34201336
-0.0034956038  0.00013037381  0.34117126
-0.011250526  -0.00013045783  0.6264124
-0.0112116635  0.00012444654  0.6249151
-0.025751531  0.00012893458  1.0147424
-0.025843203  -0.00017569392  1.0160377
-0.0003311336  0.00010068862  0.15410328
-0.00030642748  -7.403235e-05  0.15439224
0.00020602345  3.6430356e-07  -0.005117893
0.00013944507  -5.958932e-06  -0.005144596
0.00073996186  -3.263345e-05  0.048259735
0.000690043  6.0323982e-05  0.047159195
0.000554353  -3.0639392e-05  0.0022792816
0.0006740093  2.4940236e-05  0.0023756027
-0.0023873746  7.3164447e-06  -0.0021920204
-0.0023269355  -1.1449334e-05  -0.0018992424
-0.78878987  -0.0011709771  9.688292
-0.00038933754  1.4245608e-05  0.02659893
-0.00051003695  -4.2804822e-06  0.026383877
-0.6832062  -0.00011725049  8.715377
-0.6833657  -0.00056741113  8.717104
-0.00013101101  5.585067e-06  0.102835655
-0.00045487285  2.4787227e-05  0.10328007
-0.002429247  7.357081e-06  0.2530675
-0.0025691986  1.0539539e-05  0.25261784
-0.019772768  -1.1002077e-05  0.83687305
-0.01956752  -2.2916956e-05  0.83597946
-0.040423334  -3.589825e-05  1.2996707
-0.04042971  -4.7741625e-05  1.3002224
-0.008069575  3.0700694e-06  0.49310923
-0.0079830885  -2.5933437e-06  0.4924221
-0.07395287  -8.384055e-05  1.904433
-0.073627785  -5.4817625e-05  1.9006758
-0.122318655  -0.00010362671  2.6335151
-0.12005554  -9.4637195e-05  2.6026592
-0.33520368  -0.00015271324  5.190565
-0.33854347  -0.0002674048  5.2264833
-0.42562586  -0.0001794661  6.1463833
-0.42661148  -0.00032530873  6.1559176
-0.25318056  -0.00014086225  4.276787
-0.25351667  -0.0001888941  4.279556
-0.18273962  -0.00012228935  3.4326482
-0.17878017  -0.00013790096  3.3828256
-0.53078467  -0.00024856572  7.2163763
-0.53036755  -0.00033508416  7.2118716
-0.5992898  -0.000264689  7.8908806
-0.59953463  -0.00036955543  7.8928957
-0.6403993  -0.00025896516  8.310847
-0.6409209  -0.00040271893  8.316552
0.00080648065  -3.3828524e-06  0.0075416565
-0.0020920038  -1.0913723e-05  0.0018515587
-0.58826566  -0.00031830967  7.8051167
-0.5906745  -0.00030533876  7.8304753
-0.58786654  -0.00030985166  7.806775
-0.78845716  0.00041411392  9.685265
-0.0019963384  2.4129868e-06  0.0014829636
0.00045639277  9.2858245e-06  0.0582819
-0.0010730326  1.0823016e-05  0.17268991
-0.0051579177  3.177881e-06  0.36767626
-0.029724717  -2.8227309e-05  1.066607
-0.013648242  -8.111425e-06  0.6603854
-0.057658225  -5.6862777e-05  1.6166115
-0.10660091  -9.292597e-05  2.3998532
-0.40865397  -0.0001837569  5.970023
-0.41183248  -0.00030933123  6.0029874
-0.16884051  -0.00010697423  3.2474933
-0.31325063  -0.00015937576  4.9467697
-0.32523483  -0.00024617714  5.077665
-0.23731634  -0.00013237452  4.0849276
-0.22727284  -0.00017152306  3.96527
-0.49079365  -0.00022357759  6.817876
-0.48847336  -0.0003298984  6.7943287
-0.49956638  -0.00025341293  6.910022
-0.48676682  -0.00030275964  6.7793956
-0.2917124  -0.0001862148  4.705813
-0.15743552  -0.00013188722  3.1009276
-0.36185354  -0.00020787305  5.4735184
-0.43136948  -0.00024271413  6.2087197
-0.40218222  -0.0002635067  5.902
