-0.021255493  -0.002893298  0.6801853
-0.53457355  -0.0029506679  4.5303326
-1.3907738  -0.0016155089  8.585967
-3.4233704  -0.0002004996  16.086552
-5.111273  0.0004722905  21.554932
-7.8115826  0.0009759962  29.790325
-9.574304  0.00053721864  35.01509
-12.000256  -0.0019214954  42.115143
0.0  0.0  0.0
-13.477177  -0.004223579  46.41007
-13.004784  -0.0027123245  45.161697
-12.197661  -0.0011324  42.85521
-11.360335  0.00018199516  40.42842
-10.962727  0.0010192029  39.26766
-11.359031  0.0018888023  40.427284
-12.195683  0.00326878  42.85292
-13.001577  0.0048855757  45.158318
-13.472219  0.0064110453  46.404953
-11.996399  0.0040053315  42.110638
-9.57123  0.001362081  35.01188
-7.809308  0.0007695189  29.787783
-5.109149  0.0010274766  21.552496
-3.4217274  0.0014490986  16.084728
-1.3897915  0.0024175742  8.58492
-0.5327201  0.0035354008  4.527525
-0.021802902  0.0028487882  0.68159485
0.0  0.0  0.0
0.0  0.0  0.0
0.0  0.0  0.0
-9.274737  0.0009702466  34.20572
-9.353631  0.0011074551  34.413372
-9.300621  0.0009088288  34.282074
-9.356043  0.0007778139  34.41664
-0.053637028  4.4975313e-06  0.9055939
-4.6595435  0.0009203038  20.065311
-4.6035924  0.00048370645  19.888088
-7.57869  0.00069015  29.101822
-7.5690293  0.0010389396  29.070137
-2.5038981  0.0004990477  12.759435
-1.2082219  0.00032997297  7.639551
-0.19187832  6.1023165e-05  2.1572456
-6.864492  0.0008644643  26.93067
-0.103274345  -0.0037492057  1.6100025
-0.53457355  -0.0029506679  4.5303326
-1.9792356  -0.0010812753  10.93888
-4.2460027  0.00016339496  18.799887
-5.111273  0.0004722905  21.554932
-6.9067535  0.00091093004  27.07313
-7.8115826  0.0009759962  29.790325
-8.704068  0.00086753746  32.445774
-10.412872  -6.8403955e-05  37.478905
-11.220814  -0.0008990018  39.84164
0.0  0.0  0.0
-13.477177  -0.004223579  46.41007
-13.449691  -0.003912749  46.380028
-13.287895  -0.0034001302  45.951294
-13.004784  -0.0027123245  45.161697
-12.197661  -0.0011324  42.85521
-11.360335  0.00018199516  40.42842
-11.071457  0.000640006  39.585598
-10.962727  0.0010192029  39.26766
-11.070845  0.0014062226  39.585033
-11.359031  0.0018888023  40.427284
-12.195683  0.00326878  42.85292
-13.001577  0.0048855757  45.158318
-13.284258  0.005599662  45.94773
-13.445543  0.006113786  46.375397
-13.472219  0.0064110453  46.404953
-11.217097  0.0029304435  39.837776
-10.409514  0.0020277095  37.475426
-8.701314  0.00094640034  32.442795
-7.809308  0.0007695189  29.787783
-6.904457  0.0007645962  27.070475
-5.109149  0.0010274766  21.552496
-4.2439785  0.0012210058  18.79752
-1.9782474  0.0020392262  10.937781
-0.5327201  0.0035354008  4.527525
-0.10323334  0.0038398742  1.6115589
0.0  0.0  0.0
0.0030674934  -0.0011955318  0.14756203
-0.021255493  -0.002893298  0.6801853
-0.26759768  -0.0039205085  2.9027462
-0.90746546  -0.0022429226  6.4358234
-1.3907738  -0.0016155089  8.585967
-2.6617434  -0.0006082898  13.452549
-3.4233704  -0.0002004996  16.086552
-6.0027757  0.00073904166  24.320847
-9.574304  0.00053721864  35.01509
-12.000256  -0.0019214954  42.115143
-12.75227  -0.0030659735  44.304176
-12.628387  -0.0019272352  44.09287
-11.757267  -0.0004152237  41.582443
-11.755756  0.0025278174  41.580803
-12.626036  0.0040944945  44.089687
0.0029530525  0.0011969027  0.1475277
-0.021802902  0.0028487882  0.68159485
-0.26797247  0.0040609688  2.9060059
-0.9062848  0.0029056477  6.4339314
-1.3897915  0.0024175742  8.58492
-2.6606066  0.0017163455  13.451392
-3.4217274  0.0014490986  16.084728
-6.0005813  0.0008654767  24.318344
-9.57123  0.001362081  35.01188
-11.996399  0.0040053315  42.110638
-12.747872  0.0052007968  44.299812
0.0  0.0  0.0
0.0  0.0  0.0
0.0  0.0  0.0
0.0  0.0  0.0
0.0  0.0  0.0
-10.223322  0.0008894234  37.051918
-10.217583  0.0010817631  37.03543
-10.423379  0.0013345105  37.6377
-10.428199  0.00065049547  37.64997
-12.299622  -0.0020567365  43.043274
-12.296242  0.0041708346  43.039513
-11.984978  -0.00148728  42.14705
-11.981785  0.0035814  42.143528
-10.784533  0.0017433064  38.693104
-10.786514  0.0002768089  38.69603
-11.607157  0.0029193955  41.07138
-11.609535  -0.0008303102  41.073925
-11.175138  0.0022733805  39.824547
-11.177181  -0.00022334966  39.826977
-9.4952965  0.0012374984  34.81524
-9.497535  0.00065728015  34.817665
-8.62672  0.000891974  32.2364
-8.628312  0.00092909695  32.237373
-10.515863  4.1849795e-05  37.828434
-10.513245  0.0019377018  37.82553
-4.882904  0.00078758446  20.800892
-4.8791537  0.00067668525  20.792353
-7.722413  0.0010184741  29.528381
-7.7224813  0.0007254153  29.532228
-3.9991522  0.0006921969  17.949337
-3.988169  0.00063757127  17.9167
-5.805631  0.00088791666  23.692484
-5.812703  0.0006887549  23.717577
-6.7578635  0.0009803991  26.613684
-6.7650056  0.0006818989  26.638872
-3.1606786  0.0006228424  15.132393
-3.155455  0.0005695921  15.117625
-2.394427  0.00045924302  12.417229
-2.39588  0.0005889826  12.419358
-0.73474884  0.00011580705  5.484833
-0.7331295  0.0004673655  5.4823437
-1.17628  0.00041241807  7.565791
-1.1744776  0.00032565586  7.562604
-1.7291496  0.00036262057  9.8821945
-1.7307527  0.00052687986  9.884595
-0.40706253  0.0007512502  3.6870728
-0.40728283  -0.00041188154  3.685236
-0.006822109  0.00027855366  0.27410507
-0.006893158  -0.0002702364  0.27558708
-0.18818808  -0.0007820642  2.2072163
-0.18853903  0.0009367367  2.2114868
-0.06343365  -0.00059263495  1.0890694
-0.063587666  0.0006271353  1.0928078
-0.009127617  0.00025598044  0.22048378
-0.009152889  -0.0002586451  0.22225189
-11.148326  -0.0006174931  39.673332
-0.11942577  -8.903351e-05  1.5667343
-0.11974573  0.00016113749  1.569643
-10.1877575  0.0015362534  36.89389
-10.189695  0.0004246147  36.895622
-0.29205084  9.596534e-05  2.8908005
-0.2924266  0.000117530464  2.8894043
-0.5695925  0.00044549312  4.558323
-0.5692282  -5.0311035e-05  4.557829
-1.4677801  0.00082034286  8.765313
-1.4666462  -6.0032995e-05  8.763686
-2.0989332  9.173987e-05  11.270372
-2.099414  0.00084040413  11.2701645
-0.96030855  0.00070413447  6.5294657
-0.9593687  -0.00011157693  6.527977
-2.8683314  0.0008320674  14.076487
-2.8638937  0.00027296552  14.063441
-3.7441216  0.000870681  17.074438
-3.7085414  0.00039106965  16.958704
-6.5688095  0.0010216938  26.030453
-6.606498  0.00062933087  26.148256
-7.5690293  0.0010389396  29.070137
-7.57869  0.00069015  29.101822
-5.590565  0.00096899556  23.0088
-5.593078  0.0005797911  23.018026
-4.6595435  0.0009203038  20.065311
-4.6035924  0.00048370645  19.888088
-8.669757  0.00096707005  32.3776
-8.664775  0.0008574491  32.365356
-9.353631  0.0011074551  34.413372
-9.356043  0.0007778139  34.41664
-9.784929  0.0012022268  35.715538
-9.790871  0.0007209836  35.730488
-0.053637028  4.4975313e-06  0.9055939
-0.040754795  -0.00015118223  0.73433304
-9.274737  0.0009702466  34.20572
-9.300621  0.0009088288  34.282074
-9.278379  0.00094272743  34.222427
-11.14513  0.0026457699  39.669983
-0.040545464  0.00015679613  0.7320061
-0.19187832  6.1023165e-05  2.1572456
-0.42082024  0.00014222809  3.6892433
-0.75662565  0.0002353219  5.522665
-1.7822719  0.00041290047  10.028084
-1.2082219  0.00032997297  7.639551
-2.5038981  0.0004990477  12.759435
-3.464099  0.00059287786  16.121096
-7.384949  0.0009888218  28.5146
-7.4192753  0.00071258156  28.619991
-4.446395  0.0007907931  19.367424
-6.3076015  0.0009457882  25.224266
-6.4464297  0.0006926794  25.651785
-5.3776674  0.0008845039  22.33345
-5.246087  0.0006548415  21.918924
-8.26268  0.0009994565  31.16415
-8.238199  0.00079276727  31.092297
-8.358427  0.000941682  31.456722
-8.223788  0.0008485925  31.052025
-6.049092  0.00080878835  24.424643
-4.2804546  0.00052966597  18.831247
-6.864492  0.0008644643  26.93067
-7.633194  0.0008898  29.268393
-7.313763  0.0008022112  28.29958
