0.0015561581  -0.00029997347  -0.078481674
-0.02259636  -0.0011783238  -0.9322529
-0.104888916  -0.0015673216  -2.2387848
-0.4431892  -0.0017561014  -5.397556
-0.839417  -0.0015748923  -8.146381
-1.6223593  -0.0015395083  -12.744055
-2.196575  -0.0024955028  -15.836761
-3.0304756  -0.0059474306  -20.158682
0.0  0.0  0.0
-3.5505414  -0.008810997  -22.806175
-3.332191  -0.0059076454  -21.889717
-3.0314174  -0.0038561285  -20.420134
-2.7338133  -0.0025563224  -18.914417
-2.5970492  -0.0022523738  -18.20617
-2.7347484  -0.0021036055  -18.915245
-3.0337162  -0.0011248079  -20.421825
-3.3358467  0.0006512088  -21.892841
-3.5560505  0.0034536044  -22.8111
-3.0350215  0.0011161013  -20.161228
-2.1987166  -0.0014123573  -15.83673
-1.6237886  -0.0016574395  -12.74268
-0.83970773  -0.00044511212  -8.143357
-0.44330537  0.00043023995  -5.3943596
-0.10506296  0.0010535143  -2.2363544
-0.02256322  0.00097264734  -0.93117523
0.0010842085  0.0002092988  -0.07676315
0.0  0.0  0.0
0.0  0.0  0.0
0.0  0.0  0.0
-2.0693593  -0.001985416  -15.271628
-2.10729  -0.0018785954  -15.426861
-2.0766459  -0.0018343199  -15.315679
-2.1060915  -0.0019669528  -15.427688
-0.0012054443  -2.4669338e-05  -0.14302063
-0.739042  -0.0008465478  -7.4165645
-0.72559017  -0.00097115897  -7.324629
-1.5485008  -0.0017107949  -12.338324
-1.544498  -0.0013898561  -12.320283
-0.28487313  -0.00047409488  -3.9664698
-0.094969034  -0.00022020831  -1.9728837
-0.0072432756  -4.4801738e-05  -0.39391327
-1.3356103  -0.0013675443  -11.112953
-0.00047802925  -0.00055568834  -0.23751831
-0.02259636  -0.0011783238  -0.9322529
-0.18426228  -0.0017005767  -3.1378102
-0.62529063  -0.0016780667  -6.7233343
-0.839417  -0.0015748923  -8.146381
-1.343962  -0.0014327654  -11.18075
-1.6223593  -0.0015395083  -12.744055
-1.908216  -0.0018721842  -14.302774
-2.4803662  -0.0034224247  -17.324429
-2.7589288  -0.004598236  -18.764435
0.0  0.0  0.0
-3.5505414  -0.008810997  -22.806175
-3.5201023  -0.007973567  -22.730042
-3.4463112  -0.007000127  -22.416826
-3.332191  -0.0059076454  -21.889717
-3.0314174  -0.0038561285  -20.420134
-2.7338133  -0.0025563224  -18.914417
-2.633885  -0.0023181522  -18.399136
-2.5970492  -0.0022523738  -18.20617
-2.634384  -0.0022383723  -18.399342
-2.7347484  -0.0021036055  -18.915245
-3.0337162  -0.0011248079  -20.421825
-3.3358467  0.0006512088  -21.892841
-3.4502497  0.0016600519  -22.420248
-3.5253537  0.002605176  -22.734085
-3.5560505  0.0034536044  -22.8111
-2.7622457  4.9720053e-05  -18.766096
-2.4830222  -0.00082382315  -17.325048
-1.9099319  -0.0017001769  -14.30188
-1.6237886  -0.0016574395  -12.74268
-1.3448926  -0.0013722817  -11.178505
-0.83970773  -0.00044511212  -8.143357
-0.62540305  2.4533249e-05  -6.7200465
-0.18445122  0.00096884824  -3.1352406
-0.02256322  0.00097264734  -0.93117523
-0.00038969517  0.00047800434  -0.23640442
0.0  0.0  0.0
0.0016826391  -6.698491e-05  -0.0088329315
0.0015561581  -0.00029997347  -0.078481674
-0.0071817636  -0.00090496696  -0.5163641
-0.05307746  -0.0013833297  -1.5040245
-0.104888916  -0.0015673216  -2.2387848
-0.29625106  -0.0017635216  -4.1953526
-0.4431892  -0.0017561014  -5.397556
-1.0809703  -0.001465663  -9.640597
-2.196575  -0.0024955028  -15.836761
-3.0304756  -0.0059474306  -20.158682
-3.2946212  -0.0073745516  -21.506273
-3.1890953  -0.0048146965  -21.201534
-2.8735576  -0.0030824584  -19.626732
-2.8750856  -0.0017269388  -19.627834
-3.192516  -0.0003007768  -21.20382
0.0015544891  4.546414e-05  -0.008337021
0.0010842085  0.0002092988  -0.07676315
-0.007126808  0.00077744795  -0.51414585
-0.053145885  0.0010401191  -1.5020514
-0.10506296  0.0010535143  -2.2363544
-0.29628193  0.0007625503  -4.192433
-0.44330537  0.00043023995  -5.3943596
-1.0815027  -0.0009299266  -9.637787
-2.1987166  -0.0014123573  -15.83673
-3.0350215  0.0011161013  -20.161228
-3.299111  0.0022638068  -21.509705
0.0  0.0  0.0
0.0  0.0  0.0
0.0  0.0  0.0
0.0  0.0  0.0
0.0  0.0  0.0
-2.3644738  -0.0020849253  -16.918598
-2.3631847  -0.0021195835  -16.909454
-2.4341793  -0.0021027103  -17.27621
-2.4348435  -0.0021891615  -17.282864
-3.1121385  -0.005637985  -20.66361
-3.1160145  0.00066591485  -20.666042
-2.9935117  -0.0047761477  -20.088673
-2.9968119  -8.722115e-05  -20.090757
-2.5597637  -0.0019094883  -17.92242
-2.5588455  -0.002515418  -17.922781
-2.8565226  -0.00085559755  -19.407223
-2.8539476  -0.003870837  -19.40596
-2.6997242  -0.0014928334  -18.626083
-2.697827  -0.003079332  -18.62526
-2.1615877  -0.0017017587  -15.686441
-2.1596522  -0.0021896008  -15.686435
-1.8791184  -0.0018054058  -14.162004
-1.8776159  -0.0017325811  -14.161994
-2.4961245  -0.002993943  -17.481537
-2.498395  -0.0013065841  -17.482155
-0.7893906  -0.0010922775  -7.7779965
-0.7889178  -0.0008160524  -7.772049
-1.5928662  -0.001459075  -12.587059
-1.5943828  -0.0016985203  -12.589041
-0.5779909  -0.000976037  -6.3337784
-0.57577664  -0.0005713363  -6.3154316
-1.0321937  -0.0012060308  -9.31537
-1.0349422  -0.0011058524  -9.327873
-1.3025484  -0.0013099946  -10.929057
-1.3057034  -0.0014332104  -10.9423895
-0.39993644  -0.00083664776  -4.990862
-0.3990286  -0.0003660989  -4.9818077
-0.25919628  -0.00021071732  -3.7871404
-0.25928628  -0.0006719357  -3.7901845
-0.042552233  -0.0002894292  -1.2454739
-0.042204976  3.9952807e-05  -1.2427902
-0.08656025  -0.00037202862  -1.9181805
-0.08627224  -3.6926707e-05  -1.9150467
-0.15608156  -0.00010274176  -2.7606359
-0.15658855  -0.0005073256  -2.7638946
-0.017448664  6.2265666e-05  -0.73754215
-0.017402053  -0.00021619431  -0.7388449
4.7922134e-05  0.00012052944  -0.034323692
-2.169609e-05  -0.00013506447  -0.034420013
-0.0051510334  -9.628257e-05  -0.38528252
-0.0053653717  1.835404e-05  -0.38439655
-0.00068962574  1.2137927e-05  -0.16323757
-0.0007070303  -6.704836e-05  -0.16210365
-0.0026564598  6.3276035e-05  -0.031001091
-0.0026185513  -7.275911e-05  -0.031111717
-2.715952  -0.0038932846  -18.611252
-0.0044391155  5.6002405e-05  -0.26576996
-0.0046420097  -0.00012172491  -0.26496124
-2.3773074  -0.0017631948  -16.890364
-2.375733  -0.0024176235  -16.889723
-0.012380481  -0.00013298483  -0.55718136
-0.012621522  1.6873702e-05  -0.5572338
-0.031357646  -3.3584773e-05  -0.99498653
-0.031374097  -0.00017732591  -0.99348354
-0.12543368  -0.00016844482  -2.3666835
-0.12516952  -0.00036366296  -2.3644586
-0.21596396  -0.00046612672  -3.3350143
-0.21610188  -0.00031289796  -3.3363857
-0.066753626  -8.317665e-05  -1.5939226
-0.06650269  -0.00026092364  -1.5918846
-0.34912968  -0.00049774087  -4.5358753
-0.3481294  -0.0005848381  -4.528171
-0.5271607  -0.00066922157  -5.9291887
-0.51930493  -0.0007729045  -5.8713493
-1.249403  -0.0011958536  -10.60896
-1.2608483  -0.0014666518  -10.673741
-1.544498  -0.0013898561  -12.320283
-1.5485008  -0.0017107949  -12.338324
-0.97778594  -0.0010249763  -8.959483
-0.9790372  -0.0011887727  -8.964097
-0.739042  -0.0008465478  -7.4165645
-0.72559017  -0.00097115897  -7.324629
-1.8844641  -0.0016566565  -14.225876
-1.8842514  -0.0019049597  -14.219149
-2.10729  -0.0018785954  -15.426861
-2.1060915  -0.0019669528  -15.427688
-2.2380204  -0.0019835287  -16.170954
-2.2383306  -0.0020440004  -16.178732
-0.0012054443  -2.4669338e-05  -0.14302063
-0.0031850338  -0.00012333016  -0.10864639
-2.0693593  -0.001985416  -15.271628
-2.0766459  -0.0018343199  -15.315679
-2.0672321  -0.0019084881  -15.27311
-2.7186744  -0.00064406084  -18.61256
-0.0031090975  8.610601e-05  -0.10930729
-0.0072432756  -4.4801738e-05  -0.39391327
-0.020951867  -8.2957326e-05  -0.7638731
-0.047988534  -0.00014011888  -1.2840319
-0.1695441  -0.00032925885  -2.8498878
-0.094969034  -0.00022020831  -1.9728837
-0.28487313  -0.00047409488  -3.9664698
-0.4695114  -0.00067443633  -5.4826856
-1.4884253  -0.0013782955  -12.002622
-1.4992948  -0.0016514126  -12.062326
-0.689983  -0.0008174586  -7.070365
-1.1762288  -0.0011771552  -10.167313
-1.215762  -0.0013919818  -10.402645
-0.923481  -0.0009945908  -8.606735
-0.8895616  -0.0010890787  -8.388164
-1.7548358  -0.0015581455  -13.51554
-1.7481378  -0.0018315231  -13.474668
-1.78255  -0.0016522924  -13.678587
-1.7415543  -0.0017488229  -13.446443
-1.1047404  -0.0012072222  -9.73155
-0.6505289  -0.0008942839  -6.799116
-1.3356103  -0.0013675443  -11.112953
-1.5622753  -0.0015353146  -12.428577
-1.4672871  -0.0015364446  -11.88053
