-0.022630692  -0.0033907373  0.70495224
-0.5406904  -0.0029877538  4.580559
-1.3595884  -0.0014979017  8.552282
-3.1966288  -0.0001145557  15.711952
-4.65249  0.00052996055  20.82495
-6.89886  0.0011980433  28.406437
-8.325739  0.0008389729  33.15954
-10.251341  -0.0018436136  39.56373
0.0  0.0  0.0
-11.411216  -0.0044707665  43.419197
-11.101179  -0.003551994  42.386147
-10.48619  -0.0018379451  40.342937
-9.831608  -5.6365214e-05  38.169167
-9.516377  0.00149812  37.123116
-9.829769  0.003128554  38.167385
-10.482824  0.0050732507  40.339096
-11.095768  0.0069369604  42.379887
-11.402609  0.007935667  43.40937
-10.245203  0.0050186785  39.55615
-8.321702  0.0018746846  33.15541
-6.8963375  0.0011824924  28.403847
-4.6506453  0.0013481473  20.823137
-3.1953797  0.0016140037  15.710781
-1.3587835  0.002386788  8.551577
-0.53882647  0.003592996  4.5777664
-0.023204327  0.0033460818  0.70637894
0.0  0.0  0.0
0.0  0.0  0.0
0.0  0.0  0.0
-8.121959  0.0014931716  32.47855
-8.170694  0.0017210562  32.646038
-8.143515  0.0011628206  32.54869
-8.173521  0.0009535196  32.649788
-0.055325985  -3.79415e-06  0.93255234
-4.262935  0.00093406317  19.431997
-4.2149787  0.00082258676  19.266905
-6.7174587  0.0010875189  27.790161
-6.709854  0.0012509527  27.761263
-2.3728638  0.00059757807  12.548801
-1.1831665  0.00037618482  7.6238117
-0.19673014  5.733379e-05  2.203249
-6.127245  0.0011243979  25.796717
-0.107841015  -0.004156337  1.6538925
-0.5406904  -0.0029877538  4.580559
-1.9038551  -0.00094256114  10.820366
-3.91233  0.00022197384  18.258179
-4.65249  0.00052996055  20.82495
-6.1553955  0.0010638752  25.918427
-6.89886  0.0011980433  28.406437
-7.6248336  0.0011425316  30.827404
-8.995705  0.00020275518  35.38829
-9.636559  -0.00069792516  37.518665
0.0  0.0  0.0
-11.411216  -0.0044707665  43.419197
-11.413416  -0.0044576116  43.426838
-11.30712  -0.004149435  43.071136
-11.101179  -0.003551994  42.386147
-10.48619  -0.0018379451  40.342937
-9.831608  -5.6365214e-05  38.169167
-9.602932  0.0007361931  37.41017
-9.516377  0.00149812  37.123116
-9.602169  0.0022742557  37.40933
-9.829769  0.003128554  38.167385
-10.482824  0.0050732507  40.339096
-11.095768  0.0069369604  42.379887
-11.300761  0.007595855  43.064186
-11.406364  0.007933726  43.418137
-11.402609  0.007935667  43.40937
-9.630953  0.0037214041  37.512627
-8.991018  0.0026639902  35.383373
-7.6215954  0.0014005817  30.82408
-6.8963375  0.0011824924  28.403847
-6.1531553  0.0011604137  25.91611
-4.6506453  0.0013481473  20.823137
-3.9106507  0.0014728596  18.256504
-1.9030833  0.00204202  10.819842
-0.53882647  0.003592996  4.5777664
-0.107747555  0.0042551486  1.6553116
0.0  0.0  0.0
0.0030794144  -0.0015818754  0.15465546
-0.022630692  -0.0033907373  0.70495224
-0.27516413  -0.0041451375  2.957552
-0.90220714  -0.0021615897  6.4577017
-1.3595884  -0.0014979017  8.552282
-2.5214865  -0.0004819496  13.219913
-3.1966288  -0.0001145557  15.711952
-5.4037075  0.00083075557  23.385227
-8.325739  0.0008389729  33.15954
-10.251341  -0.0018436136  39.56373
-10.842739  -0.0031572247  41.53002
-10.8171425  -0.0027446437  41.44358
-10.143436  -0.0009306699  39.204918
-10.140898  0.004084539  39.202255
-10.813145  0.0060713287  41.438225
0.0030078888  0.0015805154  0.15488052
-0.023204327  0.0033460818  0.70637894
-0.2757988  0.004260919  2.9615536
-0.9009838  0.0028815013  6.4562063
-1.3587835  0.002386788  8.551577
-2.5205562  0.0017862495  13.219418
-3.1953797  0.0016140037  15.710781
-5.401746  0.0012328075  23.383282
-8.321702  0.0018746846  33.15541
-10.245203  0.0050186785  39.55615
-10.835318  0.0064800014  41.521935
0.0  0.0  0.0
0.0  0.0  0.0
0.0  0.0  0.0
0.0  0.0  0.0
0.0  0.0  0.0
-8.906557  0.0012066102  35.091278
-8.901701  0.0016401557  35.076008
-9.064362  0.002134831  35.61842
-9.068821  0.0007459073  35.630035
-10.514468  -0.0023744584  40.43712
-10.508978  0.005611777  40.43064
-10.276587  -0.00183384  39.64576
-10.271718  0.0050116195  39.640076
-9.349007  0.0027822605  36.56765
-9.351727  0.0001739205  36.571106
-9.986749  0.0042794324  38.69082
-9.990553  -0.0011579955  38.695183
-9.652855  0.0034960697  37.579216
-9.65599  -0.00046677288  37.582775
-8.275562  0.0018453149  32.997833
-8.278471  0.00085722585  33.000954
-7.5710173  0.0013743235  30.649826
-7.57312  0.0011632224  30.651184
-9.100959  9.434635e-05  35.737114
-9.097319  0.0028001862  35.733128
-4.455533  0.00079009833  20.119902
-4.45234  0.0010360647  20.11232
-6.8316774  0.0012353181  28.175041
-6.831293  0.001135688  28.178474
-3.6950233  0.00064173946  17.456108
-3.6856644  0.0009862754  17.425978
-5.2375903  0.00095550297  22.803427
-5.243486  0.0010586239  22.82694
-6.034071  0.0011302228  25.498913
-6.03979  0.0010627767  25.52227
-2.9609737  0.000537555  14.804682
-2.9565053  0.00088629895  14.791246
-2.2771726  0.00074080983  12.22777
-2.278266  0.00047916124  12.229345
-0.7333777  -8.093094e-05  5.5183325
-0.731833  0.0007041546  5.516221
-1.1548846  0.00024238857  7.555233
-1.153167  0.00057598157  7.5525227
-1.6704931  0.0006263121  9.7985935
-1.6720185  0.00038696156  9.800317
-0.4129696  0.0010101736  3.7384415
-0.41309357  -0.00066875276  3.7362728
-0.0068120956  -8.870498e-06  0.2845688
-0.006892681  1.5736208e-05  0.286232
-0.19348478  -0.0011244367  2.2548122
-0.19411898  0.0012671188  2.2596626
-0.065621376  -0.0009903144  1.1203194
-0.06596947  0.0010122606  1.124567
-0.008992195  0.00016659521  0.22904396
-0.009000778  -0.00016450154  0.23050308
-9.600201  -0.00064021343  37.39701
-0.12289953  -0.00031937822  1.605732
-0.12338734  0.00037501365  1.6090908
-8.849961  0.002362936  34.90847
-8.852684  0.0004714289  34.910965
-0.2976904  0.0002832666  2.9409409
-0.29801702  -6.694393e-05  2.939455
-0.5717182  0.0002977508  4.601345
-0.5713997  0.00012836792  4.6011353
-1.4265485  0.0007109378  8.716798
-1.425678  0.00015960721  8.715471
-2.0073645  0.0003326199  11.12814
-2.007687  0.0007568691  11.127554
-0.948689  0.0005810732  6.5413504
-0.94782376  7.845834e-05  6.5401163
-2.6994195  0.0007854542  13.801376
-2.6956294  0.0005375894  13.789345
-3.4710865  0.0008483054  16.631405
-3.4401598  0.0007018236  16.522982
-5.878254  0.0011695356  24.963829
-5.909661  0.0009927676  25.072681
-6.709854  0.0012509527  27.761263
-6.7174587  0.0010875189  27.790161
-5.055888  0.0010391793  22.169563
-5.0580134  0.0009218636  22.178316
-4.262935  0.00093406317  19.431997
-4.2149787  0.00082258676  19.266905
-7.616659  0.0011933455  30.792946
-7.612027  0.0013485205  30.781376
-8.170694  0.0017210562  32.646038
-8.173521  0.0009535196  32.649788
-8.532399  0.001897428  33.848457
-8.537917  0.0008571447  33.862648
-0.055325985  -3.79415e-06  0.93255234
-0.041882515  6.720569e-05  0.75751686
-8.121959  0.0014931716  32.47855
-8.143515  0.0011628206  32.54869
-8.128737  0.0013305966  32.498913
-9.595564  0.003657805  37.392082
-0.041553497  -6.9978705e-05  0.75494766
-0.19673014  5.733379e-05  2.203249
-0.42545414  0.00015139492  3.7384415
-0.75290155  0.0002616159  5.5530252
-1.7169414  0.00048282207  9.934577
-1.1831665  0.00037618482  7.6238117
-2.3728638  0.00059757807  12.548801
-3.225357  0.0007307861  15.733013
-6.560246  0.0012302874  27.254822
-6.588362  0.0010720928  27.351387
-4.0791097  0.00090143166  18.779251
-5.6603956  0.0011170721  24.220722
-5.777012  0.0010004906  24.616003
-4.875363  0.0010159495  21.542511
-4.7635016  0.00090770883  21.15737
-7.286474  0.0012528847  29.687975
-7.2658124  0.0012100259  29.62172
-7.368415  0.0012497078  29.960485
-7.2570133  0.001214831  29.588987
-5.443223  0.0010313616  23.48148
-3.9361327  0.0007758758  18.278078
-6.127245  0.0011243979  25.796717
-6.767647  0.0011796977  27.949957
-6.501841  0.0011114068  27.058178
