-0.038723946  -0.0039521493  0.89100266
-0.99952984  -0.0054123728  6.089325
-2.7488499  -0.004433643  11.74419
-7.2543077  -0.0033301741  22.392563
-11.215212  -0.002726133  30.214739
-17.773438  -0.0031653522  42.021904
-22.128637  -0.005149789  49.51554
-28.157335  -0.01104209  59.691013
0.0  0.0  0.0
-31.833488  -0.015763327  65.84202
-30.625607  -0.0114652235  64.07615
-28.603907  -0.0081056  60.77811
-26.513344  -0.0058024265  57.300537
-25.522934  -0.0051824716  55.634766
-26.510344  -0.0050235074  57.29649
-28.598354  -0.0036794154  60.769806
-30.616928  -0.0013116754  64.06386
-31.82003  0.002384582  65.82312
-28.14652  -0.00057911116  59.675095
-22.12088  -0.0036578586  49.50431
-17.76767  -0.0036281776  42.01296
-11.209985  -0.0010740263  30.207623
-7.25008  0.0011493741  22.38654
-2.7462168  0.0039812336  11.739544
-0.99616146  0.0056169047  6.0834217
-0.039235115  0.0038662716  0.89120483
0.0  0.0  0.0
0.0  0.0  0.0
0.0  0.0  0.0
-21.362347  -0.004414893  48.361046
-21.567995  -0.004289063  48.65445
-21.426357  -0.004052152  48.472397
-21.573833  -0.004247182  48.6633
-0.08890247  -2.6123831e-05  1.1546383
-10.14514  -0.001160866  28.070293
-10.012679  -0.0022184548  27.815014
-17.196707  -0.0037145177  41.031174
-17.172934  -0.0027997575  40.988304
-5.1625557  -0.0007413337  17.622375
-2.3482075  -0.00022749137  10.372126
-0.33296394  -3.1183474e-05  2.8095398
-15.448399  -0.0027837355  37.914265
-0.18431282  -0.0055128746  2.124401
-0.99952984  -0.0054123728  6.089325
-4.0125036  -0.004083583  15.067183
-9.166373  -0.002959509  26.270634
-11.215212  -0.002726133  30.214739
-15.555223  -0.0027619319  38.124847
-17.773438  -0.0031653522  42.021904
-19.973917  -0.0039313007  45.83088
-24.209902  -0.0067739445  53.047974
-26.21796  -0.008779067  56.434067
0.0  0.0  0.0
-31.833488  -0.015763327  65.84202
-31.752861  -0.014587453  65.80783
-31.339474  -0.013126703  65.20139
-30.625607  -0.0114652235  64.07615
-28.603907  -0.0081056  60.77811
-26.513344  -0.0058024265  57.300537
-25.793676  -0.0053101224  56.09137
-25.522934  -0.0051824716  55.634766
-25.79223  -0.005175397  56.089333
-26.510344  -0.0050235074  57.29649
-28.598354  -0.0036794154  60.769806
-30.616928  -0.0013116754  64.06386
-31.329475  1.3197074e-05  65.18723
-31.741192  0.001263214  65.79098
-31.82003  0.002384582  65.82312
-26.208216  -0.0019218912  56.42004
-24.201237  -0.0030045079  53.035427
-19.967014  -0.0038820587  45.82073
-17.76767  -0.0036281776  42.01296
-15.549444  -0.002990747  38.116417
-11.209985  -0.0010740263  30.207623
-9.161321  1.332839e-05  26.263885
-4.0097713  0.0031741  15.062399
-0.99616146  0.0056169047  6.0834217
-0.18408108  0.005491626  2.123663
0.0  0.0  0.0
0.003563881  -0.0015181535  0.19340515
-0.038723946  -0.0039521493  0.89100266
-0.487401  -0.0062999167  3.865448
-1.7454948  -0.004874503  8.7313385
-2.7488499  -0.004433643  11.74419
-5.5233126  -0.003711543  18.637327
-7.2543077  -0.0033301741  22.392563
-13.357779  -0.002627408  34.17842
-22.128637  -0.005149789  49.51554
-28.157335  -0.01104209  59.691013
-30.029018  -0.013387542  62.826477
-29.68203  -0.009753637  62.54897
-27.503984  -0.006755697  58.955
-27.499905  -0.0045208847  58.94883
-29.675037  -0.002557338  62.538292
0.0034360886  0.0015062457  0.19295692
-0.039235115  0.0038662716  0.89120483
-0.4876051  0.0061705275  3.8661423
-1.7426844  0.0047834287  8.726038
-2.7462168  0.0039812336  11.739544
-5.520154  0.0022093356  18.632278
-7.25008  0.0011493741  22.38654
-13.352305  -0.002102261  34.170742
-22.12088  -0.0036578586  49.50431
-28.14652  -0.00057911116  59.675095
-30.017078  0.00087507  62.80963
0.0  0.0  0.0
0.0  0.0  0.0
0.0  0.0  0.0
0.0  0.0  0.0
0.0  0.0  0.0
-23.699379  -0.0047300337  52.45152
-23.685223  -0.0047896216  52.427223
-24.19756  -0.0048315516  53.290115
-24.209415  -0.004928266  53.309887
-28.887669  -0.0107378885  61.030464
-28.878271  -0.0012261146  61.016716
-28.09894  -0.009375286  59.74988
-28.090412  -0.002216415  59.737732
-25.097584  -0.0046245307  54.802406
-25.102654  -0.005550666  54.8101
-27.152117  -0.003246456  58.20579
-27.158741  -0.007877523  58.21566
-26.072762  -0.0040847794  56.422104
-26.078306  -0.0065467427  56.430393
-21.924192  -0.004058944  49.22782
-21.930038  -0.0046470584  49.236572
-19.777657  -0.0040330263  45.528114
-19.78182  -0.0036797985  45.534092
-24.45216  -0.0061943103  53.556347
-24.44532  -0.0036869019  53.54624
-10.675398  -0.0016450841  29.129572
-10.666401  -0.0019329215  29.114801
-17.552116  -0.002987485  41.646633
-17.552174  -0.003699515  41.648216
-8.592241  -0.0012969834  25.04687
-8.56627  -0.0014371352  24.997921
-12.884916  -0.0020318907  33.27437
-12.901857  -0.002493321  33.30742
-15.192933  -0.0024619463  37.464405
-15.210247  -0.0031250906  37.49715
-6.65423  -0.00096380035  21.020916
-6.641924  -0.0009919002  20.997768
-4.924941  -0.00068996544  17.149895
-4.9284515  -0.00056287204  17.154873
-1.3887672  -0.00016925787  7.3877907
-1.3856754  0.00015877979  7.3831615
-2.2924013  -3.0120835e-05  10.292099
-2.2887373  -0.00026412844  10.286333
-3.4660778  -0.00048305094  13.554205
-3.469674  -0.00022728997  13.559271
-0.7448292  0.00072627096  4.908741
-0.74531364  -0.0007291923  4.907608
-0.011487961  0.0007725593  0.35045815
-0.0115709305  -0.00077677285  0.35207367
-0.33356476  -0.0010196279  2.903139
-0.33395958  0.0010073248  2.9071465
-0.10900116  -0.0005085764  1.4137192
-0.10920906  0.00047419313  1.4173927
-0.013291359  0.0005289598  0.2760315
-0.013372421  -0.00054498576  0.2781601
-26.026087  -0.007746962  56.199936
-0.20387459  -3.1911535e-05  2.0299797
-0.2043171  -1.2928387e-05  2.0330944
-23.629957  -0.0042922716  52.215168
-23.634815  -0.0052017425  52.222088
-0.51989555  -0.00014047045  3.8053112
-0.52024555  8.476805e-05  3.8038063
-1.05299  0.00040102587  6.0864697
-1.0522366  -0.0005068539  6.0854053
-2.8990326  0.00048547913  11.963425
-2.896902  -0.0010984803  11.960545
-4.266061  -0.0012513095  15.50902
-4.2670984  0.00016079377  15.509382
-1.8381634  0.00058095227  8.82375
-1.8364248  -0.000845812  8.821253
-5.9857383  -0.00032863254  19.504425
-5.975719  -0.0014087998  19.484974
-7.996668  -0.00072404696  23.787811
-7.9141026  -0.0018152785  23.621323
-14.731805  -0.0021904656  36.625286
-14.8233385  -0.0031945887  36.792164
-17.172934  -0.0027997575  40.988304
-17.196707  -0.0037145177  41.031174
-12.367132  -0.0016496368  32.290173
-12.37301  -0.0026419892  32.301453
-10.14514  -0.001160866  28.070293
-10.012679  -0.0022184548  27.815014
-19.877678  -0.0035639007  45.73672
-19.865444  -0.0041952934  45.71588
-21.567995  -0.004289063  48.65445
-21.573833  -0.004247182  48.6633
-22.626894  -0.00452199  50.526863
-22.641607  -0.0045150663  50.55139
-0.08890247  -2.6123831e-05  1.1546383
-0.065963745  -0.0005850396  0.9369087
-21.362347  -0.004414893  48.361046
-21.426357  -0.004052152  48.472397
-21.368515  -0.004221827  48.386368
-26.017828  -0.0028641515  56.18817
-0.06565666  0.0005437068  0.9342842
-0.33296394  -3.1183474e-05  2.8095398
-0.7612734  -4.6977308e-05  4.8848763
-1.4212599  -0.00010283338  7.4136143
-3.571662  -0.00044435658  13.74235
-2.3482075  -0.00022749137  10.372126
-5.1625557  -0.0007413337  17.622375
-7.346529  -0.0011765419  22.41996
-16.719503  -0.002810544  40.189316
-16.803795  -0.0035476408  40.33938
-9.6398  -0.0013512889  27.066515
-14.09632  -0.002193904  35.466095
-14.432594  -0.002931845  36.078484
-11.854984  -0.0017327243  31.318493
-11.539823  -0.0022237964  30.723057
-18.872337  -0.003289944  43.99427
-18.81244  -0.003981578  43.889202
-19.10503  -0.003557098  44.413918
-18.77432  -0.0037662173  43.832024
-13.470122  -0.0023748563  34.317398
-9.249102  -0.0018797517  26.29842
-15.448399  -0.0027837355  37.914265
-17.325817  -0.003215754  41.27085
-16.544514  -0.0032291424  39.879387
