0.0013906211  -0.00023465737  -0.015758991
0.00069116056  -0.00021301402  0.13378549
-0.0047829747  -0.00018658396  0.4991305
-0.039730705  6.272062e-05  1.5290484
-0.08634408  0.00036466846  2.4810019
-0.18303576  0.0007898822  4.1148334
-0.25545746  0.0006872274  5.2281437
-0.361255  -0.0005020009  6.794608
0.0  0.0  0.0
-0.42774254  -0.0016827206  7.7572756
-0.3997775  -0.00094950735  7.410081
-0.3612193  -0.00014619145  6.871358
-0.32326874  0.0005534264  6.3236732
-0.30563432  0.001064688  6.067151
-0.32273692  0.001653375  6.323886
-0.36074597  0.002498563  6.871809
-0.3988174  0.0034435366  7.4107056
-0.4261718  0.0042623268  7.7581244
-0.36032593  0.0028114754  6.79541
-0.25455785  0.0011914703  5.228884
-0.18247488  0.00076793064  4.1156464
-0.08593166  0.0007569859  2.4814749
-0.03939791  0.00075158325  1.5296882
-0.004600227  0.00063584675  0.50015974
0.0011095852  0.00049842097  0.13450909
0.0010541528  0.00022635699  -0.014770746
0.0  0.0  0.0
0.0  0.0  0.0
0.0  0.0  0.0
-0.23905382  0.0009598654  5.0174456
-0.24346  0.0010525275  5.0763144
-0.24016863  0.0008637766  5.0329723
-0.2441057  0.0007782418  5.0761414
0.0011249036  1.5281083e-05  0.0014965534
-0.07486193  0.00048519328  2.2320783
-0.07308171  0.00054212636  2.2007427
-0.17363825  0.0007209762  3.9699903
-0.17354915  0.00079508056  3.962953
-0.023155935  0.00032004956  1.0613201
-0.0046153814  0.00019754696  0.43398857
0.0011606067  5.816971e-05  0.0331769
-0.1475909  0.00070742285  3.534046
0.0009062886  -0.00017742888  -0.003247738
0.00069116056  -0.00021301402  0.13378549
-0.012031227  -0.00013741478  0.7797663
-0.06078665  0.00020098328  1.9844743
-0.08634408  0.00036466846  2.4810019
-0.14829934  0.00068859686  3.5556564
-0.18303576  0.0007898822  4.1148334
-0.21905357  0.0007963499  4.674883
-0.29136676  0.00040065017  5.766052
-0.32688695  7.7998266e-08  6.288155
0.0  0.0  0.0
-0.42774254  -0.0016827206  7.7572756
-0.4237328  -0.001543652  7.7240076
-0.4143035  -0.0012966031  7.605218
-0.3997775  -0.00094950735  7.410081
-0.3612193  -0.00014619145  6.871358
-0.32326874  0.0005534264  6.3236732
-0.3103688  0.0008149419  6.1370373
-0.30563432  0.001064688  6.067151
-0.31013545  0.0013307233  6.137141
-0.32273692  0.001653375  6.323886
-0.36074597  0.002498563  6.871809
-0.3988174  0.0034435366  7.4107056
-0.41307616  0.0038559549  7.6063004
-0.4225863  0.0041279383  7.724865
-0.4261718  0.0042623268  7.7581244
-0.3257509  0.002172234  6.2890663
-0.29034686  0.0016191874  5.766956
-0.21828675  0.0009077564  4.675527
-0.18247488  0.00076793064  4.1156464
-0.14779495  0.0007166391  3.5561569
-0.08593166  0.0007569859  2.4814749
-0.06042344  0.0007716988  1.9849693
-0.01187256  0.00069643615  0.7805402
0.0011095852  0.00049842097  0.13450909
0.0011927336  0.00028741208  -0.002991438
0.0  0.0  0.0
0.0016193241  -0.000114108494  -0.0063011646
0.0013906211  -0.00023465737  -0.015758991
0.00091159344  -0.0002266597  0.041593313
-0.00086049736  -0.00020997273  0.2847016
-0.0047829747  -0.00018658396  0.4991305
-0.023540102  -5.2987598e-05  1.1246877
-0.039730705  6.272062e-05  1.5290484
-0.11576458  0.00054253393  3.0080147
-0.25545746  0.0006872274  5.2281437
-0.361255  -0.0005020009  6.794608
-0.39492843  -0.001088834  7.2840986
-0.3811432  -0.00053957803  7.157344
-0.34094363  0.00022959232  6.5822587
-0.3405025  0.0020601996  6.582754
-0.38078296  0.0029843976  7.1577387
0.0015192032  0.00012438314  -0.0062527657
0.0010541528  0.00022635699  -0.014770746
0.0012624562  0.00040562963  0.0414536
-0.0007700771  0.000549568  0.28561044
-0.004600227  0.00063584675  0.50015974
-0.023296937  0.0007389576  1.125491
-0.03939791  0.00075158325  1.5296882
-0.115323916  0.0007255468  3.0084987
-0.25455785  0.0011914703  5.228884
-0.36032593  0.0028114754  6.79541
-0.39343524  0.0035343836  7.285387
0.0  0.0  0.0
0.0  0.0  0.0
0.0  0.0  0.0
0.0  0.0  0.0
0.0  0.0  0.0
-0.276335  0.0009308629  5.606352
-0.2760493  0.0010671467  5.6030025
-0.28501987  0.0012509181  5.736041
-0.2855475  0.00078188576  5.738071
-0.37169224  -0.000596141  6.9716845
-0.3707868  0.0029641008  6.972453
-0.35659632  -0.00031168933  6.760747
-0.3557373  0.0026235366  6.76114
-0.3006264  0.0015250668  5.970133
-0.30111498  0.0005813181  5.9698987
-0.33812767  0.0022467757  6.511079
-0.3387614  1.4937599e-05  6.5101748
-0.3183155  0.0018576249  6.2261953
-0.31882283  0.00032133688  6.225664
-0.25024378  0.0011282873  5.171542
-0.2507759  0.0007288959  5.17097
-0.21477294  0.0008830365  4.6235986
-0.21523349  0.0008196739  4.622753
-0.29339284  0.0004480703  5.818136
-0.29270238  0.0015960386  5.818673
-0.08066979  0.0004471835  2.355359
-0.08027406  0.0006375731  2.354402
-0.1795283  0.0008023289  4.0583296
-0.1791496  0.0007443173  4.059998
-0.05565174  0.0003261687  1.8543485
-0.055179015  0.00059215544  1.8491737
-0.110058025  0.0005730625  2.8952103
-0.11002437  0.0006575622  2.9007452
-0.14337225  0.0007021759  3.4669523
-0.1432852  0.00067650515  3.4727437
-0.0353396  0.00023081253  1.39681
-0.035082437  0.00053720886  1.3947228
-0.019953229  0.00047827314  0.99766374
-0.020125091  0.00015127508  0.99775743
-0.0006067455  -1.4489167e-05  0.22216654
-0.00029668212  0.00032068897  0.22218966
-0.0036928803  4.3144333e-05  0.4115312
-0.0035400987  0.00035886804  0.41113567
-0.009623468  0.00042024278  0.6686404
-0.009845197  8.885597e-05  0.6687546
0.00086927414  0.00026172432  0.09709859
0.00077970326  -4.9595372e-05  0.09677744
0.0002938211  -5.987659e-05  -0.005171776
0.00025705993  7.12201e-05  -0.005104065
0.0011229068  -6.803393e-05  0.02628398
0.0011586249  0.00020267325  0.025829792
0.0007290095  -9.687402e-05  -0.0029411316
0.0009139031  0.00014753459  -0.0025017262
-0.0022624284  -1.2547476e-05  -0.002874136
-0.0021924078  1.8298335e-05  -0.0025656223
-0.32133704  0.00012537342  6.228086
2.989173e-05  -1.5143072e-05  0.012618065
-5.364418e-05  9.579462e-05  0.012663603
-0.27743614  0.0013566287  5.6018963
-0.27803576  0.00063208846  5.6014376
0.00086690485  0.00013706752  0.06275487
0.0004965663  3.051525e-05  0.06294799
-2.5361776e-05  6.320351e-05  0.16286111
-0.00011371076  0.00018371452  0.16286087
-0.0072574466  0.00017875517  0.55061173
-0.007004142  0.0002701196  0.5503936
-0.015921116  0.0003337569  0.8548944
-0.015990794  0.00023104413  0.8548746
-0.002280876  0.0001206001  0.32287502
-0.0021434128  0.0002236939  0.32277465
-0.029990435  0.00030345283  1.2481583
-0.02971457  0.00040367426  1.2461842
-0.050075315  0.00039149774  1.7190628
-0.049003296  0.00047553776  1.6996968
-0.13690673  0.0006985461  3.3543153
-0.13799429  0.0006534145  3.377988
-0.17354915  0.00079508056  3.962953
-0.17363825  0.0007209762  3.9699903
-0.10358371  0.000585327  2.7716956
-0.10352676  0.0006045226  2.774107
-0.07486193  0.00048519328  2.2320783
-0.07308171  0.00054212636  2.2007427
-0.2161549  0.0008410764  4.6441083
-0.2155895  0.00086870947  4.642412
-0.24346  0.0010525275  5.0763144
-0.2441057  0.0007782418  5.0761414
-0.2601586  0.0011319844  5.3414063
-0.2607316  0.0007792422  5.3439283
0.0011249036  1.5281083e-05  0.0014965534
-0.0018403232  6.447954e-05  -0.001683712
-0.23905382  0.0009598654  5.0174456
-0.24016863  0.0008637766  5.0329723
-0.2389759  0.00091264467  5.0174084
-0.3203624  0.002030207  6.2286882
-0.0017736107  -3.903272e-05  -0.0021603107
0.0011606067  5.816971e-05  0.0331769
0.00060494244  0.000100389356  0.10929322
-0.0011154264  0.00014497282  0.2394607
-0.011389226  0.00025457266  0.70188403
-0.0046153814  0.00019754696  0.43398857
-0.023155935  0.00032004956  1.0613201
-0.043494493  0.00040742202  1.5685974
-0.16659503  0.0007750828  3.8500247
-0.16771688  0.0007109224  3.871564
-0.06912501  0.0004937311  2.1134222
-0.12794742  0.00066510873  3.1986983
-0.13270296  0.00064552884  3.2823668
-0.09708403  0.0005781849  2.6490848
-0.09293412  0.00056557596  2.5728567
-0.1998597  0.0008319685  4.3894453
-0.19865645  0.00080293627  4.375149
-0.20337045  0.0008368954  4.4475327
-0.19808707  0.0008040486  4.36469
-0.11916405  0.0006294877  3.0451915
-0.06439815  0.0004936634  2.019649
-0.1475909  0.00070742285  3.534046
-0.17567265  0.000766161  4.0016623
-0.16387202  0.00072142883  3.8068032
