-0.0043137074  -0.0019264392  0.38359928
-0.15084815  -0.0014544147  2.4796848
-0.36432177  -0.0008373483  4.5505514
-0.7836869  -0.00040340464  8.070532
-1.0694635  -6.7314715e-05  10.413907
-1.450526  0.00048907084  13.656063
-1.6643937  -0.0004481055  15.574533
-1.9280918  -0.0055708284  18.059374
0.0  0.0  0.0
-2.0795565  -0.0103574665  19.523552
-2.0788956  -0.007953881  19.274837
-2.0111198  -0.004795789  18.54468
-1.9281206  -0.0017839157  17.727875
-1.8857408  0.0006606627  17.32539
-1.9285969  0.0031258366  17.731302
-2.0126019  0.006156915  18.55178
-2.0809438  0.009348118  19.285435
-2.082447  0.01173265  19.539589
-1.9309566  0.006857998  18.072332
-1.6659518  0.0016241092  15.583387
-1.4517941  0.0005638163  13.662468
-1.0700536  0.0009218665  10.417287
-0.78401136  0.0011030608  8.072635
-0.36431515  0.0012667157  4.551159
-0.15004134  0.0017670597  2.4779348
-0.004824877  0.0018742394  0.38516617
0.0  0.0  0.0
0.0  0.0  0.0
0.0  0.0  0.0
-1.6595559  0.0008719261  15.390259
-1.6581604  0.0012526233  15.428291
-1.662361  0.00029567652  15.416715
-1.6572969  -8.646626e-05  15.423496
-0.014500856  4.9799564e-06  0.5188637
-0.99234855  0.00021579742  9.771197
-0.9834876  0.0006100556  9.6979475
-1.4282563  0.0004920413  13.421488
-1.4262401  0.00054828904  13.40579
-0.599847  0.00029728573  6.531102
-0.3175115  0.00020009503  4.066871
-0.055125594  4.7582493e-05  1.2114182
-1.3300422  0.00050605193  12.575845
-0.029232383  -0.002120098  0.90244675
-0.15084815  -0.0014544147  2.4796848
-0.4964918  -0.00065682246  5.6960163
-0.9286605  -0.00026352826  9.254748
-1.0694635  -6.7314715e-05  10.413907
-1.3311887  0.00041404658  12.619546
-1.450526  0.00048907084  13.656063
-1.5618241  0.00024223671  14.643324
-1.7589444  -0.0017183699  16.450516
-1.8465136  -0.0034475653  17.275585
0.0  0.0  0.0
-2.0795565  -0.0103574665  19.523552
-2.0953856  -0.010023033  19.583118
-2.0950937  -0.0092155645  19.495975
-2.0788956  -0.007953881  19.274837
-2.0111198  -0.004795789  18.54468
-1.9281206  -0.0017839157  17.727875
-1.8973379  -0.0005140278  17.436058
-1.8857408  0.0006606627  17.32539
-1.8976426  0.0018363409  17.437862
-1.9285969  0.0031258366  17.731302
-2.0126019  0.006156915  18.55178
-2.0809438  0.009348118  19.285435
-2.097299  0.010617797  19.508837
-2.0982625  0.011419862  19.597363
-2.082447  0.01173265  19.539589
-1.8486347  0.004691535  17.28728
-1.7608206  0.0029236767  16.460796
-1.563213  0.00086105266  14.65086
-1.4517941  0.0005638163  13.662468
-1.3322514  0.00057765836  12.624926
-1.0700536  0.0009218665  10.417287
-0.92905945  0.0010525964  9.25729
-0.4966275  0.0011768576  5.697268
-0.15004134  0.0017670597  2.4779348
-0.029173017  0.0021739225  0.90372753
0.0  0.0  0.0
0.0024614334  -0.0010404522  0.083600044
-0.0043137074  -0.0019264392  0.38359928
-0.07697308  -0.0020046514  1.6089821
-0.24740851  -0.0010913337  3.468361
-0.36432177  -0.0008373483  4.5505514
-0.6381262  -0.00052138534  6.877202
-0.7836869  -0.00040340464  8.070532
-1.2039965  0.00019232754  11.53745
-1.6643937  -0.0004481055  15.574533
-1.9280918  -0.0055708284  18.059374
-2.005799  -0.007965597  18.808056
-2.0492525  -0.006415177  18.945093
-1.9685292  -0.0032302076  18.120468
-1.9695064  0.0045882133  18.125938
-2.051371  0.0078100916  18.953747
0.0023540258  0.0010377138  0.08412933
-0.004824877  0.0018742394  0.38516617
-0.07709944  0.0021036281  1.6119833
-0.24708533  0.0014444421  3.4680328
-0.36431515  0.0012667157  4.551159
-0.63832927  0.0011356736  6.879128
-0.78401136  0.0011030608  8.072635
-1.2048262  0.00073803286  11.541869
-1.6659518  0.0016241092  15.583387
-1.9309566  0.006857998  18.072332
-2.0083313  0.009289728  18.822948
0.0  0.0  0.0
0.0  0.0  0.0
0.0  0.0  0.0
0.0  0.0  0.0
0.0  0.0  0.0
-1.7870307  0.00029126642  16.479757
-1.7865657  0.00096605567  16.474522
-1.8089685  0.0017136064  16.686049
-1.8090241  -0.00045405817  16.68722
-1.9808772  -0.006198631  18.456835
-1.983253  0.007524327  18.468498
-1.9560466  -0.0051104263  18.178059
-1.9579794  0.006430525  18.188034
-1.8471584  0.0027062702  17.05274
-1.8464378  -0.0014158793  17.048307
-1.9263436  0.005151665  17.846405
-1.9245749  -0.0038299514  17.837765
-1.8855715  0.003850374  17.433458
-1.8843179  -0.0025464161  17.426792
-1.668344  0.0014807836  15.5507765
-1.6668739  -0.00030608207  15.543807
-1.5612683  0.0007970516  14.598291
-1.5600697  0.00031871567  14.591955
-1.7887946  -0.001706685  16.64019
-1.7903843  0.002941973  16.648272
-1.0304084  7.961062e-05  10.08818
-1.0303944  0.0007658086  10.087594
-1.4433637  0.000537843  13.570684
-1.4445331  0.00051636266  13.577745
-0.88247633  -5.1178038e-05  8.87261
-0.8811798  0.00081841147  8.861098
-1.1737244  0.00026374872  11.27852
-1.1755929  0.00064191705  11.292436
-1.3118631  0.000461169  12.442639
-1.3138187  0.0005176831  12.4572115
-0.73066854  -0.00012537441  7.627157
-0.7301897  0.0007994514  7.6226363
-0.5804734  0.0007498335  6.3829684
-0.5804221  -0.00016926159  6.382393
-0.20200849  -0.00042268948  2.9743347
-0.20146525  0.00074944634  2.9735355
-0.31122828  -0.00026853598  4.0335565
-0.31090075  0.00067896675  4.0327573
-0.43861002  0.0007057274  5.176316
-0.43883055  -0.00021011243  5.176122
-0.115259886  0.0008799642  2.0318985
-0.115269184  -0.0006780961  2.0305882
-0.00076651573  -0.00037787616  0.15701962
-0.0008072853  0.00038200832  0.15801811
-0.053778887  -0.00089611206  1.2336025
-0.053988338  0.0009975135  1.2365341
-0.017397642  -0.00087810215  0.6162901
-0.01741898  0.00089709426  0.6188812
-0.003672123  -6.367074e-05  0.12804794
-0.003655672  6.332126e-05  0.12928104
-1.8552971  -0.0031021321  17.277618
-0.034763694  -0.00038362143  0.8853693
-0.035024643  0.00043753613  0.8872814
-1.7627245  0.0021819691  16.350094
-1.7616633  -0.0009513516  16.343979
-0.083488345  0.00041089777  1.6077404
-0.08383417  -0.000259084  1.6070766
-0.15866423  -0.00010722288  2.4926367
-0.15869069  0.0003582914  2.4926462
-0.37818384  7.4546e-05  4.625242
-0.37795424  0.00037553298  4.624988
-0.5170718  0.00044458234  5.8350983
-0.5170111  9.428547e-05  5.8341966
-0.25792646  1.619634e-05  3.5084715
-0.2576717  0.0003400883  3.5080857
-0.67249024  0.00012435744  7.139594
-0.6718255  0.0005188172  7.1348825
-0.83544874  0.00015809081  8.4817295
-0.829445  0.0005884733  8.432611
-1.2860488  0.0004687938  12.214633
-1.292089  0.0004983065  12.264446
-1.4262401  0.00054828904  13.40579
-1.4282563  0.0004920413  13.421488
-1.1404662  0.00032247716  10.996419
-1.1413131  0.00056123955  11.002283
-0.99234855  0.00021579742  9.771197
-0.9834876  0.0006100556  9.6979475
-1.572998  0.00037350564  14.670721
-1.573179  0.00075055246  14.670534
-1.6581604  0.0012526233  15.428291
-1.6572969  -8.646626e-05  15.423496
-1.7200658  0.0014527375  15.939831
-1.7198863  -0.00024853426  15.940693
-0.014500856  4.9799564e-06  0.5188637
-0.012738824  0.0003185093  0.4210205
-1.6595559  0.0008719261  15.390259
-1.662361  0.00029567652  15.416715
-1.6625193  0.0005892381  15.405012
-1.8570509  0.004362882  17.287254
-0.012622714  -0.00031358126  0.4193287
-0.055125594  4.7582493e-05  1.2114182
-0.11887729  9.726125e-05  2.0358381
-0.20684218  0.00014962  2.9938326
-0.44809228  0.00024980184  5.238742
-0.3175115  0.00020009503  4.066871
-0.599847  0.00029728573  6.531102
-0.7841371  0.00035691904  8.057912
-1.4032034  0.0005506586  13.197301
-1.4081755  0.00048303805  13.239742
-0.9562175  0.00034996442  9.471438
-1.2485322  0.00045353203  11.894028
-1.2693214  0.0004865571  12.066858
-1.1071876  0.00038827304  10.716882
-1.086585  0.00048027636  10.545712
-1.52287  0.0005078719  14.221363
-1.5199451  0.00058379787  14.196094
-1.5382211  0.0005392096  14.342102
-1.5200746  0.00055145606  14.187121
-1.2102374  0.0004540643  11.572149
-0.92840034  0.00047777625  9.242872
-1.3300422  0.00050605193  12.575845
-1.438759  0.0005161517  13.495026
-1.3940465  0.0004919719  13.116186
