-0.011638641  -0.0014681669  -0.4975195
-0.26235795  -0.00079958886  -3.198594
-0.6314888  0.00018828578  -5.8911295
-1.3752395  0.0007800027  -10.529142
-1.8997012  0.00093939196  -13.671576
-2.62809  0.0012310246  -18.107565
-3.0558884  0.0013147348  -20.78534
-3.6062117  0.0010315769  -24.310928
0.0  0.0  0.0
-3.930222  0.0007031079  -26.40911
-3.8766642  0.0012118985  -25.9528
-3.7156043  0.0014818773  -24.874561
-3.5343602  0.001598004  -23.696112
-3.4441183  0.0016342847  -23.12024
-3.5324597  0.0017822604  -23.69261
-3.7122324  0.0021375967  -24.867386
-3.8716664  0.0026591807  -25.942142
-3.9224625  0.003338584  -26.393108
-3.6002188  0.0025695807  -24.297318
-3.0511513  0.0016145613  -20.775549
-2.6244965  0.0012379378  -18.09976
-1.8972244  0.00089577795  -13.666309
-1.3734895  0.0006569589  -10.5254
-0.6305127  0.00066212437  -5.8891506
-0.26111972  0.00131795  -3.1964064
-0.0119662285  0.0014754438  -0.49760532
0.0  0.0  0.0
0.0  0.0  0.0
0.0  0.0  0.0
-3.012105  0.0014240277  -20.45928
-3.018764  0.0014774865  -20.52905
-3.0195446  0.0014108181  -20.50128
-3.0217948  0.0013730897  -20.535793
-0.028516412  9.015843e-06  -0.66447353
-1.7562253  0.0009103092  -12.807705
-1.7386479  0.0007916114  -12.705636
-2.5720482  0.0011918477  -17.758234
-2.5710645  0.0012087484  -17.744759
-1.0465539  0.00057282473  -8.494269
-0.5506257  0.00035497668  -5.261815
-0.098716855  6.198994e-05  -1.5588951
-2.384364  0.0011177711  -16.60205
-0.053942442  -0.0017963436  -1.1620417
-0.26235795  -0.00079958886  -3.198594
-0.8628948  0.00048418227  -7.3909774
-1.6393292  0.00086030806  -12.111168
-1.8997012  0.00093939196  -13.671576
-2.3957813  0.0011399688  -16.677263
-2.62809  0.0012310246  -18.107565
-2.848551  0.0012920839  -19.480143
-3.2502475  0.0012641511  -22.021389
-3.4331641  0.001167612  -23.192932
0.0  0.0  0.0
-3.930222  0.0007031079  -26.40911
-3.9436135  0.0008742189  -26.455101
-3.9254718  0.0010456278  -26.297386
-3.8766642  0.0012118985  -25.9528
-3.7156043  0.0014818773  -24.874561
-3.5343602  0.001598004  -23.696112
-3.4690812  0.0016040565  -23.278965
-3.4441183  0.0016342847  -23.12024
-3.468182  0.0016864953  -23.277012
-3.5324597  0.0017822604  -23.69261
-3.7122324  0.0021375967  -24.867386
-3.8716664  0.0026591807  -25.942142
-3.9192185  0.0029315688  -26.284632
-3.9371188  0.0031606471  -26.44057
-3.9224625  0.003338584  -26.393108
-3.4272413  0.0022061104  -23.180656
-3.2449  0.0018834865  -22.010258
-2.8444288  0.0013968503  -19.471375
-2.6244965  0.0012379378  -18.09976
-2.392683  0.001111599  -16.670534
-1.8972244  0.00089577795  -13.666309
-1.6371492  0.00077921303  -12.106517
-0.8618231  0.00056725426  -7.388896
-0.26111972  0.00131795  -3.1964064
-0.053902984  0.0018938327  -1.1640873
0.0  0.0  0.0
0.0018440485  -0.0006299184  -0.107224464
-0.011638641  -0.0014681669  -0.4975195
-0.13594818  -0.0016007158  -2.074131
-0.42865705  -0.00023076427  -4.4811163
-0.6314888  0.00018828578  -5.8911295
-1.1138641  0.0006741161  -8.946901
-1.3752395  0.0007800027  -10.529142
-2.1526117  0.0010420263  -15.19656
-3.0558884  0.0013147348  -20.78534
-3.6062117  0.0010315769  -24.310928
-3.771966  0.00087210507  -25.382816
-3.8035378  0.00137725  -25.460434
-3.621639  0.0015578421  -24.260656
-3.6189332  0.0019430895  -24.255117
-3.7998247  0.0023906417  -25.4514
0.001879096  0.0006559842  -0.10699749
-0.0119662285  0.0014754438  -0.49760532
-0.1361736  0.0017734631  -2.0775623
-0.4275397  0.00090211513  -4.4790154
-0.6305127  0.00066212437  -5.8891506
-1.1124051  0.000578871  -8.9441805
-1.3734895  0.0006569589  -10.5254
-2.1498275  0.0010065448  -15.190577
-3.0511513  0.0016145613  -20.775549
-3.6002188  0.0025695807  -24.297318
-3.7645845  0.0029555361  -25.367714
0.0  0.0  0.0
0.0  0.0  0.0
0.0  0.0  0.0
0.0  0.0  0.0
0.0  0.0  0.0
-3.256012  0.001532083  -21.958588
-3.2543054  0.0015415695  -21.949337
-3.3002512  0.001604842  -22.246685
-3.3029413  0.0015225094  -22.255959
-3.694923  0.0011450665  -24.834976
-3.6894393  0.0025336521  -24.82286
-3.633427  0.0012623247  -24.419947
-3.6285925  0.002317458  -24.409508
-3.3805523  0.0017244382  -22.766788
-3.3833594  0.0015097599  -22.772697
-3.5542207  0.002097012  -23.909042
-3.5583386  0.0013822634  -23.91807
-3.4639742  0.0018852539  -23.313068
-3.4673045  0.0014596833  -23.320206
-3.0452917  0.0015402187  -20.711636
-3.048781  0.0013581556  -20.719275
-2.8335874  0.0013617524  -19.38684
-2.8366537  0.0013116274  -19.393023
-3.2923443  0.0013649919  -22.252262
-3.2882414  0.0018029653  -22.243504
-1.8268857  0.0009343024  -13.233725
-1.8245028  0.00084609876  -13.226289
-2.6084383  0.0012283004  -17.979631
-2.606212  0.0012191206  -17.97688
-1.5551858  0.00086198584  -11.602543
-1.5508881  0.0007019022  -11.581779
-2.094147  0.0010165919  -14.843613
-2.0946076  0.0009771978  -14.854111
-2.3556397  0.0011190913  -16.430405
-2.3556652  0.0010904823  -16.439983
-1.2802811  0.00081156596  -9.943385
-1.2779219  0.00054495834  -9.933451
-1.0110068  0.0003785272  -8.294685
-1.011903  0.00077129144  -8.296772
-0.35080886  0.0003688729  -3.8408022
-0.34970582  0.0001889061  -3.8387775
-0.5395901  0.0005932647  -5.218129
-0.5385629  0.00015160121  -5.2159615
-0.76099813  0.00024439744  -6.709268
-0.7622348  0.0007049673  -6.711335
-0.20156014  0.0003386445  -2.6186323
-0.20178986  -1.3362209e-05  -2.6174908
-0.0039435625  8.967507e-05  -0.20248985
-0.003985405  -7.105502e-05  -0.20393753
-0.0963763  -0.00033401127  -1.5882797
-0.09683263  0.00047961835  -1.592351
-0.033685446  -0.00032058766  -0.79391766
-0.03370118  0.00037568226  -0.7960186
-0.006226778  0.000104023435  -0.16464043
-0.006196618  -9.996176e-05  -0.16567516
-3.4337678  0.0012980275  -23.161566
-0.06279743  -5.660008e-05  -1.1385622
-0.06306088  0.00013477512  -1.1403637
-3.2234237  0.0016490015  -21.80809
-3.2265906  0.0014238498  -21.814304
-0.14726126  9.079091e-05  -2.070343
-0.14750719  0.000118795084  -2.068843
-0.2761507  0.00035577803  -3.215187
-0.27590954  4.5409484e-05  -3.2146416
-0.65625775  0.00065289706  -5.9908915
-0.6556182  0.00016816123  -5.9894094
-0.8994583  0.00032322906  -7.5761046
-0.89987934  0.00070985354  -7.576414
-0.44737887  0.0005488191  -4.5344925
-0.4467504  6.598764e-05  -4.5331984
-1.1762006  0.0007680763  -9.298773
-1.174342  0.00049284386  -9.290325
-1.4695435  0.0008341745  -11.081727
-1.4577595  0.00065236894  -11.013599
-2.304103  0.0010998229  -16.115053
-2.3131785  0.0010684913  -16.176374
-2.5710645  0.0012087484  -17.744759
-2.5720482  0.0011918477  -17.758234
-2.0307102  0.0009949718  -14.460119
-2.0304604  0.0009406219  -14.463089
-1.7562253  0.0009103092  -12.807705
-1.7386479  0.0007916114  -12.705636
-2.8538501  0.0013305882  -19.48661
-2.850611  0.0013445393  -19.475954
-3.018764  0.0014774865  -20.52905
-3.0217948  0.0013730897  -20.535793
-3.1334434  0.0015222102  -21.226221
-3.1367574  0.0014393933  -21.237873
-0.028516412  9.015843e-06  -0.66447353
-0.022897005  -5.6269346e-06  -0.5382929
-3.012105  0.0014240277  -20.45928
-3.0195446  0.0014108181  -20.50128
-3.016337  0.0014124727  -20.477156
-3.4288073  0.0020498973  -23.151321
-0.022854209  3.1981443e-05  -0.5374422
-0.098716855  6.198994e-05  -1.5588951
-0.20774364  0.00014452322  -2.6225853
-0.35901725  0.00024725334  -3.864953
-0.7786118  0.00046083244  -6.794133
-0.5506257  0.00035497668  -5.261815
-1.0465539  0.00057282473  -8.494269
-1.3764889  0.0007047675  -10.5168705
-2.5238917  0.0011933283  -17.452942
-2.5321176  0.0011692388  -17.507252
-1.6894811  0.00085425493  -12.4050455
-2.2318687  0.0010596244  -15.67596
-2.2697582  0.0010533778  -15.9078865
-1.9679079  0.00096225436  -14.081033
-1.9291124  0.000911711  -13.848458
-2.75318  0.001287127  -18.85916
-2.745602  0.0012757847  -18.81868
-2.7796304  0.0013007598  -19.019009
-2.7443395  0.0012754838  -18.804216
-2.159386  0.0010211024  -15.23741
-1.6381677  0.0007765874  -12.097473
-2.384364  0.0011177711  -16.60205
-2.5900476  0.0012061397  -17.857252
-2.504939  0.001161276  -17.338263
