-0.0029993057  -0.0007368317  -0.3018074
-0.123996854  -0.0013456355  -2.1822062
-0.35415053  -0.0012527134  -4.324445
-0.97316396  -0.001263593  -8.56726
-1.5351176  -0.0013842502  -11.820124
-2.4846244  -0.0018211475  -16.86687
-3.122602  -0.0022869096  -20.118805
-4.010704  -0.003173243  -24.56691
0.0  0.0  0.0
-4.5543356  -0.0037884726  -27.265224
-4.3683953  -0.0031355117  -26.446995
-4.0676694  -0.0027060176  -24.986877
-3.758907  -0.0024643424  -23.459625
-3.6136417  -0.0025356447  -22.732212
-3.7594995  -0.0027684039  -23.459538
-4.0690904  -0.0028662933  -24.98627
-4.3705297  -0.0027431012  -26.446026
-4.5574164  -0.0022356606  -27.263748
-4.0136533  -0.002278697  -24.565228
-3.1242707  -0.002184561  -20.11747
-2.4860225  -0.0019176613  -16.865442
-1.535618  -0.0011405133  -11.817789
-0.9733946  -0.00047448237  -8.56459
-0.35419238  0.00052070385  -4.3216476
-0.1236521  0.0010653258  -2.1794682
-0.0034364462  0.0006252049  -0.3002777
0.0  0.0  0.0
0.0  0.0  0.0
0.0  0.0  0.0
-3.0083404  -0.002241379  -19.596313
-3.0401375  -0.0022583443  -19.732384
-3.0168166  -0.0021298402  -19.643465
-3.0391812  -0.0021435125  -19.733927
-0.012306452  -3.6274083e-05  -0.42523098
-1.3877664  -0.0010158233  -10.942927
-1.3693888  -0.0012801748  -10.836383
-2.4027672  -0.0019071  -16.441423
-2.3981771  -0.001731661  -16.42182
-0.69220996  -0.000638424  -6.678936
-0.31095266  -0.0003138876  -3.8476267
-0.045012236  -7.4299285e-05  -1.0295162
-2.1496959  -0.0016424246  -15.107948
-0.0205549  -0.0011619898  -0.73536015
-0.123996854  -0.0013456355  -2.1822062
-0.5247077  -0.0012354237  -5.6212525
-1.2430086  -0.0013066535  -10.168377
-1.5351176  -0.0013842502  -11.820124
-2.1615362  -0.0016350097  -15.187751
-2.4846244  -0.0018211475  -16.86687
-2.8063536  -0.0020432891  -18.516268
-3.428615  -0.002570316  -21.659698
-3.7247176  -0.0028679601  -23.14032
0.0  0.0  0.0
-4.5543356  -0.0037884726  -27.265224
-4.539177  -0.00358736  -27.233139
-4.4761715  -0.003371954  -26.95272
-4.3683953  -0.0031355117  -26.446995
-4.0676694  -0.0027060176  -24.986877
-3.758907  -0.0024643424  -23.459625
-3.6530375  -0.0024710177  -22.931087
-3.6136417  -0.0025356447  -22.732212
-3.6533823  -0.0026526568  -22.930882
-3.7594995  -0.0027684039  -23.459538
-4.0690904  -0.0028662933  -24.98627
-4.3705297  -0.0027431012  -26.446026
-4.478253  -0.0026018275  -26.951252
-4.542255  -0.0024324185  -27.231514
-4.5574164  -0.0022356606  -27.263748
-3.7268534  -0.002278714  -23.138828
-3.4304616  -0.0022540335  -21.65813
-2.8078697  -0.002079567  -18.5148
-2.4860225  -0.0019176613  -16.865442
-2.1626298  -0.001705149  -15.185976
-1.535618  -0.0011405133  -11.817789
-1.2432833  -0.0008137492  -10.165722
-0.5248784  0.00021328323  -5.6187434
-0.1236521  0.0010653258  -2.1794682
-0.020537615  0.0010277877  -0.7347603
0.0  0.0  0.0
0.0018833876  -0.00021444168  -0.06061554
-0.0029993057  -0.0007368317  -0.3018074
-0.05871117  -0.0014263758  -1.3646545
-0.22109842  -0.0012862331  -3.1723232
-0.35415053  -0.0012527134  -4.324445
-0.73214984  -0.0012358181  -7.0430455
-0.97316396  -0.001263593  -8.56726
-1.8433107  -0.0014843214  -13.49983
-3.122602  -0.0022869096  -20.118805
-4.010704  -0.003173243  -24.56691
-4.28744  -0.0034841313  -25.94198
-4.2272115  -0.0028929273  -25.768616
-3.9050117  -0.002553451  -24.185125
-3.9059477  -0.002835948  -24.184618
-4.2294483  -0.0028291214  -25.767693
0.00175035  0.00018595916  -0.059937477
-0.0034364462  0.0006252049  -0.3002777
-0.058782697  0.0011918448  -1.3639631
-0.22090948  0.0008018814  -3.1693897
-0.35419238  0.00052070385  -4.3216476
-0.7322494  -0.00012005889  -7.040519
-0.9733946  -0.00047448237  -8.56459
-1.8440659  -0.0014383609  -13.497711
-3.1242707  -0.002184561  -20.11747
-4.0136533  -0.002278697  -24.565228
-4.2899103  -0.0022653183  -25.940147
0.0  0.0  0.0
0.0  0.0  0.0
0.0  0.0  0.0
0.0  0.0  0.0
0.0  0.0  0.0
-3.3478098  -0.0023433827  -21.358643
-3.3462424  -0.0024216953  -21.348734
-3.421761  -0.0025116429  -21.725708
-3.4227881  -0.0023419436  -21.733292
-4.115448  -0.0030931581  -25.134657
-4.1178412  -0.0024937578  -25.133186
-3.9977965  -0.002899595  -24.566238
-3.9998941  -0.0025675425  -24.565102
-3.554569  -0.0025892293  -22.38784
-3.5540566  -0.0024043308  -22.389297
-3.859672  -0.002615551  -23.886246
-3.8580074  -0.0026990455  -23.887424
-3.6992767  -0.0026233667  -23.100101
-3.698007  -0.0025266744  -23.100986
-3.0936446  -0.0022438308  -19.987469
-3.0920303  -0.0022071835  -19.988373
-2.7791672  -0.0020961568  -18.382683
-2.7777677  -0.0019911681  -18.382998
-3.4616346  -0.0024704481  -21.86564
-3.4632816  -0.0024041918  -21.864553
-1.4608567  -0.0011391991  -11.376426
-1.4603567  -0.001263789  -11.370506
-2.4527419  -0.0017792637  -16.704569
-2.4544003  -0.0019186547  -16.70695
-1.1653919  -0.00094564713  -9.677074
-1.1623642  -0.0010484214  -9.656493
-1.7772216  -0.0013518744  -13.124092
-1.7807559  -0.0014806084  -13.138856
-2.110302  -0.0015653223  -14.909063
-2.1141346  -0.0017105455  -14.924267
-0.8937646  -0.00075038656  -8.027328
-0.89250636  -0.0008398665  -8.017456
-0.6549386  -0.0006564645  -6.4693227
-0.6550323  -0.00055278005  -6.471981
-0.17929995  -0.00021836057  -2.6939764
-0.17869186  -0.00015022815  -2.6907997
-0.2985742  -0.00025870278  -3.7927303
-0.29806876  -0.0003356795  -3.7893858
-0.45583093  -0.00048528478  -5.0511527
-0.45645177  -0.0003829042  -5.0542474
-0.09512997  1.1715107e-05  -1.771491
-0.09515607  -0.00025234267  -1.7723837
-0.0015733242  0.00020639529  -0.124438286
-0.0016357899  -0.00022719952  -0.12504196
-0.04189253  -0.00022213336  -1.0397072
-0.042204738  7.754157e-05  -1.0405178
-0.0134902  -6.3165324e-05  -0.5033245
-0.013516545  -2.064323e-05  -0.50331306
-0.004242778  0.000112438574  -0.103043556
-0.00421679  -0.00012844952  -0.103666306
-3.6938365  -0.002691655  -23.022957
-0.028069258  2.1451851e-05  -0.7397671
-0.028293371  -0.00012958958  -0.739933
-3.3416228  -0.002420078  -21.275547
-3.3404343  -0.0023266713  -21.275932
-0.06882417  -0.00018953101  -1.3861189
-0.06904566  -2.7117785e-06  -1.3858023
-0.13846576  -1.5093014e-05  -2.227624
-0.13837838  -0.00030316052  -2.2261772
-0.38322687  -0.00016867241  -4.452218
-0.38284934  -0.0005843827  -4.4500246
-0.5682614  -0.00072037615  -5.8347707
-0.5683912  -0.0003498639  -5.8357186
-0.24186242  -5.6484714e-05  -3.253066
-0.24146295  -0.0004433393  -3.2509537
-0.8043544  -0.0005702515  -7.4282017
-0.80296254  -0.00087443297  -7.4195123
-1.0845993  -0.00079212245  -9.170324
-1.0731752  -0.0010731136  -9.10136
-2.0448687  -0.0014865121  -14.554534
-2.0589087  -0.0017025056  -14.626418
-2.3981771  -0.001731661  -16.42182
-2.4027672  -0.0019071  -16.441423
-1.7047204  -0.0012486541  -12.714498
-1.7062777  -0.0014781156  -12.719912
-1.3877664  -0.0010158233  -10.942927
-1.3693888  -0.0012801748  -10.836383
-2.7915616  -0.0019777596  -18.46663
-2.791066  -0.0021331548  -18.45912
-3.0401375  -0.0022583443  -19.732384
-3.0391812  -0.0021435125  -19.733927
-3.193767  -0.002368438  -20.536968
-3.1944788  -0.0022171056  -20.545807
-0.012306452  -3.6274083e-05  -0.42523098
-0.011091709  -0.00017182936  -0.34033298
-3.0083404  -0.002241379  -19.596313
-3.0168166  -0.0021298402  -19.643465
-3.0085642  -0.0021862974  -19.604618
-3.6956263  -0.0024339613  -23.021755
-0.011026025  0.00011710392  -0.34040928
-0.045012236  -7.4299285e-05  -1.0295162
-0.10115647  -0.00012864731  -1.7894917
-0.18797517  -0.00020577759  -2.7289734
-0.4750563  -0.00045766687  -5.148233
-0.31095266  -0.0003138876  -3.8476267
-0.69220996  -0.000638424  -6.678936
-0.994985  -0.00087464816  -8.615623
-2.3330913  -0.0017013955  -16.08008
-2.345879  -0.0018588424  -16.144917
-1.3176439  -0.0010381885  -10.5302925
-1.9542179  -0.001456825  -14.063911
-2.003144  -0.0016302099  -14.324975
-1.6327119  -0.0012391212  -12.309159
-1.5880356  -0.0013402175  -12.059282
-2.645412  -0.0019001887  -17.714157
-2.6374743  -0.0020347221  -17.669998
-2.6793966  -0.0019572407  -17.894005
-2.6316662  -0.0019904326  -17.64417
-1.8646314  -0.0014607799  -13.577443
-1.2623601  -0.0011429752  -10.210732
-2.1496959  -0.0016424246  -15.107948
-2.4212992  -0.0018165858  -16.544197
-2.308259  -0.0017852719  -15.948046
