0.00069504976  -0.00026821374  0.12373543
-0.030581355  -0.0005667072  1.0783939
-0.10532349  -0.00055757916  2.3115573
-0.350725  -0.00035535524  5.002386
-0.6032341  -0.00018516982  7.201896
-1.0621183  -0.000110892855  10.741408
-1.3813355  -0.00023899146  13.062755
-1.8300791  -0.0007295506  16.254616
0.0  0.0  0.0
-2.1053603  -0.0011506488  18.192982
-2.0104809  -0.0007603244  17.600334
-1.8575387  -0.00046202858  16.548626
-1.7009047  -0.00027648656  15.450178
-1.6269014  -0.00029666355  14.926607
-1.699605  -0.0003585199  15.445469
-1.8554382  -0.00028542837  16.538998
-2.0069253  -0.00010494337  17.585413
-2.0997217  0.00020301258  18.169712
-1.8260493  -3.0597083e-05  16.236303
-1.3786324  -0.00021294606  13.051106
-1.0604267  -0.00014537292  10.733261
-0.6022382  0.00022575888  7.1968126
-0.35009563  0.00048570315  4.9990234
-0.105113864  0.00073741074  2.3101377
-0.030151248  0.00074137026  1.0771608
0.0003054738  0.00022889761  0.12444115
0.0  0.0  0.0
0.0  0.0  0.0
0.0  0.0  0.0
-1.3231939  -0.00024341933  12.686195
-1.337918  -0.00025342844  12.780019
-1.328258  -0.00016845197  12.722427
-1.3396919  -0.00017629046  12.787672
-0.0022487044  4.6420028e-06  0.1945281
-0.5387207  8.902179e-05  6.616518
-0.5298486  -3.804893e-05  6.542615
-1.0219367  -0.0001763776  10.4417305
-1.02094  -5.60337e-05  10.431633
-0.23786843  7.149538e-05  3.7967873
-0.09354615  7.8075565e-05  2.050888
-0.010290921  3.2314172e-05  0.48915768
-0.89973074  -6.461134e-05  9.506808
-0.0035794377  -0.00036431017  0.32887554
-0.030581355  -0.0005667072  1.0783939
-0.16799027  -0.0005142848  3.1056447
-0.46942016  -0.00026670448  6.0739117
-0.6032341  -0.00018516982  7.201896
-0.90298885  -0.000101598824  9.552201
-1.0621183  -0.000110892855  10.741408
-1.2225438  -0.00016176472  11.91646
-1.5356386  -0.00038194336  14.167137
-1.6854044  -0.0005473036  15.229908
0.0  0.0  0.0
-2.1053603  -0.0011506488  18.192982
-2.0974758  -0.001043722  18.168068
-2.065105  -0.000912766  17.964745
-2.0104809  -0.0007603244  17.600334
-1.8575387  -0.00046202858  16.548626
-1.7009047  -0.00027648656  15.450178
-1.6471157  -0.0002711537  15.070296
-1.6269014  -0.00029666355  14.926607
-1.646502  -0.00033687655  15.06794
-1.699605  -0.0003585199  15.445469
-1.8554382  -0.00028542837  16.538998
-2.0069253  -0.00010494337  17.585413
-2.0608387  1.8126157e-05  17.947432
-2.0927417  0.00011743934  18.147566
-2.0997217  0.00020301258  18.169712
-1.6816539  -0.00010909487  15.214127
-1.5324413  -0.00018050396  14.153597
-1.2203182  -0.00020613111  11.90655
-1.0604267  -0.00014537292  10.733261
-0.9015513  -5.055433e-05  9.545076
-0.6022382  0.00022575888  7.1968126
-0.46860626  0.00036661772  6.0696344
-0.16773129  0.0006941756  3.1035748
-0.030151248  0.00074137026  1.0771608
-0.0033392906  0.00042639262  0.32868242
0.0  0.0  0.0
0.0017143488  -3.9384635e-05  0.023197174
0.00069504976  -0.00026821374  0.12373543
-0.012814403  -0.00054473104  0.64379835
-0.06033933  -0.0005772335  1.6343546
-0.10532349  -0.00055757916  2.3115573
-0.24979395  -0.00044383452  4.007005
-0.350725  -0.00035535524  5.002386
-0.7488909  -0.00012043895  8.367102
-1.3813355  -0.00023899146  13.062755
-1.8300791  -0.0007295506  16.254616
-1.970079  -0.0009392189  17.241995
-1.9385812  -0.00059279957  17.111748
-1.7748504  -0.00034503796  15.971685
-1.7732487  -0.0003288919  15.9647045
-1.9360948  -0.00020028514  17.099312
0.0015870333  3.70653e-05  0.023126602
0.0003054738  0.00022889761  0.12444115
-0.01251483  0.00064464624  0.64325094
-0.060240388  0.00073654205  1.6330886
-0.105113864  0.00073741074  2.3101377
-0.24938548  0.00061060267  4.004478
-0.35009563  0.00048570315  4.9990234
-0.747708  7.884514e-05  8.361083
-1.3786324  -0.00021294606  13.051106
-1.8260493  -3.0597083e-05  16.236303
-1.9650698  8.164956e-05  17.221718
0.0  0.0  0.0
0.0  0.0  0.0
0.0  0.0  0.0
0.0  0.0  0.0
0.0  0.0  0.0
-1.4937634  -0.00023500546  13.946121
-1.4925122  -0.00027390136  13.937641
-1.5302236  -0.0003028345  14.206355
-1.5318716  -0.00023248937  14.215097
-1.8827543  -0.0007046481  16.660095
-1.8790996  -8.056009e-05  16.643982
-1.8231084  -0.0005835076  16.251179
-1.8198566  -0.0001561711  16.236952
-1.5965059  -0.00030479935  14.678974
-1.5980468  -0.00026678125  14.685742
-1.749599  -0.00021795816  15.751067
-1.7520902  -0.00045322106  15.762182
-1.6690425  -0.00027395244  15.188282
-1.670994  -0.00034558497  15.197131
-1.364119  -0.00024027647  12.960203
-1.3660438  -0.00020650166  12.969324
-1.2071707  -0.00021211308  11.815932
-1.208679  -0.0001349106  11.8229685
-1.5522225  -0.0003278051  14.313782
-1.549792  -0.00023473363  14.302889
-0.57094646  5.8402366e-06  6.906336
-0.5698731  4.9543596e-05  6.8999786
-1.0472766  -8.15515e-05  10.629538
-1.0462903  -0.00016158614  10.625805
-0.43715063  8.68502e-06  5.753583
-0.43518808  9.0664485e-05  5.738086
-0.7191405  -1.6543738e-05  8.112509
-0.71973795  -1.4013014e-05  8.11967
-0.87934667  -4.601005e-05  9.361056
-0.8797842  -9.4958246e-05  9.367547
-0.31936067  1.6557184e-05  4.6591616
-0.31839097  0.0001246265  4.651374
-0.22081041  0.00014394848  3.6521916
-0.22120756  2.5022266e-05  3.6547399
-0.048638225  -1.2980599e-06  1.3743367
-0.04822296  0.000164875  1.3726039
-0.08790016  3.2835393e-05  2.008555
-0.08755076  0.00014720843  2.0060177
-0.14406389  0.0001497542  2.7659178
-0.14448202  3.1602598e-05  2.768299
-0.023348033  0.0001474575  0.8681989
-0.023432195  -2.5663445e-05  0.86844254
-0.00020372868  9.885448e-05  0.05257225
-0.00024342537  -9.6848686e-05  0.052843094
-0.009108305  -1.0362739e-05  0.48790646
-0.009078085  9.4533374e-05  0.48774242
-0.0025251508  1.8491584e-05  0.2250557
-0.0023847818  2.2149761e-06  0.22579288
-0.0028840303  5.0624367e-05  0.04473114
-0.002828896  -5.1232528e-05  0.04533291
-1.6695533  -0.00045469045  15.144357
-0.0068063736  6.995033e-05  0.3436575
-0.0069084764  -2.6196583e-05  0.34399033
-1.4890604  -0.00026985153  13.882402
-1.490898  -0.00024718523  13.890244
-0.016654968  9.822252e-07  0.6708436
-0.01703626  9.602624e-05  0.6710892
-0.036866665  0.000113579794  1.1222291
-0.036910474  1.2087723e-05  1.1215248
-0.11890358  0.0001630368  2.4096503
-0.118524015  5.372276e-07  2.4082165
-0.18824649  8.784074e-06  3.2598891
-0.18841428  0.00014839246  3.2607903
-0.069689035  0.00014655109  1.7009683
-0.069460034  7.0789392e-06  1.6997814
-0.28333932  0.00012626988  4.2763567
-0.28250563  1.2435776e-05  4.270255
-0.40302083  0.00011284341  5.4219275
-0.39761478  -1.0083037e-05  5.374752
-0.8485058  1.4380348e-06  9.115975
-0.85438406  -0.00012225879  9.163755
-1.02094  -5.60337e-05  10.431633
-1.0219367  -0.0001763776  10.4417305
-0.6859355  4.844225e-05  7.8333898
-0.68608683  -6.45263e-05  7.8355627
-0.5387207  8.902179e-05  6.616518
-0.5298486  -3.804893e-05  6.542615
-1.2158794  -0.00011729187  11.883606
-1.2140796  -0.00023320322  11.873746
-1.337918  -0.00025342844  12.780019
-1.3396919  -0.00017629046  12.787672
-1.4154401  -0.00027885375  13.355872
-1.4174981  -0.00019429374  13.367405
-0.0022487044  4.6420028e-06  0.1945281
-0.0042001605  -6.524946e-05  0.153965
-1.3231939  -0.00024341933  12.686195
-1.328258  -0.00016845197  12.722427
-1.3238883  -0.0002045325  12.693989
-1.666407  -0.0001890307  15.131147
-0.004114032  7.097669e-05  0.15323639
-0.010290921  3.2314172e-05  0.48915768
-0.025967777  5.2587377e-05  0.8866615
-0.05259061  6.652805e-05  1.4041185
-0.15311933  7.966894e-05  2.8362517
-0.09354615  7.8075565e-05  2.050888
-0.23786843  7.149538e-05  3.7967873
-0.36447373  5.193666e-05  5.056365
-0.98929894  -5.2576157e-05  10.191649
-0.9948525  -0.00016364256  10.235283
-0.50733876  6.5756816e-05  6.338891
-0.80524623  -1.1055818e-06  8.774574
-0.828469  -0.00010155214  8.956364
-0.6526203  4.1374617e-05  7.5558977
-0.6316092  -3.0278672e-05  7.383456
-1.1433002  -0.0001027503  11.348977
-1.1383886  -0.00020136872  11.314702
-1.1601992  -0.00013261297  11.476874
-1.1361665  -0.00017542546  11.2983675
-0.76238924  -3.106299e-05  8.4356
-0.48215982  -6.201575e-06  6.1218834
-0.89973074  -6.461134e-05  9.506808
-1.0324757  -0.0001081282  10.519556
-0.97690004  -0.00012123583  10.097879
