-0.004250288  -0.00084547955  -0.34327507
-0.15605307  -0.0015276421  -2.450344
-0.44205797  -0.001249606  -4.8334236
-1.2052566  -0.00084651215  -9.53303
-1.8980277  -0.000577527  -13.132144
-3.0710948  -0.0003799005  -18.71801
-3.8592112  -0.00038867956  -22.315243
-4.9523516  -0.00055157614  -27.225676
0.0  0.0  0.0
-5.619117  -0.00068591454  -30.199316
-5.403213  -0.0003197205  -29.327724
-5.0376296  -0.00016901395  -27.727633
-4.659396  -0.00017792097  -26.046478
-4.4807835  -0.0004031465  -25.24466
-4.6596165  -0.00060945156  -26.04759
-5.038189  -0.0006006933  -27.728552
-5.4032907  -0.00043028916  -29.328125
-5.618824  -2.9577364e-05  -30.199604
-4.9531336  -0.00022441866  -27.227161
-3.8606868  -0.00043579447  -22.318998
-3.0731058  -0.00047025157  -18.722303
-1.8994529  -0.00020100843  -13.135287
-1.2062466  0.00018692168  -9.534969
-0.4424423  0.0008737174  -4.8338594
-0.15606642  0.0013111334  -2.449935
-0.0047180653  0.00072169275  -0.34224987
0.0  0.0  0.0
0.0  0.0  0.0
0.0  0.0  0.0
-3.726634  -0.00049151096  -21.761526
-3.7624915  -0.00051079574  -21.905127
-3.7372804  -0.00034155263  -21.812222
-3.7614284  -0.0003292863  -21.903116
-0.016223907  -4.1015344e-05  -0.47865486
-1.7174428  -0.00020855512  -12.164892
-1.6951196  -0.000534556  -12.04926
-2.973679  -0.000521001  -18.259584
-2.9677873  -0.00032838888  -18.2346
-0.8592665  -0.0002679271  -7.4437656
-0.38797784  -0.0001649636  -4.302107
-0.056671143  -8.360844e-05  -1.1576548
-2.6610143  -0.00039469815  -16.782127
-0.026082754  -0.0014454983  -0.8300762
-0.15605307  -0.0015276421  -2.450344
-0.6526725  -0.0011150731  -6.2715473
-1.5377787  -0.0007026488  -11.304512
-1.8980277  -0.000577527  -13.132144
-2.6717393  -0.00041038176  -16.859478
-3.0710948  -0.0003799005  -18.71801
-3.4687386  -0.00038066343  -20.543152
-4.2363415  -0.00042940216  -24.017788
-4.6005936  -0.00048773963  -25.652323
0.0  0.0  0.0
-5.619117  -0.00068591454  -30.199316
-5.605545  -0.00054740836  -30.175999
-5.532071  -0.00042887582  -29.877079
-5.403213  -0.0003197205  -29.327724
-5.0376296  -0.00016901395  -27.727633
-4.659396  -0.00017792097  -26.046478
-4.529357  -0.00027832884  -25.463825
-4.4807835  -0.0004031465  -25.24466
-4.5295706  -0.000526987  -25.464283
-4.6596165  -0.00060945156  -26.04759
-5.038189  -0.0006006933  -27.728552
-5.4032907  -0.00043028916  -29.328125
-5.5317297  -0.00029552513  -29.8768
-5.6054735  -0.00016668986  -30.175602
-5.618824  -2.9577364e-05  -30.199604
-4.601459  -0.0003070632  -25.654518
-4.2375727  -0.00038337606  -24.020817
-3.4704146  -0.0004744652  -20.547224
-3.0731058  -0.00047025157  -18.722303
-2.6736531  -0.00042552722  -16.863565
-1.8994529  -0.00020100843  -13.135287
-1.538899  -2.6585563e-05  -11.306922
-0.65336275  0.0006489259  -6.27275
-0.15606642  0.0013111334  -2.449935
-0.026240826  0.001298974  -0.8309336
0.0  0.0  0.0
0.0018475056  -0.0002721377  -0.069542885
-0.004250288  -0.00084547955  -0.34327507
-0.074299335  -0.0017075597  -1.5361643
-0.27714944  -0.001387892  -3.553214
-0.44205797  -0.001249606  -4.8334236
-0.9083618  -0.0009753059  -7.8461914
-1.2052566  -0.00084651215  -9.53303
-2.2785187  -0.00046655943  -14.99112
-3.8592112  -0.00038867956  -22.315243
-4.9523516  -0.00055157614  -27.225676
-5.291934  -0.0006229689  -28.741562
-5.232305  -0.0002145506  -28.58567
-4.8387265  -0.00015328202  -26.845705
-4.838991  -0.0006229816  -26.846546
-5.2330265  -0.0005280553  -28.586227
0.0016829967  0.00022748046  -0.06951237
-0.0047180653  0.00072169275  -0.34224987
-0.07463503  0.0014805221  -1.5374098
-0.2771597  0.0011045954  -3.5528984
-0.4424423  0.0008737174  -4.8338594
-0.90913594  0.00041099434  -7.847886
-1.2062466  0.00018692168  -9.534969
-2.2802038  -0.00033428115  -14.994728
-3.8606868  -0.00043579447  -22.318998
-4.9531336  -0.00022441866  -27.227161
-5.291646  -0.00013137923  -28.742142
0.0  0.0  0.0
0.0  0.0  0.0
0.0  0.0  0.0
0.0  0.0  0.0
0.0  0.0  0.0
-4.149618  -0.00036039567  -23.718468
-4.1476703  -0.00045793294  -23.708065
-4.2401333  -0.0005285291  -24.124046
-4.2416334  -0.00029227065  -24.131006
-5.086362  -0.0004327147  -27.865242
-5.0868225  -0.00033601324  -27.866127
-4.9437747  -0.00035835704  -27.24344
-4.9444094  -0.00042170554  -27.244785
-4.4029036  -0.00055380794  -24.854012
-4.4028616  -0.0002483174  -24.853537
-4.7747  -0.00049093564  -26.501114
-4.773998  -0.00029186206  -26.499823
-4.579324  -0.0005416501  -25.63748
-4.578806  -0.00024917827  -25.635925
-3.8262422  -0.0004846177  -22.182539
-3.8246713  -0.0003479846  -22.179237
-3.4376762  -0.0004922515  -20.406454
-3.4359355  -0.00035260624  -20.402086
-4.2819214  -0.0003354785  -24.257265
-4.283006  -0.00047124183  -24.25998
-1.8071604  -0.000313458  -12.6432085
-1.8071613  -0.00043579598  -12.640763
-3.0337696  -0.0003491363  -18.543634
-3.036032  -0.00049347465  -18.550926
-1.4425771  -0.00030039632  -10.762217
-1.4393902  -0.0003999139  -10.743129
-2.198007  -0.00033869385  -14.578124
-2.2029386  -0.00045563836  -14.598906
-2.6099079  -0.00035110884  -16.554895
-2.6151342  -0.0004860571  -16.576351
-1.1077183  -0.00026089675  -8.936191
-1.106601  -0.00035006867  -8.928436
-0.81355834  -0.00031160176  -7.2136917
-0.8133166  -0.00019318478  -7.213787
-0.22488284  -0.00013809768  -3.0190878
-0.22423053  -7.988064e-05  -3.0173016
-0.37282228  -0.00010271036  -4.24168
-0.37245858  -0.00020134784  -4.24014
-0.5678147  -0.00025963288  -5.6414127
-0.56818163  -0.0001334433  -5.6422987
-0.11981654  5.633681e-05  -1.9912195
-0.119794846  -0.00024312137  -1.9908657
-0.0020210743  0.00024983086  -0.14162922
-0.0021612644  -0.0002681562  -0.14173222
-0.052996397  -0.00028835054  -1.1700201
-0.05347228  0.00013622851  -1.1724024
-0.01728034  -8.8026136e-05  -0.5678015
-0.017320633  -6.2399195e-06  -0.5685072
-0.0049312115  0.00013680002  -0.116859436
-0.004835367  -0.00015288824  -0.117414474
-4.56721  -0.00037366198  -25.533371
-0.03511858  1.7044047e-05  -0.83273315
-0.03564334  -0.00015113244  -0.8338804
-4.1363096  -0.00051498483  -23.615246
-4.135052  -0.00030416588  -23.61245
-0.08704424  -0.00018585332  -1.557663
-0.08708167  3.1143136e-06  -1.5565844
-0.17353392  6.791009e-05  -2.4981518
-0.17334366  -0.0002886109  -2.497136
-0.47751713  6.4339314e-05  -4.973654
-0.47718585  -0.00043489953  -4.972417
-0.7063521  -0.00046044862  -6.509034
-0.70632243  -1.19742035e-05  -6.5086193
-0.30234432  9.468399e-05  -3.6407852
-0.30193305  -0.00037643593  -3.6394072
-0.9974817  -0.000104495215  -8.27322
-0.996024  -0.0004659376  -8.265202
-1.3431833  -0.00016472368  -10.202309
-1.3293775  -0.0005068518  -10.127867
-2.5300798  -0.00029071292  -16.165268
-2.547856  -0.00052742066  -16.248028
-2.9677873  -0.00032838888  -18.2346
-2.973679  -0.000521001  -18.259584
-2.1091588  -0.00025651496  -14.126749
-2.1114788  -0.00052477664  -14.135561
-1.7174428  -0.00020855512  -12.164892
-1.6951196  -0.000534556  -12.04926
-3.4555616  -0.0003322618  -20.501287
-3.4550323  -0.00052121666  -20.496208
-3.7624915  -0.00051079574  -21.905127
-3.7614284  -0.0003292863  -21.903116
-3.9548736  -0.00052745955  -22.80139
-3.9561262  -0.00030793046  -22.808647
-0.016223907  -4.1015344e-05  -0.47865486
-0.013275385  -0.00020495841  -0.3836403
-3.726634  -0.00049151096  -21.761526
-3.7372804  -0.00034155263  -21.812222
-3.7278574  -0.00041796488  -21.771715
-4.567872  -0.0004206153  -25.535522
-0.013301611  0.00014327766  -0.3840046
-0.056671143  -8.360844e-05  -1.1576548
-0.12700701  -0.0001040803  -2.0083904
-0.23515916  -0.00012830482  -3.0569048
-0.59116495  -0.00021496987  -5.7465715
-0.38797784  -0.0001649636  -4.302107
-0.8592665  -0.0002679271  -7.4437656
-1.232806  -0.00032706838  -9.589031
-2.888193  -0.00033632084  -17.858902
-2.9040036  -0.00051006884  -17.932314
-1.6311231  -0.00028607907  -11.709095
-2.418465  -0.000318531  -15.623552
-2.4793272  -0.00049011374  -15.914501
-2.020537  -0.00029671623  -13.679252
-1.9654328  -0.00045012997  -13.4034395
-3.2754536  -0.00034104643  -19.670408
-3.2657728  -0.0005079964  -19.62355
-3.3184924  -0.00038568315  -19.872318
-3.259255  -0.00046022548  -19.595932
-2.3077495  -0.0003898393  -15.085376
-1.5629451  -0.0004548572  -11.355921
-2.6610143  -0.00039469815  -16.782127
-2.998075  -0.00040522823  -18.375198
-2.85778  -0.00044773382  -17.714247
