-0.0045645237  -0.00091742154  -0.35552883
-0.16771269  -0.0014643535  -2.5395975
-0.47371554  -0.00094184803  -5.0032187
-1.2830586  -0.00012104702  -9.839079
-2.0131252  0.00043424068  -13.530009
-3.2505736  0.0009790357  -19.26006
-4.08897  0.00089898845  -22.965153
-5.2664747  -6.684614e-05  -28.053806
0.0  0.0  0.0
-5.990803  -0.0009529587  -31.148438
-5.726309  0.00041737407  -30.176598
-5.320346  0.0011433872  -28.492203
-4.908429  0.0014420378  -26.740238
-4.715584  0.0013358252  -25.908571
-4.908035  0.001343091  -26.741089
-5.319726  0.0018525338  -28.49267
-5.724592  0.0027715275  -30.176315
-5.9876127  0.00425206  -31.147388
-5.264775  0.0029741847  -28.053965
-4.088463  0.0014047734  -22.967495
-3.2508757  0.00087898015  -19.26294
-2.0132904  0.0007936676  -13.532096
-1.2831738  0.0009592127  -9.840578
-0.4737401  0.0013163082  -5.0042276
-0.16754293  0.0016114832  -2.5401058
-0.0050234795  0.0008587863  -0.35506058
0.0  0.0  0.0
0.0  0.0  0.0
0.0  0.0  0.0
-3.927422  0.0010569354  -22.351707
-3.9724345  0.001115669  -22.515347
-3.9391334  0.0011798097  -22.403984
-3.9726079  0.001129339  -22.514235
-0.017245293  -1.5637372e-05  -0.49537373
-1.8208787  0.00071007805  -12.534017
-1.7969084  0.00039423042  -12.415191
-3.1397226  0.0007920463  -18.773829
-3.1343923  0.0010050783  -18.74887
-0.91574526  0.00030409545  -7.689276
-0.41511703  0.0001507859  -4.4524784
-0.06062317  -1.416204e-05  -1.1989765
-2.8098223  0.00083651586  -17.257103
-0.028029919  -0.0015240189  -0.86024857
-0.16771269  -0.0014643535  -2.5395975
-0.6979512  -0.0006701761  -6.4859295
-1.6337312  0.0001651498  -11.656455
-2.0131252  0.00043424068  -13.530009
-2.8283782  0.00086614094  -17.35158
-3.2505736  0.0009790357  -19.26006
-3.6724815  0.0009943108  -21.137533
-4.4932337  0.00067531783  -24.725231
-4.885785  0.00033971894  -26.419523
0.0  0.0  0.0
-5.990803  -0.0009529587  -31.148438
-5.964172  -0.0004966038  -31.098427
-5.8742595  -3.9959792e-05  -30.76556
-5.726309  0.00041737407  -30.176598
-5.320346  0.0011433872  -28.492203
-4.908429  0.0014420378  -26.740238
-4.768008  0.001407944  -26.135706
-4.715584  0.0013358252  -25.908571
-4.7679043  0.0012904222  -26.13602
-4.908035  0.001343091  -26.741089
-5.319726  0.0018525338  -28.49267
-5.724592  0.0027715275  -30.176315
-5.871775  0.0033065653  -30.764427
-5.961584  0.0038003698  -31.096943
-5.9876127  0.00425206  -31.147388
-4.8843517  0.0023720362  -26.420368
-4.492333  0.00183442  -24.726868
-3.672307  0.0010738241  -21.140179
-3.2508757  0.00087898015  -19.26294
-2.8286963  0.000781334  -17.354258
-2.0132904  0.0007936676  -13.532096
-1.6337819  0.00086049235  -11.6580925
-0.6981398  0.0011908191  -6.487398
-0.16754293  0.0016114832  -2.5401058
-0.028111458  0.0015018205  -0.86200714
0.0  0.0  0.0
0.001904726  -0.00030982727  -0.0720253
-0.0045645237  -0.00091742154  -0.35552883
-0.07984567  -0.0017429815  -1.5922918
-0.29750323  -0.001209838  -3.6807938
-0.47371554  -0.00094184803  -5.0032187
-0.9691595  -0.0003904174  -8.106266
-1.2830586  -0.00012104702  -9.839079
-2.41379  0.0006859829  -15.435453
-4.08897  0.00089898845  -22.965153
-5.2664747  -6.684614e-05  -28.053806
-5.634943  -0.00050926907  -29.630432
-5.535124  0.0008376115  -29.39228
-5.1030183  0.0013472142  -27.571598
-5.1023846  0.0015404382  -27.572083
-5.5343704  0.0022801808  -29.392294
0.0018293858  0.00029386446  -0.07215214
-0.0050234795  0.0008587863  -0.35506058
-0.08009863  0.0017350123  -1.5946627
-0.2972591  0.0014666338  -3.6812801
-0.4737401  0.0013163082  -5.0042276
-0.9692577  0.0010652113  -8.107876
-1.2831738  0.0009592127  -9.840578
-2.4140334  0.00076254667  -15.437783
-4.088463  0.0014047734  -22.967495
-5.264775  0.0029741847  -28.053965
-5.631961  0.0036041564  -29.629694
0.0  0.0  0.0
0.0  0.0  0.0
0.0  0.0  0.0
0.0  0.0  0.0
0.0  0.0  0.0
-4.3694787  0.0012722944  -24.349747
-4.367214  0.0012079721  -24.33892
-4.466856  0.0012154509  -24.770597
-4.4690256  0.0013099795  -24.778069
-5.398296  0.00024411391  -28.689625
-5.396639  0.0027501273  -28.689482
-5.2389584  0.0005741245  -28.032887
-5.2377386  0.0023440055  -28.033323
-4.6427298  0.0013445424  -25.528812
-4.64362  0.0012839676  -25.528835
-5.0494494  0.0019360007  -27.250332
-5.0503006  0.00089728145  -27.249817
-4.8352337  0.0015823792  -26.346634
-4.835963  0.0011470865  -26.345737
-4.0447044  0.0012321861  -22.811134
-4.044709  0.0010506663  -22.808926
-3.632554  0.0010012602  -20.984104
-3.6322446  0.0010614742  -20.980839
-4.530765  0.0009583152  -24.948471
-4.530188  0.0015917446  -24.950142
-1.9161637  0.0006441389  -13.026076
-1.9152596  0.0005358421  -13.022832
-3.2070534  0.001005135  -19.072376
-3.208072  0.00083737785  -19.078716
-1.5324078  0.0005162954  -11.098084
-1.5283214  0.00044623646  -11.078042
-2.3271933  0.0007626791  -15.008277
-2.331281  0.000632607  -15.028583
-2.7604835  0.0008889573  -17.033482
-2.764741  0.0007159343  -17.054369
-1.1792052  0.0004176792  -9.224353
-1.1774668  0.0003626718  -9.216185
-0.8676102  0.00026548072  -7.4541235
-0.86777484  0.00035168906  -7.4541626
-0.24117231  4.979549e-05  -3.1272306
-0.24036598  0.00016852125  -3.1260414
-0.39936185  0.00019404612  -4.3909683
-0.3987801  0.00013753469  -4.3898916
-0.6068572  0.00019051868  -5.8354197
-0.6075252  0.0002829316  -5.836035
-0.12847996  0.00023817795  -2.0638676
-0.12854767  -0.00015125098  -2.0627823
-0.0021259785  0.00025360967  -0.14631939
-0.002168417  -0.00025005988  -0.14685917
-0.05684328  -0.0002647302  -1.2121706
-0.057268858  0.00026601722  -1.2153034
-0.018469095  -9.14064e-05  -0.58796024
-0.018465757  7.253478e-05  -0.58918
-0.005042076  0.00014553638  -0.12077904
-0.004937172  -0.00014876819  -0.12135315
-4.8394666  0.0007071179  -26.273964
-0.03748083  4.853378e-05  -0.86224556
-0.037992716  -8.37869e-05  -0.86372185
-4.367192  0.00132048  -24.270634
-4.3671865  0.0011457062  -24.268635
-0.09317136  -6.9944654e-05  -1.6138849
-0.09323716  8.597516e-05  -1.6124353
-0.18599033  0.00022983958  -2.5875683
-0.18573737  -0.00010812492  -2.5868921
-0.5106878  0.00043519243  -5.1457233
-0.5102241  -6.0070888e-05  -5.144678
-0.7537422  4.150241e-05  -6.7280226
-0.7538823  0.0004835595  -6.727496
-0.32381415  0.00035420788  -3.769454
-0.32330823  -0.00010953797  -3.7683573
-1.0621891  0.00052840455  -8.54217
-1.0604086  0.00017942715  -8.533909
-1.4269791  0.00061200006  -10.522331
-1.4120904  0.00028388354  -10.4458275
-2.6744802  0.00091025775  -16.630007
-2.6923296  0.0006636176  -16.713984
-3.1343923  0.0010050783  -18.74887
-3.1397226  0.0007920463  -18.773829
-2.2324712  0.00080217444  -14.543154
-2.2342067  0.0005393536  -14.551491
-1.8208787  0.00071007805  -12.534017
-1.7969084  0.00039423042  -12.415191
-3.6475894  0.0011108682  -21.071192
-3.6460261  0.000953688  -21.065245
-3.9724345  0.001115669  -22.515347
-3.9726079  0.001129339  -22.514235
-4.1709137  0.0011439224  -23.424826
-4.1731815  0.0012112482  -23.432894
-0.017245293  -1.5637372e-05  -0.49537373
-0.013952732  -0.00017449923  -0.397151
-3.927422  0.0010569354  -22.351707
-3.9391334  0.0011798097  -22.403984
-3.9272618  0.0011164716  -22.35859
-4.8382273  0.0019985638  -26.275045
-0.014014244  0.0001578799  -0.3974018
-0.06062317  -1.416204e-05  -1.1989765
-0.13605285  2.7475064e-05  -2.0804253
-0.25188565  8.5787964e-05  -3.1656618
-0.6314378  0.00021960394  -5.94238
-0.41511703  0.0001507859  -4.4524784
-0.91574526  0.00030409545  -7.689276
-1.3102783  0.0004113862  -9.892585
-3.0486355  0.000966709  -18.359735
-3.0649219  0.0007863253  -18.43485
-1.7295935  0.0006044636  -12.066046
-2.5561426  0.0008395366  -16.07312
-2.6194715  0.00068495166  -16.37015
-2.13864  0.0007298782  -14.08346
-2.0805352  0.00056330336  -13.800836
-3.4554482  0.0010705785  -20.21433
-3.4447114  0.0008953187  -20.166
-3.4988675  0.0010365085  -20.417358
-3.4365225  0.00094213476  -20.13445
-2.439599  0.00073164864  -15.521738
-1.6577905  0.00041753717  -11.704185
-2.8098223  0.00083651586  -17.257103
-3.1629093  0.00092445384  -18.886032
-3.015903  0.00083815656  -18.210306
