-0.048648834  -0.00459997  0.9867096
-1.1952171  -0.0060590105  6.644758
-3.2502193  -0.00507807  12.720215
-8.481903  -0.0039917687  24.0285
-13.05161  -0.0031976597  32.26453
-20.592987  -0.0033255373  44.6326
-25.590778  -0.0054878057  52.45965
-32.49685  -0.01273072  63.072147
0.0  0.0  0.0
-36.703426  -0.018769385  69.48244
-35.345856  -0.01402918  67.666435
-33.03961  -0.009802762  64.23724
-30.648117  -0.0066188835  60.614906
-29.513725  -0.0053188168  58.878204
-30.645582  -0.004428563  60.611565
-33.034405  -0.0021288632  64.23022
-35.337303  0.0011652033  67.65584
-36.689445  0.005336902  69.4659
-32.486504  0.00094752363  63.058514
-25.584543  -0.0036623627  52.450684
-20.589077  -0.003920871  44.625633
-13.047695  -0.0011085914  32.258957
-8.478547  0.0013060635  24.023527
-3.2476397  0.0043209027  12.715658
-1.1914635  0.0061350735  6.638136
-0.04921341  0.0044953595  0.9864273
0.0  0.0  0.0
0.0  0.0  0.0
0.0  0.0  0.0
-24.727556  -0.0045582633  51.27007
-24.959002  -0.004346852  51.571648
-24.80038  -0.0042871507  51.38577
-24.963858  -0.0045362036  51.5792
-0.10617256  -4.836684e-05  1.2633934
-11.814607  -0.001417449  30.003485
-11.662648  -0.0024697282  29.735678
-19.935871  -0.0040219054  43.600388
-19.90709  -0.0029465565  43.554222
-6.0502167  -0.00095321494  18.964987
-2.7705402  -0.00035533728  11.233435
-0.3959446  -7.441128e-05  3.06876
-17.924093  -0.003006527  40.335854
-0.22478676  -0.0062651513  2.3402748
-1.1952171  -0.0060590105  6.644758
-4.7235603  -0.004745506  16.26452
-10.689951  -0.0035411825  28.117298
-13.05161  -0.0031976597  32.26453
-18.044697  -0.0029947706  40.55648
-20.592987  -0.0033255373  44.6326
-23.11913  -0.00411106  48.612797
-27.976435  -0.0074200546  56.145615
-30.276508  -0.009886243  59.677002
0.0  0.0  0.0
-36.703426  -0.018769385  69.48244
-36.62081  -0.017588932  69.4565
-36.156097  -0.015980445  68.83246
-35.345856  -0.01402918  67.666435
-33.03961  -0.009802762  64.23724
-30.648117  -0.0066188835  60.614906
-29.823902  -0.005769697  59.354355
-29.513725  -0.0053188168  58.878204
-29.82276  -0.0049749613  59.35261
-30.645582  -0.004428563  60.611565
-33.034405  -0.0021288632  64.23022
-35.337303  0.0011652033  67.65584
-36.146107  0.0028062589  68.82019
-36.609085  0.004220886  69.441734
-36.689445  0.005336902  69.4659
-30.267794  -0.0010262519  59.665283
-27.969131  -0.0026202193  56.13533
-23.11398  -0.0040926374  48.60489
-20.589077  -0.003920871  44.625633
-18.040619  -0.0032389872  40.549915
-13.047695  -0.0011085914  32.258957
-10.685908  6.719702e-05  28.11192
-4.7211475  0.0034557097  16.260286
-1.1914635  0.0061350735  6.638136
-0.2243805  0.0062033096  2.3388634
0.0  0.0  0.0
0.003080368  -0.0018918079  0.21614838
-0.048648834  -0.00459997  0.9867096
-0.5876179  -0.0070837755  4.2362976
-2.074687  -0.005489584  9.491055
-3.2502193  -0.00507807  12.720215
-6.47808  -0.0043800245  20.05603
-8.481903  -0.0039917687  24.0285
-15.517894  -0.0029660843  36.42311
-25.590778  -0.0054878057  52.45965
-32.49685  -0.01273072  63.072147
-34.638916  -0.015731141  66.34014
-34.270714  -0.011923097  66.07969
-31.781971  -0.007998825  62.33873
-31.778414  -0.0034707913  62.333557
-34.26399  -0.00050729536  66.07042
0.0030078888  0.0018687472  0.21563339
-0.04921341  0.0044953595  0.9864273
-0.5881119  0.0068132943  4.236902
-2.0716486  0.005189931  9.485807
-3.2476397  0.0043209027  12.715658
-6.475502  0.0024246965  20.051746
-8.478547  0.0013060635  24.023527
-15.514029  -0.0022691663  36.417118
-25.584543  -0.0036623627  52.450684
-32.486504  0.00094752363  63.058514
-34.62702  0.0031196089  66.325714
0.0  0.0  0.0
0.0  0.0  0.0
0.0  0.0  0.0
0.0  0.0  0.0
0.0  0.0  0.0
-27.415934  -0.004971885  55.5487
-27.399971  -0.0048554745  55.52347
-27.98718  -0.0046893433  56.423637
-27.999863  -0.00536465  56.443497
-33.34392  -0.012700579  64.479294
-33.334976  0.00059501897  64.467415
-32.445  -0.011065122  63.148445
-32.43721  -0.0006914018  63.138107
-29.0181  -0.004190209  58.000687
-29.022701  -0.006247035  58.00724
-31.36671  -0.0020865607  61.54493
-31.3726  -0.009226265  61.553326
-30.133347  -0.003310073  59.687965
-30.13821  -0.007550549  59.694725
-25.364384  -0.004069769  52.16724
-25.36884  -0.0049778377  52.174152
-22.90013  -0.0042507993  48.302025
-22.902714  -0.003865071  48.306232
-28.263527  -0.0069042156  56.68521
-28.25774  -0.0032368938  56.677025
-12.4276905  -0.00195945  31.120285
-12.418778  -0.0021273561  31.106098
-20.341204  -0.003133166  44.241806
-20.343447  -0.003999145  44.245403
-10.024214  -0.0016623035  26.822765
-9.995451  -0.0015883837  26.772318
-14.973054  -0.0022992413  35.4728
-14.994292  -0.0027282978  35.50903
-17.628883  -0.0026563692  39.86456
-17.650787  -0.0034154963  39.90056
-7.7835712  -0.0013335119  22.57199
-7.770296  -0.0011080471  22.548527
-5.779557  -0.0008000068  18.470783
-5.782831  -0.0008694369  18.475254
-1.6493073  -0.0003519568  8.034939
-1.6460028  0.00017020432  8.030462
-2.7103605  -0.00024191174  11.155804
-2.7063265  -0.00030029146  11.150259
-4.0821657  -0.0005615987  14.644375
-4.085822  -0.00048475992  14.648907
-0.8889351  0.00083402847  5.3575077
-0.8893137  -0.00097203674  5.3560143
-0.013975143  0.000716778  0.38593674
-0.014081955  -0.0007303832  0.3881874
-0.40020943  -0.00131518  3.1797848
-0.4007721  0.001216182  3.1839542
-0.13140678  -0.0007581287  1.5530205
-0.13180351  0.00067907013  1.5570183
-0.014953613  0.0005512065  0.3022232
-0.015010834  -0.000568395  0.3042984
-30.0653  -0.008829063  59.440945
-0.24271774  -0.0001988674  2.2211647
-0.24338436  8.577132e-05  2.2243195
-27.327545  -0.004058369  55.292496
-27.331356  -0.005738822  55.297897
-0.6196213  -9.697373e-05  4.1536026
-0.61987114  -6.523356e-05  4.1522045
-1.2493982  0.00028367364  6.6241684
-1.2485952  -0.0005419571  6.623392
-3.416008  0.0003305939  12.939011
-3.4140005  -0.0012449798  12.936428
-5.00984  -0.0014439401  16.72107
-5.0105906  -3.0026305e-05  16.720945
-2.1738424  0.00046439632  9.573553
-2.1720142  -0.00094794785  9.571226
-7.006136  -0.00058030593  20.962322
-6.995102  -0.0016125242  20.942196
-9.333725  -0.0009932457  25.491074
-9.239004  -0.002053128  25.316116
-17.098736  -0.002365955  38.98505
-17.205399  -0.0035044295  39.161083
-19.90709  -0.0029465565  43.554222
-19.935871  -0.0040219054  43.600388
-14.376047  -0.0018821673  34.438255
-14.383849  -0.002921459  34.450947
-11.814607  -0.001417449  30.003485
-11.662648  -0.0024697282  29.735678
-23.016558  -0.0037448066  48.52166
-23.00414  -0.0044149174  48.501144
-24.959002  -0.004346852  51.571648
-24.963858  -0.0045362036  51.5792
-26.178825  -0.00449131  53.53195
-26.194248  -0.0048792856  53.556267
-0.10617256  -4.836684e-05  1.2633934
-0.07805824  -0.00057531963  1.0276985
-24.727556  -0.0045582633  51.27007
-24.80038  -0.0042871507  51.38577
-24.73551  -0.004403549  51.2973
-30.058125  -0.0019939851  59.43142
-0.077632904  0.0005039463  1.0242043
-0.3959446  -7.441128e-05  3.06876
-0.9037676  -0.00011017732  5.3221016
-1.6823864  -0.00019446434  8.054102
-4.1996555  -0.0006172769  14.836952
-2.7705402  -0.00035533728  11.233435
-6.0502167  -0.00095321494  18.964987
-8.580955  -0.0014215548  24.045235
-19.38652  -0.0029868835  42.718555
-19.484283  -0.0038435962  42.87638
-11.230648  -0.0016034782  28.945637
-16.367329  -0.002406559  37.769657
-16.755083  -0.0032153926  38.412174
-13.785465  -0.0019709726  33.41695
-13.42243  -0.002488155  32.791615
-21.862623  -0.0034496775  46.70083
-21.794731  -0.0042420803  46.591694
-22.131405  -0.0037502341  47.140953
-21.751453  -0.003998797  46.532417
-15.646333  -0.0026260617  36.5649
-10.780063  -0.0021436622  28.1371
-17.924093  -0.003006527  40.335854
-20.084755  -0.0034296638  43.85145
-19.185898  -0.0034802791  42.394592
