-0.00034546852  -0.0007118505  -0.23441887
-0.09780383  -0.0020024364  -1.9308691
-0.3249551  -0.0021863254  -4.06713
-1.0320607  -0.0022308305  -8.598994
-1.7333829  -0.0021591152  -12.222467
-2.9782777  -0.00239836  -17.971245
-3.8350408  -0.003075301  -21.716091
-5.0380516  -0.004990914  -26.858944
0.0  0.0  0.0
-5.7763357  -0.0065038167  -29.98312
-5.515136  -0.0051414464  -29.017101
-5.103219  -0.0040721633  -27.31968
-4.682866  -0.003344562  -25.549263
-4.4858685  -0.0032079006  -24.707588
-4.6831303  -0.003244948  -25.548248
-5.103708  -0.0029062822  -27.3162
-5.5149293  -0.0022114967  -29.010633
-5.7755213  -0.0010417623  -29.972786
-5.038643  -0.0018910485  -26.852036
-3.8367484  -0.0026695058  -21.714367
-2.9806387  -0.002514375  -17.971386
-1.7349346  -0.001345898  -12.222252
-1.0330436  -0.00030014676  -8.597805
-0.32532394  0.001011785  -4.0648556
-0.097956896  0.0014317649  -1.9286623
-0.0009896755  0.00053883845  -0.23239422
0.0  0.0  0.0
0.0  0.0  0.0
0.0  0.0  0.0
-3.6763353  -0.0028830064  -21.103878
-3.7209036  -0.0028553414  -21.264606
-3.6877582  -0.0027432318  -21.157806
-3.7196562  -0.002803958  -21.266006
-0.008985758  -6.020628e-05  -0.3472891
-1.5514698  -0.0014646321  -11.249905
-1.5286567  -0.0017529399  -11.131557
-2.8703518  -0.002542854  -17.48581
-2.8639143  -0.0022553229  -17.462177
-0.70630157  -0.00095464604  -6.566297
-0.2855829  -0.0005050659  -3.5996933
-0.033520937  -0.00014187279  -0.8755207
-2.5363815  -0.002185471  -15.962454
-0.011852026  -0.0013721134  -0.5997095
-0.09780383  -0.0020024364  -1.9308691
-0.50936854  -0.0022343562  -5.4194603
-1.3640444  -0.0021859985  -10.371246
-1.7333829  -0.0021591152  -12.222467
-2.5491452  -0.0022363937  -16.04712
-2.9782777  -0.00239836  -17.971245
-3.4090357  -0.0026766325  -19.868055
-4.248511  -0.0036148964  -23.495823
-4.6495647  -0.004266198  -25.208124
0.0  0.0  0.0
-5.7763357  -0.0065038167  -29.98312
-5.7526035  -0.006129299  -29.938774
-5.6637893  -0.0056748716  -29.60783
-5.515136  -0.0051414464  -29.017101
-5.103219  -0.0040721633  -27.31968
-4.682866  -0.003344562  -25.549263
-4.5393596  -0.0032181689  -24.937683
-4.4858685  -0.0032079006  -24.707588
-4.5395966  -0.0032494469  -24.937073
-4.6831303  -0.003244948  -25.548248
-5.103708  -0.0029062822  -27.3162
-5.5149293  -0.0022114967  -29.010633
-5.6630483  -0.0017930522  -29.599483
-5.7520485  -0.0014053024  -29.928993
-5.7755213  -0.0010417623  -29.972786
-4.6504035  -0.0022531706  -25.203032
-4.249858  -0.0025272022  -23.49246
-3.4110055  -0.0026755566  -19.86738
-2.9806387  -0.002514375  -17.971386
-2.5513372  -0.0022180153  -16.047379
-1.7349346  -0.001345898  -12.222252
-1.3652077  -0.00083399884  -10.37042
-0.5100149  0.0006564009  -5.4177504
-0.097956896  0.0014317649  -1.9286623
-0.012016773  0.00113231  -0.59865475
0.0  0.0  0.0
0.0020048618  -0.00021713017  -0.04288864
-0.00034546852  -0.0007118505  -0.23441887
-0.0416646  -0.0018504551  -1.1637201
-0.18968463  -0.0021118743  -2.8999205
-0.3249551  -0.0021863254  -4.06713
-0.745623  -0.0022428625  -6.9383297
-1.0320607  -0.0022308305  -8.598994
-2.1314533  -0.0021557563  -14.123227
-3.8350408  -0.003075301  -21.716091
-5.0380516  -0.004990914  -26.858944
-5.4137545  -0.0057531414  -28.450851
-5.321599  -0.004575163  -28.227556
-4.8816357  -0.003649387  -26.389801
-4.881899  -0.003122994  -26.387396
-5.3221483  -0.0025862812  -28.222513
0.0018281937  0.00015091232  -0.04253769
-0.0009896755  0.00053883845  -0.23239422
-0.04189825  0.0014547665  -1.1620369
-0.18975735  0.0012825105  -2.8972836
-0.32532394  0.001011785  -4.0648556
-0.7463592  0.00020417746  -6.936976
-1.0330436  -0.00030014676  -8.597805
-2.133346  -0.0018155826  -14.123278
-3.8367484  -0.0026695058  -21.714367
-5.038643  -0.0018910485  -26.852036
-5.4130926  -0.0014783116  -28.442
0.0  0.0  0.0
0.0  0.0  0.0
0.0  0.0  0.0
0.0  0.0  0.0
0.0  0.0  0.0
-4.130046  -0.0030097459  -23.12852
-4.1279526  -0.0030565872  -23.117077
-4.229969  -0.0031012602  -23.552677
-4.2315364  -0.003067474  -23.561672
-5.176262  -0.0049045505  -27.507706
-5.1765127  -0.0021204536  -27.501183
-5.0149994  -0.0044681192  -26.84665
-5.0155096  -0.0024135762  -26.841608
-4.4097977  -0.0030667053  -24.318111
-4.4097004  -0.0032568197  -24.320517
-4.8243637  -0.0027027773  -26.053757
-4.8236933  -0.004000477  -26.057732
-4.606179  -0.0029323073  -25.14289
-4.605612  -0.0035686428  -25.145428
-3.7937555  -0.0027914601  -21.560719
-3.7919722  -0.0029276076  -21.561676
-3.3719845  -0.0027138183  -19.713715
-3.3699722  -0.0025942866  -19.71305
-4.290021  -0.0034330543  -23.72676
-4.291221  -0.0027566575  -23.72443
-1.6420058  -0.0017002997  -11.730865
-1.6420321  -0.0016535694  -11.725913
-2.9361799  -0.0023268953  -17.785667
-2.9387453  -0.0025369606  -17.789862
-1.2714057  -0.0015063656  -9.834204
-1.2681607  -0.0013485345  -9.812648
-2.04807  -0.0019091526  -13.702274
-2.0533133  -0.0019564445  -13.720861
-2.4830809  -0.0021111409  -15.731978
-2.4887466  -0.0022721835  -15.751111
-0.94069374  -0.0012874159  -8.018253
-0.9395454  -0.0010467424  -8.008318
-0.6607386  -0.00078068447  -6.33375
-0.6605762  -0.0010431081  -6.3360257
-0.15216231  -0.0005308294  -2.4391155
-0.15154886  -0.00012045493  -2.4356642
-0.27052295  -0.0006356739  -3.5359201
-0.27014554  -0.00033602444  -3.5324545
-0.4375862  -0.00054023636  -4.832844
-0.43802226  -0.00081601425  -4.835849
-0.07453871  4.007225e-05  -1.5515928
-0.074512005  -0.00047651748  -1.552969
-0.00084376335  0.00022794062  -0.09758949
-0.00092983246  -0.0002632303  -0.09738636
-0.029701948  -0.0003651369  -0.8782692
-0.030080795  9.2654605e-05  -0.87857246
-0.008431673  -9.2886854e-05  -0.4090557
-0.0084962845  -5.8674603e-05  -0.4084959
-0.003882885  0.00012152654  -0.0820961
-0.00380373  -0.00014717074  -0.082297325
-4.605062  -0.0039370186  -25.065872
-0.02001977  -7.533701e-06  -0.61757755
-0.020522594  -0.00020438968  -0.6177292
-4.1257796  -0.002916052  -23.041073
-4.1243796  -0.0031294925  -23.041965
-0.05346465  -0.00024724868  -1.1978655
-0.053531885  -0.00011072878  -1.1976833
-0.11485696  -0.00016041507  -1.9919987
-0.11468077  -0.00039256772  -1.9901018
-0.36095858  -0.00041199196  -4.2170258
-0.36059928  -0.0007785656  -4.214712
-0.56412435  -0.0009833173  -5.663846
-0.5641513  -0.0006474657  -5.664633
-0.21476936  -0.00025277084  -2.9986248
-0.21436906  -0.0005758399  -2.996275
-0.83658814  -0.00093661563  -7.3726506
-0.83511674  -0.0011979117  -7.3635235
-1.174079  -0.0012054658  -9.279289
-1.1602776  -0.0014800166  -9.203569
-2.3981857  -0.0019818237  -15.330177
-2.4170485  -0.002295705  -15.413254
-2.8639143  -0.0022553229  -17.462177
-2.8703518  -0.002542854  -17.48581
-1.9559484  -0.0017273229  -13.242497
-1.9584239  -0.0020128335  -13.249895
-1.5514698  -0.0014646321  -11.249905
-1.5286567  -0.0017529399  -11.131557
-3.3876  -0.0025576835  -19.807459
-3.3871646  -0.002781047  -19.799622
-3.7209036  -0.0028553414  -21.264606
-3.7196562  -0.002803958  -21.266006
-3.9254203  -0.0029662626  -22.187674
-3.9266953  -0.002903479  -22.19791
-0.008985758  -6.020628e-05  -0.3472891
-0.008007288  -0.00022408192  -0.27423
-3.6763353  -0.0028830064  -21.103878
-3.6877582  -0.0027432318  -21.157806
-3.676271  -0.0028111755  -21.112274
-4.60574  -0.002548729  -25.062012
-0.008001804  0.0001283352  -0.27522945
-0.033520937  -0.00014187279  -0.8755207
-0.081436634  -0.00022742047  -1.5758419
-0.16216183  -0.00034523453  -2.4809284
-0.4610356  -0.00070920156  -4.942442
-0.2855829  -0.0005050659  -3.5996933
-0.70630157  -0.00095464604  -6.566297
-1.0656624  -0.0012669428  -8.670885
-2.7779546  -0.0022281995  -17.071804
-2.7949603  -0.0024860546  -17.146553
-1.4641734  -0.0014715547  -10.79126
-2.2802494  -0.0019536852  -14.773544
-2.344378  -0.0022079952  -15.071002
-1.8641691  -0.0017106755  -12.787055
-1.8071351  -0.0018513039  -12.506054
-3.1922338  -0.0024493288  -18.942938
-3.1819725  -0.0026815052  -18.892994
-3.2373104  -0.0025377437  -19.148842
-3.1738808  -0.0026111247  -18.862656
-2.163897  -0.0019840724  -14.222011
-1.395002  -0.0016059227  -10.435075
-2.5363815  -0.002185471  -15.962454
-2.8946857  -0.002387564  -17.60276
-2.7453194  -0.0023708907  -16.921366
