-2.9703355e-05  -3.352249e-06  -0.02453741
-0.00025343674  -2.7937108e-06  -0.10847899
-0.00034115397  -3.721555e-06  -0.15254101
-0.00035158615  -2.4902538e-06  -0.17783676
-0.0003447879  -1.2642845e-06  -0.17589939
-0.0003395012  -2.9617837e-07  -0.16735919
-0.00033412158  -1.5342085e-06  -0.16475445
-0.0003236898  -8.876879e-06  -0.16599095
0.0  0.0  0.0
-0.00031656201  -1.5834947e-05  -0.16819333
-0.00033056358  -1.305015e-05  -0.16420162
-0.0003377632  -8.612825e-06  -0.16233352
-0.00034237548  -4.038282e-06  -0.16175252
-0.00034403178  7.57434e-08  -0.16189146
-0.00034235558  4.1777207e-06  -0.16175354
-0.00033773785  8.746992e-06  -0.162332
-0.00033053872  1.3179044e-05  -0.16419622
-0.0003165431  1.5961808e-05  -0.16818774
-0.00032366783  9.008045e-06  -0.16598989
-0.0003340925  1.6680705e-06  -0.16476142
-0.00033946804  4.2745958e-07  -0.16736606
-0.00034471983  1.3644001e-06  -0.17594452
-0.0003514854  2.5638842e-06  -0.17784983
-0.0003409089  3.677729e-06  -0.15248838
-0.0002526762  2.7051317e-06  -0.10833437
-2.990447e-05  3.3202543e-06  -0.024583355
0.0  0.0  0.0
0.0  0.0  0.0
0.0  0.0  0.0
-0.00034356135  6.224978e-07  -0.16480997
-0.00034022453  1.2934177e-06  -0.16472605
-0.00034356644  -5.0859404e-07  -0.16475967
-0.00034025992  -1.1585525e-06  -0.16471797
-4.318191e-05  -2.6262308e-09  -0.02917179
-0.00034731696  -4.27279e-07  -0.17641798
-0.00034740448  5.674475e-07  -0.1765174
-0.00034308102  2.1183558e-07  -0.16852921
-0.0003431693  -7.652164e-08  -0.16855457
-0.00035088597  3.2961687e-08  -0.16929054
-0.00031742002  1.5403341e-09  -0.14057192
-0.00012432339  -2.2463027e-09  -0.060849942
-0.00034467652  6.8008944e-08  -0.1707229
-9.372814e-05  -2.8618563e-06  -0.05059783
-0.00025343674  -2.7937108e-06  -0.10847899
-0.00035399018  -3.6554552e-06  -0.16621032
-0.00034762538  -1.8262485e-06  -0.17790872
-0.0003447879  -1.2642845e-06  -0.17589939
-0.0003413406  -4.3182945e-07  -0.16992557
-0.0003395012  -2.9617837e-07  -0.16735919
-0.00033707308  -5.920425e-07  -0.16562444
-0.00033087694  -3.3039007e-06  -0.16462606
-0.00032733905  -5.777352e-06  -0.16510803
0.0  0.0  0.0
-0.00031656201  -1.5834947e-05  -0.16819333
-0.0003213333  -1.563665e-05  -0.16684139
-0.00032610036  -1.4694443e-05  -0.16549289
-0.00033056358  -1.305015e-05  -0.16420162
-0.0003377632  -8.612825e-06  -0.16233352
-0.00034237548  -4.038282e-06  -0.16175252
-0.00034361947  -1.9301547e-06  -0.1618285
-0.00034403178  7.57434e-08  -0.16189146
-0.00034360797  2.074192e-06  -0.16182911
-0.00034235558  4.1777207e-06  -0.16175354
-0.00033773785  8.746992e-06  -0.162332
-0.00033053872  1.3179044e-05  -0.16419622
-0.00032607754  1.4821662e-05  -0.16548675
-0.00032131234  1.5763404e-05  -0.16683522
-0.0003165431  1.5961808e-05  -0.16818774
-0.00032731492  5.9105937e-06  -0.16510984
-0.0003308504  3.4381032e-06  -0.16463041
-0.000337041  7.240912e-07  -0.16563462
-0.00033946804  4.2745958e-07  -0.16736606
-0.00034129902  5.6338615e-07  -0.16994414
-0.00034471983  1.3644001e-06  -0.17594452
-0.0003475369  1.926753e-06  -0.17795512
-0.000353815  3.6422805e-06  -0.16617307
-0.0002526762  2.7051317e-06  -0.10833437
-9.415877e-05  2.8297043e-06  -0.0506799
0.0  0.0  0.0
-3.0122465e-09  -2.6009197e-06  -0.006204188
-2.9703355e-05  -3.352249e-06  -0.02453741
-0.00017522696  -2.4830915e-06  -0.079787716
-0.0003090329  -3.3541273e-06  -0.133097
-0.00034115397  -3.721555e-06  -0.15254101
-0.0003551407  -3.175707e-06  -0.17435378
-0.00035158615  -2.4902538e-06  -0.17783676
-0.00034292543  -7.914296e-07  -0.17294791
-0.00033412158  -1.5342085e-06  -0.16475445
-0.0003236898  -8.876879e-06  -0.16599095
-0.0003201209  -1.2356537e-05  -0.16704321
-0.00033446035  -1.0951076e-05  -0.16312364
-0.00034039764  -6.288493e-06  -0.16188473
-0.00034037372  6.425391e-06  -0.16188522
-0.00033443474  1.1082371e-05  -0.16311988
-5.581387e-08  2.5836493e-06  -0.0062190965
-2.990447e-05  3.3202543e-06  -0.024583355
-0.00017632237  2.4324524e-06  -0.07997468
-0.00030859615  3.2783441e-06  -0.13300526
-0.0003409089  3.677729e-06  -0.15248838
-0.00035501237  3.197518e-06  -0.1743317
-0.0003514854  2.5638842e-06  -0.17784983
-0.0003428721  9.059276e-07  -0.17297997
-0.0003340925  1.6680705e-06  -0.16476142
-0.00032366783  9.008045e-06  -0.16598989
-0.00032010055  1.2485268e-05  -0.16703962
0.0  0.0  0.0
0.0  0.0  0.0
0.0  0.0  0.0
0.0  0.0  0.0
0.0  0.0  0.0
-0.00034405186  -5.336973e-07  -0.16311827
-0.00034404607  6.6755655e-07  -0.16312757
-0.00034293297  1.926135e-06  -0.16294214
-0.00034295037  -1.7953333e-06  -0.1629347
-0.0003278027  -1.0111219e-05  -0.16497399
-0.00032777886  1.0241807e-05  -0.16497159
-0.0003312669  -8.6449845e-06  -0.16413623
-0.0003312415  8.776844e-06  -0.16413474
-0.00034095533  3.4751272e-06  -0.1627737
-0.0003409799  -3.339361e-06  -0.1627707
-0.00033494394  7.008626e-06  -0.1633702
-0.00033497054  -6.874887e-06  -0.16337019
-0.00033824105  5.1637503e-06  -0.16291492
-0.00033826733  -5.0284543e-06  -0.16291322
-0.0003377985  1.5887008e-06  -0.16463074
-0.00033782938  -1.454495e-06  -0.16462392
-0.00033983294  6.663826e-07  -0.1658979
-0.00033987075  -5.337988e-07  -0.16588843
-0.0003355394  -3.5494584e-06  -0.16390646
-0.00033551126  3.6841138e-06  -0.16391012
-0.00034633052  -8.3897316e-07  -0.17625502
-0.0003462699  9.473886e-07  -0.17629662
-0.00034154885  -1.863244e-07  -0.16791597
-0.00034149515  3.1848202e-07  -0.16792658
-0.00034921765  -1.1655484e-06  -0.17732573
-0.00034917955  1.2837289e-06  -0.1773591
-0.0003443372  -5.2883274e-07  -0.17371553
-0.00034428528  6.3315855e-07  -0.17372084
-0.00034291812  -2.584362e-07  -0.17070039
-0.00034286256  3.9017127e-07  -0.1706921
-0.00035235225  -1.5211202e-06  -0.17561132
-0.00035231782  1.5987557e-06  -0.17561698
-0.0003527557  1.8803906e-06  -0.16970506
-0.00035279323  -1.8379714e-06  -0.16969109
-0.00027629253  -1.6543569e-06  -0.1192275
-0.00027620784  1.6314332e-06  -0.11921762
-0.0003213747  -1.908753e-06  -0.14169718
-0.00032136933  1.9088795e-06  -0.14170903
-0.00034486857  2.0117764e-06  -0.15857247
-0.0003448792  -1.9902297e-06  -0.15855473
-0.00020945055  1.4095255e-06  -0.09233721
-0.0002093032  -1.4333846e-06  -0.092281185
-5.5966157e-06  -1.4235966e-06  -0.0099476725
-5.698741e-06  1.418339e-06  -0.010012239
-0.00012932232  -1.5289719e-06  -0.06304939
-0.00013020934  1.5088233e-06  -0.06325878
-5.6167602e-05  -1.8379619e-06  -0.035159245
-5.6592642e-05  1.8206725e-06  -0.035288334
-3.5276535e-06  -3.600268e-07  -0.007895991
-3.5799894e-06  3.6009223e-07  -0.007946409
-0.00033209755  -5.5479445e-06  -0.16416982
-8.7065215e-05  -8.36274e-07  -0.0470374
-8.7475564e-05  8.272087e-07  -0.04715279
-0.0003392291  2.648099e-06  -0.1637138
-0.00033925837  -2.5118477e-06  -0.16370927
-0.00016677048  6.434395e-07  -0.07650735
-0.00016667534  -6.5016656e-07  -0.07646757
-0.00024167227  -6.730893e-07  -0.10509856
-0.00024174288  6.6158395e-07  -0.10512319
-0.00033271528  -8.746763e-07  -0.14999992
-0.0003327548  8.935365e-07  -0.15002164
-0.0003484305  8.8920746e-07  -0.16425106
-0.00034841377  -8.490923e-07  -0.16422473
-0.0002983501  -8.0119185e-07  -0.13014777
-0.0002983899  7.97861e-07  -0.13016433
-0.00035196534  -7.2642376e-07  -0.17293751
-0.00035197107  8.05948e-07  -0.17293912
-0.00035003503  -5.652016e-07  -0.17652673
-0.00035014108  6.9736365e-07  -0.17650433
-0.00034411403  -1.1984037e-07  -0.17146559
-0.00034406246  2.4544332e-07  -0.17136878
-0.0003431693  -7.652164e-08  -0.16855457
-0.00034308102  2.1183558e-07  -0.16852921
-0.0003453728  -2.7940987e-07  -0.1743579
-0.00034535682  3.747545e-07  -0.17437004
-0.00034731696  -4.27279e-07  -0.17641798
-0.00034740448  5.674475e-07  -0.1765174
-0.00034210942  -4.235912e-07  -0.16593063
-0.0003420646  5.574228e-07  -0.16594437
-0.00034022453  1.2934177e-06  -0.16472605
-0.00034025992  -1.1585525e-06  -0.16471797
-0.00034168316  1.5689271e-06  -0.1640104
-0.00034170976  -1.4386528e-06  -0.16399965
-4.318191e-05  -2.6262308e-09  -0.02917179
-3.2487507e-05  9.2373966e-07  -0.024375003
-0.00034356135  6.224978e-07  -0.16480997
-0.00034356644  -5.0859404e-07  -0.16475967
-0.00034426883  6.6064366e-08  -0.16480003
-0.00033207113  5.6815306e-06  -0.16417143
-3.2322525e-05  -9.3114056e-07  -0.024307024
-0.00012432339  -2.2463027e-09  -0.060849942
-0.00020512973  -4.7388236e-09  -0.090844624
-0.0002719511  -5.2958464e-09  -0.11797661
-0.00034190295  1.4581857e-08  -0.15768105
-0.00031742002  1.5403341e-09  -0.14057192
-0.00035088597  3.2961687e-08  -0.16929054
-0.00035062767  5.6092897e-08  -0.17558599
-0.00034419404  2.4073538e-08  -0.16920498
-0.00034404112  1.16675984e-07  -0.16909432
-0.00034792768  -6.771407e-08  -0.17650175
-0.0003448684  -3.0417517e-08  -0.1723279
-0.00034479162  1.2882495e-07  -0.17193651
-0.00034601425  -7.190161e-08  -0.17488274
-0.00034623727  1.6441072e-07  -0.175188
-0.00034354167  -1.2120415e-07  -0.16691327
-0.00034350128  2.526565e-07  -0.16697067
-0.00034418996  -7.952632e-09  -0.16675422
-0.00034422186  1.1875796e-07  -0.16707297
-0.00034523866  3.886753e-08  -0.1730917
-0.00034838778  2.6463323e-07  -0.17662606
-0.00034467652  6.8008944e-08  -0.1707229
-0.00034439578  3.3860907e-08  -0.16857848
-0.00034445332  6.913482e-08  -0.1694394
