-0.005828023  -0.0010095141  0.37769604
-0.15391731  -0.0006732684  2.4602098
-0.37549603  -0.00013755547  4.5555944
-0.84509325  0.00025344163  8.2585125
-1.2021719  0.00042441767  10.860873
-1.7430478  0.00062608084  14.692707
-2.0879874  0.0006710836  17.099277
-2.5599444  0.0005753668  20.365362
0.0  0.0  0.0
-2.8474493  0.00043416553  22.341984
-2.7548404  0.0006131152  21.762371
-2.5979896  0.00075087463  20.700558
-2.4356995  0.00083567074  19.586006
-2.3588877  0.00090956467  19.053745
-2.4358735  0.0010532101  19.58864
-2.5987678  0.0012908847  20.704712
-2.7553196  0.001578602  21.767204
-2.8473392  0.0018751975  22.348099
-2.5608094  0.00142035  20.372253
-2.0891235  0.00088416156  17.107082
-1.7445786  0.00063732144  14.700098
-1.2031975  0.0004456807  10.866026
-0.8458476  0.0003854884  8.262268
-0.37573826  0.0004814135  4.5572934
-0.15337431  0.00086141314  2.4593477
-0.006330967  0.0009080073  0.38011837
0.0  0.0  0.0
0.0  0.0  0.0
0.0  0.0  0.0
-2.0296042  0.0007714045  16.72789
-2.0458481  0.0008183327  16.827053
-2.0340304  0.0007407982  16.76033
-2.045021  0.00069651793  16.822483
-0.017418385  -2.0060746e-05  0.51442623
-1.1060236  0.00044725416  10.151158
-1.0949848  0.00035978924  10.0697
-1.6973543  0.00060059095  14.376323
-1.6944507  0.00061810855  14.357006
-0.63737965  0.00025870427  6.6332116
-0.32903767  0.00015717506  4.074916
-0.05815196  7.371418e-06  1.2021513
-1.5546023  0.00056532  13.36605
-0.030925155  -0.001192003  0.89266586
-0.15391731  -0.0006732684  2.4602098
-0.51763004  3.9412378e-05  5.7378883
-1.021821  0.00033590873  9.55756
-1.2021719  0.00042441767  10.860873
-1.5644312  0.0005769024  13.436029
-1.7430478  0.00062608084  14.692707
-1.9179742  0.00065080763  15.916948
-2.2510397  0.0006617487  18.23255
-2.4080586  0.0006314465  19.31925
0.0  0.0  0.0
-2.8474493  0.00043416553  22.341984
-2.8416643  0.000495852  22.325813
-2.8101027  0.0005470378  22.126614
-2.7548404  0.0006131152  21.762371
-2.5979896  0.00075087463  20.700558
-2.4356995  0.00083567074  19.586006
-2.3797534  0.0008582654  19.199207
-2.3588877  0.00090956467  19.053745
-2.3799207  0.0009676479  19.200655
-2.4358735  0.0010532101  19.58864
-2.5987678  0.0012908847  20.704712
-2.7553196  0.001578602  21.767204
-2.8103576  0.0017227363  22.132376
-2.8420072  0.0018234549  22.331703
-2.8473392  0.0018751975  22.348099
-2.4092336  0.0012294617  19.32682
-2.2521484  0.0010449539  18.240358
-1.9193107  0.00074731687  15.924635
-1.7445786  0.00063732144  14.700098
-1.5657746  0.0005540957  13.442756
-1.2031975  0.0004456807  10.866026
-1.0226196  0.00041403782  9.56197
-0.51809835  0.0004156832  5.740378
-0.15337431  0.00086141314  2.4593477
-0.030847669  0.0011721756  0.89367294
0.0  0.0  0.0
0.0018482208  -0.00041643268  0.0823822
-0.005828023  -0.0010095141  0.37769604
-0.079457164  -0.0011223811  1.5931816
-0.25311518  -0.0003497427  3.4549603
-0.37549603  -0.00013755547  4.5555944
-0.67581046  0.00016991049  6.978889
-0.84509325  0.00025344163  8.2585125
-1.3836344  0.00051592715  12.156397
-2.0879874  0.0006710836  17.099277
-2.5599444  0.0005753668  20.365362
-2.706247  0.0004948372  21.372448
-2.6815224  0.0006980692  21.270134
-2.5126662  0.0007919088  20.115623
-2.513085  0.0011755904  20.119522
-2.6823568  0.0014349269  21.274445
0.0014206171  0.0003992049  0.08220196
-0.006330967  0.0009080073  0.38011837
-0.07976079  0.0011335356  1.5963488
-0.25289536  0.00061404385  3.4557753
-0.37573826  0.0004814135  4.5572934
-0.67637336  0.00037834418  6.9822364
-0.8458476  0.0003854884  8.262268
-1.3848805  0.0004942629  12.162426
-2.0891235  0.00088416156  17.107082
-2.5608094  0.00142035  20.372253
-2.7063956  0.001645375  21.37954
0.0  0.0  0.0
0.0  0.0  0.0
0.0  0.0  0.0
0.0  0.0  0.0
0.0  0.0  0.0
-2.214421  0.00082478067  18.035074
-2.2136211  0.00085456163  18.028194
-2.2537649  0.00091199274  18.306702
-2.2542338  0.00079749484  18.309105
-2.6178813  0.000602357  20.790073
-2.618844  0.0014566985  20.796368
-2.5566075  0.00065178884  20.377182
-2.557362  0.0013425746  20.383026
-2.3242455  0.0010064091  18.792913
-2.3238354  0.00077664584  18.789492
-2.484459  0.0012325568  19.888607
-2.483443  0.0007006826  19.883099
-2.400248  0.0011125805  19.314201
-2.3997073  0.00074481976  19.30938
-2.0739017  0.0008511557  17.013973
-2.072636  0.0006892147  17.007353
-1.9041936  0.00072870764  15.826544
-1.9029148  0.0006640309  15.819717
-2.2708993  0.0007074844  18.392023
-2.2718637  0.001024148  18.398357
-1.1534079  0.00044638815  10.501151
-1.1536024  0.00040026818  10.501453
-1.7250617  0.00062736834  14.569883
-1.726532  0.0006239872  14.578318
-0.9675279  0.0003835934  9.147282
-0.9661663  0.0003323959  9.135373
-1.34254  0.00050197914  11.859407
-1.345177  0.0004669287  11.87631
-1.5338857  0.0005652786  13.220209
-1.5366721  0.00053052703  13.237911
-0.78565913  0.0003453734  7.792222
-0.7852496  0.0002627628  7.788147
-0.6136215  0.00018819602  6.4686446
-0.61331326  0.00032698718  6.467367
-0.20755184  0.00011963351  2.961853
-0.20698881  0.00011276698  2.9616117
-0.32102334  0.00024561788  4.035165
-0.3208635  7.884065e-05  4.0347548
-0.45715505  0.00012554371  5.2088857
-0.45744914  0.00029372744  5.20818
-0.11884558  0.00017926728  2.0174923
-0.118519425  -8.0962665e-05  2.0157871
-0.002047062  3.3827615e-05  0.15468979
-0.0018351078  -4.6566478e-05  0.15651798
-0.056477547  -0.00026593456  1.2223463
-0.05679512  0.00029846828  1.225133
-0.01940906  -0.00025125104  0.61019135
-0.019373894  0.00022994072  0.61238575
-0.0065506697  5.3651223e-05  0.12638664
-0.0065196753  -6.0580263e-05  0.12681866
-2.3941576  0.0006816103  19.240406
-0.036955  -6.499671e-05  0.8776331
-0.037338972  5.424043e-05  0.8792372
-2.2083266  0.0009407268  17.967485
-2.2072613  0.0007265753  17.962402
-0.08737993  2.631027e-05  1.5960588
-0.087672114  3.2766344e-05  1.5956421
-0.16319823  0.00016045087  2.4803753
-0.16355169  -2.4590292e-05  2.4812365
-0.39331913  0.00032217638  4.645359
-0.39318025  4.225399e-05  4.6453605
-0.5442491  0.00012622582  5.899448
-0.54414916  0.00033349806  5.898344
-0.2661364  0.00026562833  3.505178
-0.2660303  -9.437266e-06  3.5051546
-0.71971095  0.0003609354  7.2772813
-0.7191064  0.0002119717  7.272471
-0.9120088  0.00039676987  8.726284
-0.9047876  0.0002900219  8.672684
-1.4956199  0.000562906  12.947708
-1.50406  0.0005175713  13.006384
-1.6944507  0.00061810855  14.357006
-1.6973543  0.00060059095  14.376323
-1.2980891  0.00049790344  11.537389
-1.2993007  0.0004381396  11.544764
-1.1060236  0.00044725416  10.151158
-1.0949848  0.00035978924  10.0697
-1.9108229  0.0006790082  15.883337
-1.9110787  0.0007136699  15.882894
-2.0458481  0.0008183327  16.827053
-2.045021  0.00069651793  16.822483
-2.1295059  0.00084725727  17.424505
-2.1297483  0.00074475945  17.42659
-0.017418385  -2.0060746e-05  0.51442623
-0.014090896  -2.1599524e-05  0.41794395
-2.0296042  0.0007714045  16.72789
-2.0340304  0.0007407982  16.76033
-2.0302205  0.00075407745  16.733965
-2.3949063  0.0011708793  19.247372
-0.013694644  -2.5816262e-06  0.4155922
-0.05815196  7.371418e-06  1.2021513
-0.122924685  4.6001544e-05  2.0239582
-0.21309233  9.869627e-05  2.986102
-0.46900338  0.00020792914  5.2802944
-0.32903767  0.00015717506  4.074916
-0.63737965  0.00025870427  6.6332116
-0.85123986  0.00032616578  8.267923
-1.6579053  0.0006156719  14.099725
-1.6652315  0.0005854648  14.151144
-1.061156  0.0004112735  9.819756
-1.4430102  0.0005347086  12.57209
-1.471294  0.0005114939  12.772797
-1.2543161  0.0004729138  11.220009
-1.2274934  0.00042993444  11.026083
-1.8309866  0.0006668093  15.323853
-1.8268167  0.0006628338  15.293878
-1.8499348  0.00067752914  15.459255
-1.8236935  0.00066117645  15.273739
-1.3909876  0.0005012406  12.19953
-1.0264869  0.00035636098  9.56589
-1.5546023  0.00056532  13.36605
-1.7070005  0.00061455613  14.4490385
-1.6440959  0.00058816967  14.001484
