-0.014703035  -0.0017634429  -0.5559883
-0.32815194  -0.0012191645  -3.5745068
-0.79757774  -8.286245e-05  -6.602931
-1.7644897  0.00064866827  -11.871753
-2.4635532  0.0008564461  -15.483585
-3.4561324  0.0011332838  -20.637928
-4.0482836  0.0011517928  -23.773685
-4.815855  0.0006316666  -27.9183
0.0  0.0  0.0
-5.2688  8.702831e-05  -30.388733
-5.189827  0.0007305617  -29.839293
-4.963099  0.0011533526  -28.565939
-4.70983  0.0014041797  -27.17871
-4.5846453  0.00152525  -26.502907
-4.708085  0.0017558484  -27.176186
-4.9597425  0.0022282049  -28.55931
-5.1839523  0.0028864678  -29.827885
-5.259403  0.003716839  -30.370876
-4.8093863  0.0027311586  -27.90583
-4.045016  0.0015617536  -23.76913
-3.4547024  0.0011415139  -20.636707
-2.4632146  0.00079979334  -15.484567
-1.76442  0.00060256367  -11.872925
-0.7974119  0.00073423097  -6.6036787
-0.32743883  0.001542516  -3.5737
-0.015093327  0.0017088591  -0.55610466
0.0  0.0  0.0
0.0  0.0  0.0
0.0  0.0  0.0
-3.9882221  0.0013320367  -23.391777
-3.9986541  0.0014024561  -23.476398
-3.9976184  0.0013047558  -23.438725
-4.000493  0.0012410401  -23.47932
-0.035993576  -1.4480553e-05  -0.7387667
-2.2743556  0.00084945105  -14.495683
-2.252015  0.00067923917  -14.380881
-3.3827634  0.0010895322  -20.238571
-3.3795176  0.001125793  -20.218433
-1.3368526  0.00048615853  -9.559262
-0.69562685  0.0002725004  -5.896579
-0.122831345  -4.78467e-07  -1.7372932
-3.1253068  0.0010350124  -18.891047
-0.0667572  -0.0023333393  -1.2959766
-0.32815194  -0.0012191645  -3.5745068
-1.0953331  0.0002731757  -8.299118
-2.114747  0.0007571464  -13.685744
-2.4635532  0.0008564461  -15.483585
-3.1371186  0.0010577808  -18.969603
-3.4561324  0.0011332838  -20.637928
-3.760582  0.0011668575  -22.243347
-4.318642  0.0010449933  -25.225132
-4.5736456  0.0008667919  -26.602718
0.0  0.0  0.0
-5.2688  8.702831e-05  -30.388733
-5.2861576  0.00028525596  -30.438148
-5.2590437  0.00050263584  -30.248356
-5.189827  0.0007305617  -29.839293
-4.963099  0.0011533526  -28.565939
-4.70983  0.0014041797  -27.17871
-4.6191897  0.0014603634  -26.68885
-4.5846453  0.00152525  -26.502907
-4.618432  0.0016153693  -26.687534
-4.708085  0.0017558484  -27.176186
-4.9597425  0.0022282049  -28.55931
-5.1839523  0.0028864678  -29.827885
-5.2517157  0.0032306244  -30.234074
-5.278045  0.0035085864  -30.421654
-5.259403  0.003716839  -30.370876
-4.5681715  0.0022814535  -26.592964
-4.314352  0.0018832854  -25.218124
-3.7582402  0.001310902  -22.240702
-3.4547024  0.0011415139  -20.636707
-3.136307  0.0010122932  -18.969713
-2.4632146  0.00079979334  -15.484567
-2.114481  0.000694938  -13.686696
-1.0954063  0.00057959906  -8.300496
-0.32743883  0.001542516  -3.5737
-0.06706977  0.0023187962  -1.2986965
0.0  0.0  0.0
0.0019066334  -0.0007826508  -0.1199379
-0.014703035  -0.0017634429  -0.5559883
-0.16934395  -0.0021500392  -2.3153229
-0.5388142  -0.0005762259  -5.014456
-0.79757774  -8.286245e-05  -6.602931
-1.421401  0.0005130884  -10.066296
-1.7644897  0.00064866827  -11.871753
-2.8055456  0.0009686932  -17.248686
-4.0482836  0.0011517928  -23.773685
-4.815855  0.0006316666  -27.9183
-5.0474854  0.00036300346  -29.180237
-5.0868807  0.00097098283  -29.257114
-4.831707  0.0012983007  -27.842808
-4.829034  0.0019723545  -27.838074
-5.0826836  0.002549909  -29.24804
0.0017032623  0.0007666934  -0.12018585
-0.015093327  0.0017088591  -0.55610466
-0.17008281  0.0021524837  -2.3198643
-0.5381892  0.0010592296  -5.0141954
-0.7974119  0.00073423097  -6.6036787
-1.4213961  0.00054210273  -10.067793
-1.76442  0.00060256367  -11.872925
-2.8050437  0.0009042725  -17.24936
-4.045016  0.0015617536  -23.76913
-4.8093863  0.0027311586  -27.90583
-5.0390615  0.0032228571  -29.164764
0.0  0.0  0.0
0.0  0.0  0.0
0.0  0.0  0.0
0.0  0.0  0.0
0.0  0.0  0.0
-4.3243856  0.0014159892  -25.143494
-4.322431  0.0014508717  -25.133434
-4.386568  0.0015346482  -25.483181
-4.389257  0.0013793567  -25.492012
-4.937935  0.00073038484  -28.529747
-4.931969  0.0027075582  -28.518158
-4.851267  0.0009002725  -28.039482
-4.846301  0.0024383855  -28.030071
-4.498705  0.0016916136  -26.09446
-4.5012145  0.0013263572  -26.09861
-4.741823  0.0021616328  -27.439548
-4.745722  0.0010793916  -27.446995
-4.6152987  0.0018960044  -26.737576
-4.6183805  0.0012264391  -26.742672
-4.035867  0.0014745699  -23.691734
-4.0380483  0.0012115721  -23.6949
-3.743003  0.0012730048  -22.14088
-3.7444348  0.0011976518  -22.141777
-4.3762527  0.001159833  -25.492813
-4.372937  0.0017924771  -25.487545
-2.3676429  0.0008662114  -14.983144
-2.3665566  0.00073721027  -14.979544
-3.4300203  0.0011408068  -20.49056
-3.429621  0.001118923  -20.493576
-2.0047848  0.00078776455  -13.106546
-2.0008037  0.00059284933  -13.08688
-2.7280297  0.0009463375  -16.84387
-2.731014  0.00087007246  -16.861631
-3.0836315  0.0010426561  -18.685705
-3.0862784  0.0009834864  -18.702879
-1.6413872  0.00073937443  -11.207026
-1.6396499  0.00043567363  -11.199039
-1.2900552  0.0002620715  -9.331173
-1.2901456  0.00070601515  -9.330817
-0.44061828  0.00028259878  -4.2956448
-0.43960857  0.000113669084  -4.2944937
-0.68078375  0.00052038336  -5.8458567
-0.6801187  5.0880248e-05  -5.8450336
-0.96598804  0.00013075204  -7.5324016
-0.96662176  0.0006392148  -7.53255
-0.25219703  0.00032159704  -2.9251528
-0.2522552  -0.00014337013  -2.9233704
-0.0049860477  0.0001211784  -0.22622395
-0.004949808  -0.00011423079  -0.22695541
-0.119959116  -0.0005240437  -1.7710686
-0.12074685  0.00054269214  -1.7762794
-0.04184413  -0.0004285467  -0.8843813
-0.04194665  0.00041662832  -0.88688755
-0.0072801113  0.00013177283  -0.1834774
-0.007205963  -0.00013463933  -0.18453217
-4.5736237  0.0010239464  -26.562138
-0.07768345  -0.00012545765  -1.268117
-0.078346014  0.00010140304  -1.2707767
-4.2822204  0.0016049558  -24.97409
-4.2842474  0.0012543906  -24.977135
-0.18418622  3.7284102e-05  -2.3095646
-0.18416405  3.279088e-05  -2.3076391
-0.3460288  0.00031382748  -3.5933666
-0.34573054  -6.230641e-05  -3.5928354
-0.8308749  0.00061583985  -6.71922
-0.83041906  3.3507415e-05  -6.7184916
-1.1453941  0.00019021839  -8.515842
-1.1454294  0.0006673012  -8.514857
-0.5635786  0.00051583606  -5.0764713
-0.5630115  -6.414449e-05  -5.07561
-1.5058236  0.0007142996  -10.474327
-1.5040691  0.00037297292  -10.466284
-1.8924701  0.0007740902  -12.512654
-1.8777177  0.0005368043  -12.436613
-3.014525  0.0010319181  -18.321915
-3.0286477  0.0009633061  -18.397158
-3.3795176  0.001125793  -20.218433
-3.3827634  0.0010895322  -20.238571
-2.6435604  0.0009299036  -16.403168
-2.6447015  0.0008295389  -16.410133
-2.2743556  0.00084945105  -14.495683
-2.252015  0.00067923917  -14.380881
-3.7685866  0.0012222157  -22.251873
-3.7661605  0.0012496208  -22.243858
-3.9986541  0.0014024561  -23.476398
-4.000493  0.0012410401  -23.47932
-4.15637  0.001448521  -24.290615
-4.1594625  0.0013027148  -24.3008
-0.035993576  -1.4480553e-05  -0.7387667
-0.02763629  -4.7773006e-05  -0.598444
-3.9882221  0.0013320367  -23.391777
-3.9976184  0.0013047558  -23.438725
-3.9935765  0.0013154224  -23.411144
-4.568985  0.002099582  -26.55441
-0.027686357  3.4282915e-05  -0.5980406
-0.122831345  -4.78467e-07  -1.7372932
-0.2598226  7.281522e-05  -2.9282036
-0.45114756  0.00017020607  -4.3230886
-0.9889729  0.00037322316  -7.6289854
-0.69562685  0.0002725004  -5.896579
-1.3368526  0.00048615853  -9.559262
-1.7701368  0.0006191458  -11.867611
-3.31566  0.0011116674  -19.880198
-3.3278084  0.001068248  -19.945713
-2.185968  0.00077978056  -14.034294
-2.9170618  0.0009864758  -17.81407
-2.9694316  0.0009550394  -18.085218
-2.559687  0.00088862336  -15.967004
-2.5079184  0.000816734  -15.699537
-3.6302066  0.0011981527  -21.519611
-3.6211886  0.00117768  -21.475317
-3.6670835  0.0012089412  -21.707111
-3.6190171  0.0011794112  -21.457462
-2.8191195  0.0009373704  -17.306595
-2.117767  0.0006743178  -13.681235
-3.1253068  0.0010350124  -18.891047
-3.4068236  0.0011169466  -20.352358
-3.2904704  0.0010698275  -19.748337
