0.0011367248  -0.00025690804  -0.077912614
-0.0015039472  -0.00016300476  -0.3612045
-0.0025245554  -0.00010014353  -0.5439994
-0.0033535778  1.9833686e-05  -0.71697056
-0.004404662  0.00015198631  -0.76391053
-0.0064315754  0.00029169416  -0.75503415
-0.0082468465  -3.3101474e-05  -0.7044273
-0.009880488  -0.0015627817  -0.5773499
0.0  0.0  0.0
-0.011071499  -0.0029857173  -0.47809553
-0.012031868  -0.0019938126  -0.62147605
-0.011840589  -0.0009998215  -0.7101365
-0.011284018  -0.00016379694  -0.7722705
-0.011095482  0.00046077135  -0.7962641
-0.010922321  0.0011031638  -0.7757376
-0.011812367  0.0019885025  -0.7158749
-0.011726718  0.0030348673  -0.6291636
-0.010162037  0.0040697316  -0.48910695
-0.0095303245  0.0024903954  -0.5877728
-0.007715185  0.0007913328  -0.71416163
-0.006297696  0.00037415687  -0.7640244
-0.0043030125  0.00040050477  -0.77149814
-0.0033392834  0.00045615472  -0.7231958
-0.0025421826  0.0004191999  -0.5482299
-0.0012701317  0.00032762586  -0.36410362
0.00085742585  0.0002198043  -0.07706016
0.0  0.0  0.0
0.0  0.0  0.0
0.0  0.0  0.0
-0.00855833  0.00046809218  -0.7923592
-0.008298729  0.0006080075  -0.764148
-0.0086040925  0.00030924642  -0.78948814
-0.00852132  0.000151667  -0.75754577
0.0001316308  -5.8471196e-06  -0.09176664
-0.004218773  0.00021701006  -0.7555183
-0.004227269  0.0003187069  -0.7572733
-0.0066399914  0.00032429356  -0.7878742
-0.006799593  0.0003316941  -0.78324395
-0.0030764472  0.00020906972  -0.6517027
-0.0021208702  0.00014648223  -0.4984715
0.00016365433  1.9579784e-05  -0.1974093
-0.0062146345  0.00032092084  -0.7913668
0.00056825345  -0.0002581334  -0.15830305
-0.0015039472  -0.00016300476  -0.3612045
-0.0026618494  -6.155667e-05  -0.6165514
-0.003914099  7.202324e-05  -0.74661803
-0.004404662  0.00015198631  -0.76391053
-0.005744343  0.00029410806  -0.7674898
-0.0064315754  0.00029169416  -0.75503415
-0.007231288  0.00018731841  -0.7342817
-0.0087005915  -0.00041329683  -0.6678385
-0.009180091  -0.0009249813  -0.62486035
0.0  0.0  0.0
-0.011071499  -0.0029857173  -0.47809553
-0.011457475  -0.0027602853  -0.52431256
-0.01201544  -0.0024325224  -0.5729
-0.012031868  -0.0019938126  -0.62147605
-0.011840589  -0.0009998215  -0.7101365
-0.011284018  -0.00016379694  -0.7722705
-0.011072336  0.00015464521  -0.78960836
-0.011095482  0.00046077135  -0.7962641
-0.010914819  0.00075831974  -0.79134345
-0.010922321  0.0011031638  -0.7757376
-0.011812367  0.0019885025  -0.7158749
-0.011726718  0.0030348673  -0.6291636
-0.011352977  0.003517762  -0.5810176
-0.010952605  0.0038684101  -0.5337632
-0.010162037  0.0040697316  -0.48910695
-0.0088768685  0.0018046657  -0.6348722
-0.008187627  0.0012279588  -0.6777254
-0.006865671  0.0005130323  -0.74374443
-0.006297696  0.00037415687  -0.7640244
-0.0055614132  0.00033585393  -0.77620775
-0.0043030125  0.00040050477  -0.77149814
-0.0037763796  0.00044402006  -0.7534727
-0.0027080707  0.0004590049  -0.62152404
-0.0012701317  0.00032762586  -0.36410362
0.0007026852  0.0002758715  -0.16058528
0.0  0.0  0.0
0.001519287  -0.00016854369  -0.01819031
0.0011367248  -0.00025690804  -0.077912614
-0.000863194  -0.00023231111  -0.25758576
-0.002124893  -0.00011210611  -0.45756412
-0.0025245554  -0.00010014353  -0.5439994
-0.0031596022  -1.7195925e-05  -0.6741046
-0.0033535778  1.9833686e-05  -0.71697056
-0.0050199283  0.00024235283  -0.77061933
-0.0082468465  -3.3101474e-05  -0.7044273
-0.009880488  -0.0015627817  -0.5773499
-0.010462446  -0.0022815387  -0.52866673
-0.0117656905  -0.0014847534  -0.6677372
-0.011658051  -0.0005599557  -0.7454903
-0.011261713  0.0015305791  -0.7498497
-0.011855232  0.0025125593  -0.67470425
0.0011722688  0.00016522675  -0.018804297
0.00085742585  0.0002198043  -0.07706016
-0.00077498425  0.00032013148  -0.26053667
-0.0018730164  0.00036446346  -0.4608311
-0.0025421826  0.0004191999  -0.5482299
-0.003065718  0.0004629321  -0.6795835
-0.0033392834  0.00045615472  -0.7231958
-0.004911695  0.0003601057  -0.77876616
-0.007715185  0.0007913328  -0.71416163
-0.0095303245  0.0024903954  -0.5877728
-0.009457248  0.0032746822  -0.5388646
0.0  0.0  0.0
0.0  0.0  0.0
0.0  0.0  0.0
0.0  0.0  0.0
0.0  0.0  0.0
-0.0098788915  0.00033937895  -0.7941646
-0.010022893  0.0005137008  -0.7956602
-0.009897846  0.0007199041  -0.7843581
-0.010251867  0.00013776163  -0.7814002
-0.010765834  -0.001622565  -0.60873455
-0.010589653  0.0025952675  -0.6175119
-0.010744162  -0.0012591784  -0.6466253
-0.010420021  0.002205503  -0.6549646
-0.010120496  0.0010135634  -0.7631585
-0.010494713  -0.0001266085  -0.75851625
-0.010473334  0.0017848649  -0.6955278
-0.010549105  -0.000852281  -0.6882902
-0.010219109  0.0013669616  -0.7329373
-0.010675766  -0.00045604663  -0.7267378
-0.008206065  0.00069845666  -0.7432228
-0.00838034  6.480452e-05  -0.7352606
-0.007363314  0.00046650873  -0.76379734
-0.0075538848  0.0002452223  -0.7562141
-0.0092911795  -0.00031142883  -0.7059613
-0.008939472  0.0011529635  -0.7141354
-0.0043567633  0.00018656021  -0.76029086
-0.004248487  0.00036352966  -0.76567703
-0.0067621632  0.00032311084  -0.7707096
-0.00656602  0.0003462193  -0.777719
-0.00376808  0.00012570035  -0.73628724
-0.0038517767  0.00037600353  -0.7407548
-0.0050316257  0.00024572926  -0.7733066
-0.0049575707  0.000333202  -0.77938247
-0.0058133705  0.00030392807  -0.77658606
-0.0056792484  0.00030815782  -0.7830935
-0.0034247888  8.431765e-05  -0.69898915
-0.003444234  0.00037522425  -0.70298845
-0.003012427  0.00036665564  -0.6506548
-0.0028996032  5.2592535e-05  -0.64688015
-0.001892738  -6.093341e-05  -0.40632823
-0.0014911136  0.0002785697  -0.40832472
-0.0021650675  -7.882656e-06  -0.49920833
-0.0022106813  0.00030243094  -0.50210077
-0.0025040414  0.00034571235  -0.58332103
-0.0028415555  1.9211468e-05  -0.580094
-0.00077489857  0.0002212106  -0.3064061
-0.0005322839  -0.00010453495  -0.30467704
0.00037520472  -0.00010683994  -0.03192395
0.0006510839  0.000112276786  -0.031483978
7.647043e-05  -0.0001532422  -0.2026869
-8.061016e-05  0.00021836317  -0.20493475
0.00052157557  -0.00016258904  -0.11089407
0.0006677611  0.00017145333  -0.11195956
-0.0041231597  -3.2270822e-05  -0.025434941
-0.004073008  3.5952267e-05  -0.025973998
-0.009955103  -0.00072642334  -0.6674024
-0.00027571525  -7.953776e-05  -0.15063556
-0.0006126454  9.425177e-05  -0.15161832
-0.009201618  0.00088664773  -0.7505981
-0.009204874  -6.244553e-05  -0.7438939
-0.0008650082  0.00013286684  -0.25120923
-0.0010945783  -5.2255244e-05  -0.24964514
-0.0009289826  -6.6635403e-06  -0.35411802
-0.0011818442  0.00015789861  -0.35431755
-0.0024922818  9.1431575e-05  -0.54035825
-0.0024113944  0.00023641507  -0.54178643
-0.0029061544  0.00027317554  -0.61809564
-0.0029112005  0.00010998013  -0.6162117
-0.0018573208  4.5464833e-05  -0.4526381
-0.0018113493  0.00020109108  -0.45358062
-0.0031581542  0.00014916241  -0.67853487
-0.0031472016  0.0002958983  -0.6802411
-0.0037090804  0.00018063906  -0.7248541
-0.0036611874  0.0003145308  -0.7261478
-0.005818595  0.00031021575  -0.7827119
-0.005774523  0.0003043372  -0.7872642
-0.006799593  0.0003316941  -0.78324395
-0.0066399914  0.00032429356  -0.7878742
-0.0049538803  0.00025704294  -0.7737541
-0.004908954  0.0003093377  -0.77756536
-0.004218773  0.00021701006  -0.7555183
-0.004227269  0.0003187069  -0.7572733
-0.00793103  0.00028833246  -0.7760808
-0.00784798  0.0004282423  -0.78112024
-0.008298729  0.0006080075  -0.764148
-0.00852132  0.000151667  -0.75754577
-0.008857722  0.0006441532  -0.77473915
-0.009115359  0.00015532546  -0.7698908
0.0001316308  -5.8471196e-06  -0.09176664
-0.0014218478  7.906426e-05  -0.07520658
-0.00855833  0.00046809218  -0.7923592
-0.0086040925  0.00030924642  -0.78948814
-0.008905592  0.00038958492  -0.79731166
-0.009303483  0.0016179152  -0.67593074
-0.0011720206  -7.831126e-05  -0.075966775
0.00016365433  1.9579784e-05  -0.1974093
-0.000498116  5.6226992e-05  -0.30190432
-0.0011591036  0.00010195922  -0.4042602
-0.0024596932  0.00018243662  -0.58101314
-0.0021208702  0.00014648223  -0.4984715
-0.0030764472  0.00020906972  -0.6517027
-0.0035812494  0.00024098938  -0.7121998
-0.006723391  0.0003443073  -0.7912786
-0.006609369  0.0003153892  -0.7932549
-0.0041674646  0.00024872017  -0.75036615
-0.005623374  0.00029905108  -0.78470623
-0.00576827  0.00029905117  -0.7883128
-0.0048226174  0.0002671817  -0.7722029
-0.0047099544  0.00028604054  -0.7710275
-0.0076504447  0.0003357455  -0.78914267
-0.0074604643  0.00036326435  -0.79241616
-0.007880929  0.00035413995  -0.79565936
-0.0076375743  0.00035178114  -0.79697394
-0.005430068  0.00029030177  -0.7834581
-0.00411065  0.0002847825  -0.7462038
-0.0062146345  0.00032092084  -0.7913668
-0.006872761  0.00032812913  -0.79557955
-0.0066652843  0.00031963136  -0.79452163
