-0.0095796585  -0.0024675857  -0.5112686
-0.30307603  -0.0027414917  -3.4484224
-0.79566836  -0.0017658367  -6.561557
-1.948084  -0.0007053695  -12.306543
-2.8867295  -2.0875654e-05  -16.47224
-4.3616624  0.00080553925  -22.708628
-5.312805  0.00019940006  -26.64853
-6.6131973  -0.003883039  -31.992878
0.0  0.0  0.0
-7.4031773  -0.00785064  -35.22401
-7.161065  -0.00619668  -34.290062
-6.7327657  -0.0035923086  -32.5576
-6.2856727  -0.0010115402  -30.733126
-6.0733747  0.0011580687  -29.861294
-6.2864017  0.003440299  -30.736149
-6.7343273  0.00625724  -32.562195
-7.162408  0.009084217  -34.295975
-7.404607  0.010892823  -35.23237
-6.6153746  0.006484827  -32.000847
-5.31525  0.0017330871  -26.656624
-4.36429  0.00065931416  -22.715992
-2.8884187  0.00084524264  -16.477177
-1.9491557  0.0011867767  -12.309877
-0.79593754  0.0019076958  -6.5627823
-0.30251813  0.002770605  -3.4474564
-0.010014534  0.0023628878  -0.51039505
0.0  0.0  0.0
0.0  0.0  0.0
0.0  0.0  0.0
-5.159374  0.0011431773  -26.045647
-5.20078  0.0014561763  -26.203835
-5.172162  0.00069837394  -26.100296
-5.199096  0.00040931016  -26.19921
-0.029906511  -3.4747063e-05  -0.69015884
-2.6362636  0.00035061542  -15.339125
-2.6064334  0.0003831904  -15.2069845
-4.2390428  0.00057312415  -22.193703
-4.231635  0.00082338206  -22.164616
-1.430946  0.00015947435  -9.76705
-0.6935611  5.6442048e-05  -5.84603
-0.10890913  -5.3755473e-05  -1.6479292
-3.8488364  0.0006412166  -20.548199
-0.054570675  -0.0033166849  -1.2124004
-0.30307603  -0.0027414917  -3.4484224
-1.1318028  -0.0013730027  -8.366805
-2.407589  -0.00037108886  -14.376318
-2.8867295  -2.0875654e-05  -16.47224
-3.8703072  0.00064517336  -20.65514
-4.3616624  0.00080553925  -22.708628
-4.844021  0.00068890356  -24.712255
-5.762968  -0.00077335734  -28.504028
-6.195907  -0.0021440599  -30.28251
0.0  0.0  0.0
-7.4031773  -0.00785064  -35.22401
-7.3924804  -0.0077204118  -35.203503
-7.3098736  -0.0071665407  -34.882977
-7.161065  -0.00619668  -34.290062
-6.7327657  -0.0035923086  -32.5576
-6.2856727  -0.0010115402  -30.733126
-6.1311846  0.00010338082  -30.099577
-6.0733747  0.0011580687  -29.861294
-6.13159  0.0022342708  -30.10109
-6.2864017  0.003440299  -30.736149
-6.7343273  0.00625724  -32.562195
-7.162408  0.009084217  -34.295975
-7.3109336  0.010152778  -34.889168
-7.3939543  0.010759127  -35.210403
-7.404607  0.010892823  -35.23237
-6.1981225  0.004533163  -30.29037
-5.7653227  0.0029348435  -28.512077
-4.846509  0.0009961592  -24.720032
-4.36429  0.00065931416  -22.715992
-3.8727465  0.0005986689  -20.661856
-2.8884187  0.00084524264  -16.477177
-2.408856  0.0010134595  -14.380244
-1.1325538  0.001610035  -8.369108
-0.30251813  0.002770605  -3.4474564
-0.05484748  0.0032031375  -1.2139053
0.0  0.0  0.0
0.00289917  -0.0012258169  -0.10750198
-0.0095796585  -0.0024675857  -0.5112686
-0.14924502  -0.0034200777  -2.2004766
-0.51787114  -0.0022190863  -4.9104843
-0.79566836  -0.0017658367  -6.561557
-1.5193075  -0.0010177298  -10.292601
-1.948084  -0.0007053695  -12.306543
-3.3767762  0.00034829575  -18.571299
-5.312805  0.00019940006  -26.64853
-6.6131973  -0.003883039  -31.992878
-7.015713  -0.0058724065  -33.64019
-6.96154  -0.004947858  -33.487152
-6.4980593  -0.0022674792  -31.600883
-6.4989877  0.0048089437  -31.604588
-6.9633603  0.0077454136  -33.492332
0.0024938583  0.0011898386  -0.10776329
-0.010014534  0.0023628878  -0.51039505
-0.14987087  0.0032625645  -2.203702
-0.5175915  0.0023060767  -4.9104567
-0.79593754  0.0019076958  -6.5627823
-1.5201975  0.0013674349  -10.295553
-1.9491557  0.0011867767  -12.309877
-3.3788521  0.00068948173  -18.577103
-5.31525  0.0017330871  -26.656624
-6.6153746  0.006484827  -32.000847
-7.016942  0.008686827  -33.648098
0.0  0.0  0.0
0.0  0.0  0.0
0.0  0.0  0.0
0.0  0.0  0.0
0.0  0.0  0.0
-5.672538  0.0007512511  -28.18977
-5.670238  0.0013544053  -28.178923
-5.780687  0.0020418991  -28.633282
-5.7822065  0.0001127962  -28.639385
-6.77829  -0.0045621647  -32.69373
-6.7800903  0.0072497516  -32.700447
-6.6115675  -0.0037098252  -32.020203
-6.613387  0.0063072843  -32.026703
-5.9746943  0.0029670321  -29.428995
-5.9740725  -0.00069846155  -29.426186
-6.414192  0.0051842886  -31.219816
-6.4124517  -0.0026866193  -31.214142
-6.183606  0.0040129665  -30.281334
-6.182229  -0.0016334776  -30.276382
-5.276195  0.001645612  -26.50764
-5.2738967  0.0002636459  -26.50082
-4.8071136  0.00095284986  -24.562567
-4.8046875  0.0007221479  -24.555248
-5.822218  -0.00085598044  -28.768812
-5.8242836  0.0030525813  -28.775558
-2.7599812  0.00020938198  -15.898348
-2.7598855  0.00057468563  -15.896568
-4.3141184  0.00083827577  -22.510477
-4.3170958  0.00060726644  -22.520678
-2.2695017  1.5652622e-05  -13.727889
-2.2650633  0.00058448216  -13.706772
-3.2682705  0.00044260372  -18.09399
-3.2745042  0.0005398092  -18.118572
-3.7893233  0.00068944256  -20.307007
-3.795915  0.0005106941  -20.33252
-1.8004305  -0.000106834224  -11.578291
-1.7988085  0.00055004045  -11.570099
-1.3691275  0.0004899575  -9.50427
-1.3688567  -0.00016916747  -9.503471
-0.42022443  -0.0005262641  -4.1879406
-0.41934705  0.00060687854  -4.1864843
-0.6736717  -0.00032570824  -5.783533
-0.6731696  0.00046876326  -5.7824287
-0.99053335  0.00045986398  -7.5615683
-0.99102974  -0.00023359834  -7.5616264
-0.23107839  0.00085464085  -2.8095188
-0.23105836  -0.0008821812  -2.8083286
-0.0027599335  -0.0001146631  -0.20826149
-0.0025877953  0.00010588986  -0.20864487
-0.10504317  -0.0011389503  -1.6769476
-0.10574126  0.0010457236  -1.6813412
-0.034018278  -0.0008891071  -0.82518196
-0.034184694  0.0008220348  -0.8274784
-0.0068354607  7.155159e-05  -0.1689148
-0.006779194  -8.5421314e-05  -0.1703968
-6.1610365  -0.0019772523  -30.157253
-0.06717777  -0.0003686999  -1.1943607
-0.06777692  0.00027042013  -1.1966743
-5.6512995  0.0023871285  -28.07371
-5.6492405  -0.0002872189  -28.067894
-0.16673255  0.0002142312  -2.206132
-0.16675639  -0.0002961564  -2.2042952
-0.32590556  -7.462577e-05  -3.4831
-0.3256843  7.029314e-05  -3.4818487
-0.8415284  0.00014959305  -6.706976
-0.8411138  1.3865065e-05  -6.706134
-1.2015591  9.4110845e-05  -8.627298
-1.2014554  0.00016517055  -8.626104
-0.55087376  8.397421e-05  -4.993594
-0.55036473  -3.1422242e-06  -4.9923344
-1.6361217  0.00018407585  -10.772948
-1.6341491  0.0002107021  -10.764113
-2.1271853  0.00024363556  -13.06139
-2.1081886  0.00031077457  -12.975209
-3.686409  0.0006943756  -19.865501
-3.708802  0.00047338835  -19.958885
-4.231635  0.00082338206  -22.164616
-4.2390428  0.00057312415  -22.193703
-3.1501284  0.0005010445  -17.575308
-3.152923  0.0004289811  -17.585632
-2.6362636  0.00035061542  -15.339125
-2.6064334  0.0003831904  -15.2069845
-4.8289375  0.0007452925  -24.662107
-4.828517  0.0009313098  -24.65821
-5.20078  0.0014561763  -26.203835
-5.199096  0.00040931016  -26.19921
-5.43459  0.0017070103  -27.184929
-5.4357433  0.0002715527  -27.190893
-0.029906511  -3.4747063e-05  -0.69015884
-0.022305965  0.00010230113  -0.55656815
-5.159374  0.0011431773  -26.045647
-5.172162  0.00069837394  -26.100296
-5.1612587  0.00092383556  -26.05643
-6.162772  0.004348593  -30.164255
-0.0223701  -0.000149091  -0.55649185
-0.10890913  -5.3755473e-05  -1.6479292
-0.24043703  -2.7932576e-05  -2.8190928
-0.43384147  1.3258017e-05  -4.2236233
-1.0212369  0.00010026249  -7.676283
-0.6935611  5.6442048e-05  -5.84603
-1.430946  0.00015947435  -9.76705
-1.9710116  0.00024691937  -12.335289
-4.1322145  0.00077732286  -21.745415
-4.151965  0.0005756988  -21.827875
-2.5184278  0.00036383932  -14.809057
-3.5438972  0.00061645557  -19.25548
-3.6207223  0.00049976015  -19.581116
-3.0332077  0.0004805252  -17.063282
-2.96114  0.00041049457  -16.749643
-4.6091995  0.00082002016  -23.746958
-4.597457  0.000752682  -23.696386
-4.6619797  0.0008117684  -23.968657
-4.589443  0.00076077273  -23.664488
-3.4025695  0.00052473973  -18.650232
-2.4266737  0.00031308975  -14.401658
-3.8488364  0.0006412166  -20.548199
-4.267979  0.0007111408  -22.316292
-4.094251  0.00062582537  -21.58448
