-0.021440983  -0.0029151482  0.6820736
-0.52300024  -0.002782186  4.491314
-1.3348446  -0.0015708623  8.444454
-3.2070813  -0.0008409012  15.665177
-4.732342  -0.00078474893  20.887287
-7.147094  -0.0011882421  28.719978
-8.714862  -0.002102159  33.67827
-10.864651  -0.004928154  40.407196
0.0  0.0  0.0
-12.170681  -0.007337123  44.47425
-11.767206  -0.0061327117  43.309864
-11.057787  -0.004546752  41.130875
-10.317817  -0.0030912498  38.8331
-9.964895  -0.002113156  37.730984
-10.314551  -0.0013495228  38.826942
-11.052586  -0.00035039824  41.11937
-11.759837  0.0007815439  43.293793
-12.159681  0.0017426349  44.45071
-10.854897  0.000107461354  40.386093
-8.706006  -0.0013943708  33.660934
-7.139603  -0.0013287708  28.704973
-4.7263174  -0.0002394517  20.875515
-3.202623  0.00061139395  15.656006
-1.3323112  0.0019677503  8.438591
-0.52044916  0.003233862  4.485319
-0.021884918  0.0028456328  0.6833477
0.0  0.0  0.0
0.0  0.0  0.0
0.0  0.0  0.0
-8.455267  -0.00160611  32.916023
-8.520258  -0.0014964838  33.10453
-8.480057  -0.0017201356  32.992485
-8.526374  -0.0018687921  33.117176
-0.05414915  -1.09372195e-05  0.9071369
-4.3236217  -0.0002533787  19.463179
-4.271582  -0.00057008927  19.290203
-6.938694  -0.0013242417  28.061085
-6.933065  -0.0010601863  28.037626
-2.363157  1.546042e-05  12.466117
-1.1607847  0.00015607371  7.520644
-0.18958855  3.6296435e-05  2.1508274
-6.3029485  -0.00096928567  26.00162
-0.10279989  -0.0037020287  1.6105366
-0.52300024  -0.002782186  4.491314
-1.8826919  -0.0011981856  10.71954
-3.9526994  -0.00078280515  18.259203
-4.732342  -0.00078474893  20.887287
-6.3402476  -0.00096303155  26.138512
-7.147094  -0.0011882421  28.719978
-7.941472  -0.0015591916  31.24099
-9.45877  -0.0028614793  36.01453
-10.174353  -0.003811546  38.253624
0.0  0.0  0.0
-12.170681  -0.007337123  44.47425
-12.151956  -0.007150001  44.452682
-12.013777  -0.006749932  44.052635
-11.767206  -0.0061327117  43.309864
-11.057787  -0.004546752  41.130875
-10.317817  -0.0030912498  38.8331
-10.061718  -0.0025505158  38.033607
-9.964895  -0.002113156  37.730984
-10.060083  -0.0017431759  38.03044
-10.314551  -0.0013495228  38.826942
-11.052586  -0.00035039824  41.11937
-11.759837  0.0007815439  43.293793
-12.005453  0.0012648029  44.034744
-12.142618  0.0015896638  44.43199
-12.159681  0.0017426349  44.45071
-10.165112  -0.0005768596  38.23393
-9.449656  -0.0010917513  35.99604
-7.933208  -0.0014652923  31.224758
-7.139603  -0.0013287708  28.704973
-6.333111  -0.0010296002  26.12445
-4.7263174  -0.0002394517  20.875515
-3.9472947  0.00018196355  18.248646
-1.8797686  0.0014919867  10.712928
-0.52044916  0.003233862  4.485319
-0.10246849  0.0037710909  1.6100407
0.0  0.0  0.0
0.0030751228  -0.0012516639  0.1485138
-0.021440983  -0.0029151482  0.6820736
-0.264575  -0.0037701568  2.8900642
-0.8793154  -0.0020755627  6.3545313
-1.3348446  -0.0015708623  8.444454
-2.5117152  -0.00095409877  13.139135
-3.2070813  -0.0008409012  15.665177
-5.5320296  -0.0008241394  23.521067
-8.714862  -0.002102159  33.67827
-10.864651  -0.004928154  40.407196
-11.5298  -0.0061420756  42.480213
-11.437206  -0.00536561  42.301052
-10.669115  -0.003777409  39.926178
-10.664824  -0.0008754742  39.91752
-11.4310055  0.00023440772  42.286896
0.0025792122  0.001259486  0.14810371
-0.021884918  0.0028456328  0.6833477
-0.26468945  0.0038572084  2.8912563
-0.8768406  0.0025318665  6.3491144
-1.3323112  0.0019677503  8.438591
-2.5081298  0.0010290749  13.131633
-3.202623  0.00061139395  15.656006
-5.5254765  -0.0006520791  23.508179
-8.706006  -0.0013943708  33.660934
-10.854897  0.000107461354  40.386093
-11.519407  0.0009176519  42.45856
0.0  0.0  0.0
0.0  0.0  0.0
0.0  0.0  0.0
0.0  0.0  0.0
0.0  0.0  0.0
-9.304562  -0.0020185998  35.625484
-9.298755  -0.001803849  35.607925
-9.480047  -0.0016093809  36.176872
-9.486317  -0.0023351738  36.19307
-11.135899  -0.0052380264  41.294216
-11.127672  0.00026353414  41.275963
-10.85976  -0.0046838475  40.44821
-10.85199  -0.0001240095  40.431686
-9.79904  -0.0013310598  37.174534
-9.803846  -0.002802405  37.184444
-10.523249  -0.00056006166  39.420547
-10.529794  -0.0040273787  39.43473
-10.142921  -0.0009791808  38.243217
-10.148792  -0.0033676315  38.254944
-8.643112  -0.0014419256  33.481224
-8.649967  -0.0020069052  33.4951
-7.870395  -0.0014743736  31.034103
-7.8764954  -0.0014947756  31.045757
-9.555607  -0.0028597603  36.352615
-9.54823  -0.0011367615  36.337685
-4.5257688  -0.0004399293  20.166529
-4.519512  -0.00048056932  20.151735
-7.069063  -0.0011260702  28.47248
-7.0648417  -0.0013343266  28.466473
-3.7278225  -0.00026152056  17.444166
-3.715569  -0.0002470836  17.407248
-5.3549104  -0.0006433498  22.921926
-5.357929  -0.00075229246  22.938215
-6.2075367  -0.00085738965  25.701702
-6.2101307  -0.001065205  25.717028
-2.9660192  -6.9554546e-05  14.747803
-2.9593663  -7.6787546e-05  14.728912
-2.2626646  1.2030243e-05  12.136404
-2.2654617  0.00013211905  12.142552
-0.713727  3.9552222e-05  5.423315
-0.7114372  0.00036876823  5.418827
-1.1317315  0.00025114382  7.4512386
-1.1291776  0.00016126886  7.445323
-1.6476607  8.253986e-05  9.692563
-1.6505978  0.00024288427  9.698163
-0.39880657  0.00068337156  3.6595383
-0.39912748  -0.00044769148  3.6593857
-0.006679535  0.00019424397  0.27477837
-0.0065431595  -0.00019100175  0.27700996
-0.18618393  -0.0008388759  2.200882
-0.18643379  0.00095802546  2.2038746
-0.063067436  -0.00066921045  1.0900173
-0.0630703  0.00069806306  1.0927448
-0.01093626  0.00022230111  0.22105408
-0.010945797  -0.00022241508  0.22225189
-10.115512  -0.0036173076  38.10004
-0.11808014  -0.00015455461  1.5650444
-0.118495464  0.00019478146  1.5672626
-9.263389  -0.0013653508  35.459938
-9.268954  -0.0024562618  35.471466
-0.28765774  9.635009e-05  2.875126
-0.2881894  4.574505e-05  2.8748302
-0.5548067  0.0003472108  4.515356
-0.554616  -0.000107204134  4.5145855
-1.404501  0.00055325276  8.613566
-1.402997  -0.00024657242  8.610437
-1.9899487  -0.00024564454  11.031969
-1.9911554  0.0004213145  11.033698
-0.92728853  0.0005408871  6.441495
-0.9261141  -0.000212265  6.438882
-2.6977642  0.00020733476  13.732865
-2.6929257  -0.0002710991  13.718071
-3.4956145  -2.0860345e-05  16.605598
-3.4620879  -0.00039248896  16.49186
-6.038569  -0.00075426814  25.146544
-6.069864  -0.001069223  25.25301
-6.933065  -0.0010601863  28.037626
-6.938694  -0.0013242417  28.061085
-5.161485  -0.00050087983  22.269691
-5.1617413  -0.00079583307  22.27386
-4.3236217  -0.0002533787  19.463179
-4.271582  -0.00057008927  19.290203
-7.9155445  -0.001479896  31.181149
-7.907985  -0.0015139434  31.161972
-8.520258  -0.0014964838  33.10453
-8.526374  -0.0018687921  33.117176
-8.9076395  -0.0015403298  34.34629
-8.915975  -0.0020631063  34.367447
-0.05414915  -1.09372195e-05  0.9071369
-0.040147305  -9.451696e-05  0.73671913
-8.455267  -0.00160611  32.916023
-8.480057  -0.0017201356  32.992485
-8.460569  -0.0016563006  32.935173
-10.107319  -0.00072464166  38.083588
-0.039660454  9.538676e-05  0.73397446
-0.18958855  3.6296435e-05  2.1508274
-0.41180038  8.834945e-05  3.6621857
-0.73334074  0.00013630663  5.4589577
-1.6967473  0.00011297804  9.834045
-1.1607847  0.00015607371  7.520644
-2.363157  1.546042e-05  12.466117
-3.2405307  -0.00016267097  15.6914215
-6.7688417  -0.00103184  27.50914
-6.7978745  -0.0012620522  27.605858
-4.1305814  -0.0002894214  18.795456
-5.804426  -0.0007350562  24.378572
-5.92782  -0.00097453553  24.783083
-4.9697213  -0.000497713  21.624987
-4.8507  -0.0006361739  21.228338
-7.553184  -0.0013069288  30.028633
-7.529196  -0.0014465661  29.95554
-7.6389694  -0.0013777019  30.3065
-7.5179625  -0.0014013959  29.920113
-5.5722866  -0.00076150545  23.616302
-3.980245  -0.00044737925  18.28225
-6.3029485  -0.00096928567  26.00162
-6.990569  -0.0011913789  28.22527
-6.704536  -0.0011563572  27.302896
