0.0018405952  -0.00046017626  0.03827262
0.0032180324  -0.00037425623  0.06777823
0.00373427  -0.00024611532  -0.089755654
-0.0070098042  9.127302e-05  -0.696923
-0.026636459  0.00046515086  -1.3189348
-0.070753805  0.0009904413  -2.4228983
-0.10371609  0.00067021465  -3.1743884
-0.14892633  -0.0016573841  -4.2119713
0.0  0.0  0.0
-0.1764853  -0.0039312677  -4.840378
-0.17200872  -0.0031329263  -4.6601458
-0.15783012  -0.0016506951  -4.321765
-0.14219181  -0.00011439668  -3.9646707
-0.13448279  0.0012194284  -3.794116
-0.14152104  0.0026182155  -3.9626691
-0.157229  0.0042759003  -4.3185325
-0.17090395  0.0058914386  -4.656148
-0.17457768  0.0067811185  -4.835011
-0.14755224  0.004240071  -4.2055845
-0.102197126  0.0015532066  -3.1669674
-0.06961831  0.0009781282  -2.415298
-0.025730068  0.0011192713  -1.3122869
-0.006357275  0.0012069495  -0.6913605
0.004157085  0.0010228683  -0.08636451
0.003605917  0.0007869947  0.0689162
0.0014102049  0.00047793787  0.03977871
0.0  0.0  0.0
0.0  0.0  0.0
0.0  0.0  0.0
-0.10044234  0.0012386553  -3.0601695
-0.10050433  0.0014249459  -3.0855765
-0.101241365  0.0009410429  -3.0731666
-0.10140994  0.00075516035  -3.0906267
0.0011437573  1.7747254e-05  0.038375735
-0.022264946  0.00064776395  -1.1598103
-0.021263937  0.00084500894  -1.1361902
-0.06774414  0.00092008454  -2.331404
-0.06819583  0.0010028374  -2.3310006
-0.0016720854  0.0005292482  -0.41545254
0.0032846257  0.00033375545  -0.06815672
0.0024814345  6.844138e-05  0.060635567
-0.05618669  0.00092193065  -2.0398502
0.0020447113  -0.00047960732  0.070078015
0.0032180324  -0.00037425623  0.06777823
0.0023708865  -0.0001596905  -0.24211413
-0.015600116  0.00026121546  -0.9908733
-0.026636459  0.00046515086  -1.3189348
-0.054757968  0.0008848909  -2.0433717
-0.070753805  0.0009904413  -2.4228983
-0.0872122  0.00093129755  -2.8021479
-0.11923801  0.0001110282  -3.5337489
-0.13441318  -0.0006679264  -3.8793108
0.0  0.0  0.0
-0.1764853  -0.0039312677  -4.840378
-0.17741825  -0.003921256  -4.837328
-0.17625053  -0.003654637  -4.7757206
-0.17200872  -0.0031329263  -4.6601458
-0.15783012  -0.0016506951  -4.321765
-0.14219181  -0.00011439668  -3.9646707
-0.13656487  0.0005641463  -3.8409164
-0.13448279  0.0012194284  -3.794116
-0.13632767  0.0018852403  -3.8397071
-0.14152104  0.0026182155  -3.9626691
-0.157229  0.0042759003  -4.3185325
-0.17090395  0.0058914386  -4.656148
-0.17479782  0.0064802784  -4.7709765
-0.17610085  0.006775046  -4.832166
-0.17457768  0.0067811185  -4.835011
-0.13283995  0.0031281533  -3.8723457
-0.11774454  0.0022284435  -3.5264137
-0.085773766  0.0011472594  -2.7945004
-0.06961831  0.0009781282  -2.415298
-0.053697348  0.00096379325  -2.0359747
-0.025730068  0.0011192713  -1.3122869
-0.014803783  0.0011900798  -0.9847055
0.0028187633  0.0011271737  -0.23809814
0.003605917  0.0007869947  0.0689162
0.0023202244  0.00062968826  0.07086098
0.0  0.0  0.0
0.0015622098  -0.0003091428  0.012318492
0.0018405952  -0.00046017626  0.03827262
0.0022476967  -0.0004686776  0.08241117
0.0037148949  -0.0003041919  0.012425303
0.00373427  -0.00024611532  -0.089755654
-0.0012159236  -4.226109e-05  -0.44547397
-0.0070098042  9.127302e-05  -0.696923
-0.03986942  0.00069619535  -1.6727424
-0.10371609  0.00067021465  -3.1743884
-0.14892633  -0.0016573841  -4.2119713
-0.16292842  -0.0027998444  -4.532592
-0.1652681  -0.002417258  -4.5033474
-0.14974743  -0.00087218813  -4.1346855
-0.14900684  0.0034396998  -4.131649
-0.16480581  0.0051325853  -4.499763
0.0014661495  0.0003298982  0.012529135
0.0014102049  0.00047793787  0.03977871
0.002522247  0.00071969384  0.08462298
0.0042275917  0.0008948498  0.015046954
0.004157085  0.0010228683  -0.08636451
-0.0005695578  0.0011833613  -0.44063425
-0.006357275  0.0012069495  -0.6913605
-0.038890056  0.0010333164  -1.6655679
-0.102197126  0.0015532066  -3.1669674
-0.14755224  0.004240071  -4.2055845
-0.16085628  0.005512002  -4.526317
0.0  0.0  0.0
0.0  0.0  0.0
0.0  0.0  0.0
0.0  0.0  0.0
0.0  0.0  0.0
-0.11957496  0.0009739744  -3.472957
-0.11953444  0.00134974  -3.4700599
-0.12304177  0.0017739466  -3.5563
-0.123745464  0.00057324785  -3.5604405
-0.15656777  -0.00211662  -4.3490534
-0.15533866  0.004756808  -4.3435082
-0.15136357  -0.0016495982  -4.2179556
-0.15022849  0.004236956  -4.2128615
-0.12938818  0.0023312806  -3.7095401
-0.13043107  8.378987e-05  -3.7132294
-0.14403008  0.0036129355  -4.056267
-0.14490323  -0.0010763413  -4.0612707
-0.13635142  0.0029420173  -3.8742816
-0.13735722  -0.00046676182  -3.8785403
-0.10235796  0.0015256114  -3.141442
-0.10334403  0.00068088836  -3.1475332
-0.08591249  0.0011345842  -2.7694001
-0.086914174  0.00094724423  -2.7753417
-0.12298624  2.2792432e-05  -3.5857708
-0.12177353  0.0023408898  -3.5800447
-0.024593526  0.00057681167  -1.2392154
-0.023904953  0.0009690133  -1.2336369
-0.07025553  0.0010148679  -2.3911874
-0.069307856  0.00094409066  -2.3859324
-0.013817359  0.00041957136  -0.91021055
-0.013282576  0.0009699367  -0.90232253
-0.03782691  0.0007435803  -1.6007756
-0.037253182  0.000934744  -1.5990281
-0.05324366  0.0009120909  -1.988252
-0.052544177  0.000899351  -1.9862027
-0.0058712587  0.0002947052  -0.6182329
-0.0054052547  0.00093132065  -0.61304235
-8.829683e-05  0.00086571707  -0.37101197
-0.0004008822  0.00018476864  -0.37435967
0.0031732656  -0.000106661755  0.029092431
0.00376755  0.0006011215  0.031246662
0.0034756307  -1.349079e-06  -0.05280745
0.003865935  0.0006815251  -0.05042088
0.0029520951  0.00078496104  -0.18286794
0.0023473836  8.8994944e-05  -0.18592519
0.0032020602  0.00051175425  0.06822872
0.0030261632  -0.0001993546  0.06650448
0.00050569884  -0.00019098021  0.014913321
0.0005061161  0.0002170077  0.015561223
0.002477279  -0.0002827614  0.068792224
0.0024257824  0.00045777252  0.06971109
0.0015315153  -0.00029793376  0.047306538
0.0016536154  0.0003667034  0.048737407
-0.0020867754  -5.082402e-05  0.010919929
-0.001978876  6.632178e-05  0.011266589
-0.13483004  -0.0006189839  -3.8553915
0.0012324527  -0.00012931041  0.054152727
0.0008586664  0.00021561355  0.054723978
-0.11681452  0.0019736332  -3.4462483
-0.117590055  0.0003402203  -3.4506996
0.0021055415  0.00029070658  0.065752864
0.0018511154  -6.851781e-05  0.06561923
0.0033338983  2.5807967e-05  0.04490459
0.0034272484  0.00036006718  0.046237826
0.002861794  0.00023291574  -0.12601602
0.003093684  0.0005305737  -0.124255896
0.0007749386  0.0006279829  -0.2920966
0.0005810689  0.0003228701  -0.29381424
0.0034736916  0.00013246635  -0.015977263
0.0037318245  0.00044056235  -0.01449275
-0.0039465353  0.00043067322  -0.52864224
-0.0036455207  0.00072048773  -0.52523553
-0.01177013  0.0005374433  -0.8250694
-0.011108091  0.0007981375  -0.81020105
-0.050760575  0.000914032  -1.9150349
-0.050873935  0.0008729742  -1.9272571
-0.06819583  0.0010028374  -2.3310006
-0.06774414  0.00092008454  -2.331404
-0.0352074  0.0007712842  -1.5201908
-0.034859437  0.0008604572  -1.5185485
-0.022264946  0.00064776395  -1.1598103
-0.021263937  0.00084500894  -1.1361902
-0.08867277  0.00096040266  -2.7985005
-0.08788382  0.0011172781  -2.7925076
-0.10050433  0.0014249459  -3.0855765
-0.10140994  0.00075516035  -3.0906267
-0.1095943  0.0015713566  -3.2761366
-0.1104135  0.0006752104  -3.2818363
0.0011437573  1.7747254e-05  0.038375735
-0.0010862276  0.00017350714  0.035076976
-0.10044234  0.0012386553  -3.0601695
-0.101241365  0.0009410429  -3.0731666
-0.1011391  0.0010901666  -3.0640056
-0.13331027  0.0030765668  -3.8493443
-0.0011119116  -0.0001366029  0.03344536
0.0024814345  6.844138e-05  0.060635567
0.0031167082  0.00014737825  0.05787003
0.0036253221  0.00023791348  0.017755508
0.002048716  0.00043013762  -0.20787883
0.0032846257  0.00033375545  -0.06815672
-0.0016720854  0.0005292482  -0.41545254
-0.009132105  0.00063824106  -0.7291181
-0.06531744  0.0009905939  -2.2564304
-0.065485485  0.00090970483  -2.2685437
-0.01987841  0.00070368807  -1.0822263
-0.046744466  0.0008763985  -1.8106132
-0.04889052  0.00086423225  -1.8661516
-0.032358952  0.00078320503  -1.4386967
-0.030380195  0.00080626004  -1.3865898
-0.081410505  0.0010069845  -2.627294
-0.08048092  0.0010109924  -2.6145248
-0.08346702  0.0010211881  -2.6692014
-0.0807258  0.0010021259  -2.611042
-0.04263259  0.0008469769  -1.7061539
-0.017780052  0.0007591413  -1.0195385
-0.05618669  0.00092193065  -2.0398502
-0.0698041  0.00096171664  -2.3614671
-0.0639838  0.0009236407  -2.2263374
