0.0013513714  -0.00022565367  -0.044790506
0.0013899133  -0.0002707584  -0.0825665
0.001253441  -0.0003406452  0.05651343
-0.009252362  -0.00042152585  0.62259245
-0.027996741  -0.00042344013  1.213598
-0.070725024  -0.00047239376  2.2777858
-0.10377132  -0.00077260146  3.0115855
-0.1505506  -0.0018224103  4.0361986
0.0  0.0  0.0
-0.17951235  -0.0027534366  4.660531
-0.17044991  -0.002409202  4.462449
-0.15457834  -0.0017914319  4.120036
-0.1380927  -0.0011661409  3.7645698
-0.13043532  -0.0006654508  3.5946088
-0.13769415  -0.00022610476  3.7594237
-0.15449622  0.0002810756  4.1102285
-0.17006427  0.0007943417  4.4478283
-0.17850098  0.0011137183  4.6383934
-0.15013567  0.00032875495  4.0179753
-0.10322693  -0.00039585045  2.9986515
-0.0706266  -0.0004341611  2.2679071
-0.027980726  -6.353593e-05  1.2072821
-0.009358719  0.00017166219  0.6183022
0.0011102855  0.0003111182  0.054395676
0.0015188605  0.00026143418  -0.08372092
0.0010127798  0.0001494654  -0.043461084
0.0  0.0  0.0
0.0  0.0  0.0
0.0  0.0  0.0
-0.098285526  -0.00050442683  2.8863764
-0.0996156  -0.00042945595  2.9142146
-0.098774925  -0.0006151767  2.9002008
-0.09986603  -0.00071015116  2.9226491
0.00043375045  -1.8396735e-05  -0.03965974
-0.023802076  -0.00024640549  1.0625435
-0.023208339  -0.0001666249  1.0401809
-0.06758673  -0.0004497118  2.1845458
-0.06755954  -0.00043091096  2.1853325
-0.004268281  -6.261657e-05  0.35986912
0.0008354485  -6.670598e-08  0.039318323
0.0012635291  -1.33099675e-05  -0.06785083
-0.056042664  -0.00037543432  1.903917
0.0013469607  -0.00024312167  -0.07229328
0.0013899133  -0.0002707584  -0.0825665
-0.00014624  -0.00037090218  0.19658828
-0.017491352  -0.00043517054  0.90068114
-0.027996741  -0.00042344013  1.213598
-0.055125996  -0.00042047855  1.910105
-0.070725024  -0.00047239376  2.2777858
-0.08704663  -0.0005930429  2.6471517
-0.11967284  -0.0010513628  3.3649879
-0.1352101  -0.0014002842  3.7062888
0.0  0.0  0.0
-0.17951235  -0.0027534366  4.660531
-0.17894456  -0.0027315887  4.649726
-0.17606086  -0.0026250859  4.5816703
-0.17044991  -0.002409202  4.462449
-0.15457834  -0.0017914319  4.120036
-0.1380927  -0.0011661409  3.7645698
-0.13245304  -0.0009098139  3.6416802
-0.13043532  -0.0006654508  3.5946088
-0.13228492  -0.0004512477  3.6391537
-0.13769415  -0.00022610476  3.7594237
-0.15449622  0.0002810756  4.1102285
-0.17006427  0.0007943417  4.4478283
-0.17535526  0.0009996624  4.565149
-0.17836988  0.0011072274  4.6304283
-0.17850098  0.0011137183  4.6383934
-0.13487539  1.721803e-05  3.6901107
-0.11913952  -0.00023133302  3.3505
-0.086687945  -0.00045780308  2.6357431
-0.0706266  -0.0004341611  2.2679071
-0.05499081  -0.0003403209  1.901423
-0.027980726  -6.353593e-05  1.2072821
-0.01746086  7.3579286e-05  0.89548564
-0.00031979382  0.00030969252  0.19377375
0.0015188605  0.00026143418  -0.08372092
0.0014262348  0.00019729137  -0.07368183
0.0  0.0  0.0
0.0015077591  -0.00013837349  -0.0121484995
0.0013513714  -0.00022565367  -0.044790506
0.00089356303  -0.00026979687  -0.09042668
0.0015872046  -0.0002835444  -0.034936547
0.001253441  -0.0003406452  0.05651343
-0.0037435815  -0.00039358332  0.38605058
-0.009252362  -0.00042152585  0.62259245
-0.040674947  -0.00040474284  1.5527302
-0.10377132  -0.00077260146  3.0115855
-0.1505506  -0.0018224103  4.0361986
-0.16523972  -0.0023029712  4.3539085
-0.16285613  -0.002103786  4.3033533
-0.14597335  -0.0014771108  3.9330096
-0.14556149  3.4880708e-05  3.9258766
-0.16285765  0.0005490483  4.2909017
0.0011354387  0.00011914008  -0.012625217
0.0010127798  0.0001494654  -0.043461084
0.00090866536  0.0002488654  -0.092098
0.0017123744  0.00028107985  -0.036219954
0.0011102855  0.0003111182  0.054395676
-0.0037843809  0.00025337224  0.38267624
-0.009358719  0.00017166219  0.6183022
-0.040637765  -0.00020457471  1.5453196
-0.10322693  -0.00039585045  2.9986515
-0.15013567  0.00032875495  4.0179753
-0.16419329  0.0007169985  4.3342896
0.0  0.0  0.0
0.0  0.0  0.0
0.0  0.0  0.0
0.0  0.0  0.0
0.0  0.0  0.0
-0.11620641  -0.00068676495  3.2856278
-0.11621907  -0.00055580284  3.2815483
-0.119923316  -0.00042501028  3.366548
-0.12034273  -0.00085346703  3.3721905
-0.15652668  -0.0020038795  4.1633816
-0.15630549  0.00047839148  4.147561
-0.15040451  -0.0018028583  4.0305147
-0.15001962  0.00031256996  4.0163517
-0.12686013  -0.00025597692  3.5166526
-0.127254  -0.0010635585  3.5235353
-0.14283282  0.00012960879  3.8599634
-0.14294925  -0.0015627034  3.8716955
-0.13433921  -7.047696e-05  3.6793814
-0.13483194  -0.0013000544  3.6887724
-0.102159455  -0.0004042498  2.9705162
-0.102338664  -0.00075438526  2.9807472
-0.08592314  -0.00046071433  2.6094546
-0.08610046  -0.0005725661  2.618204
-0.121781856  -0.001075512  3.409608
-0.12139639  -0.00021437841  3.3979015
-0.026008338  -0.00031821593  1.1378274
-0.025929034  -0.00012737853  1.1326154
-0.06985012  -0.0004493145  2.2451138
-0.06970303  -0.0004430306  2.2382963
-0.015772372  -0.00029233168  0.8249153
-0.015816856  -3.428271e-05  0.8178984
-0.03862547  -0.0003533639  1.4834846
-0.038726702  -0.00024393204  1.48158
-0.05338788  -0.00038892814  1.8558313
-0.05342953  -0.00036613812  1.8530056
-0.008179985  -0.00025242934  0.5491233
-0.00823243  4.1095627e-05  0.5448195
-0.0030608028  0.00010132918  0.31810796
-0.0028865263  -0.00020848612  0.3207562
0.0011942536  -0.00014721497  -0.04889655
0.0015239492  0.00016098638  -0.049968958
0.0012156069  -0.00014332833  0.024322748
0.0011115074  0.00014484284  0.022357583
-1.359731e-05  0.0001387049  0.14378881
-0.00028587133  -0.00017459123  0.14594662
0.0013495386  0.00012995437  -0.07907462
0.001656495  -0.00014421856  -0.078373194
0.00041127205  -8.526811e-05  -0.017639995
0.00066482276  7.856666e-05  -0.01699996
0.0012743399  -0.00015337442  -0.07472563
0.0010799915  0.00014446932  -0.07614303
0.0009692162  -0.00014163315  -0.05119729
0.0010811165  0.00011240324  -0.05169511
-0.0041121915  -2.6448251e-05  -0.013122678
-0.004066214  2.3861416e-05  -0.013548851
-0.1342465  -0.0013604448  3.6763906
0.00045782328  -7.818622e-05  -0.05943656
0.00010553002  4.5438675e-05  -0.060053587
-0.115429565  -0.00031691446  3.2635238
-0.115474  -0.0009313276  3.2725163
0.000709489  6.278395e-05  -0.0744946
0.0004937425  -7.6161145e-05  -0.073426485
0.0016050264  -6.811766e-05  -0.060818195
0.0012999848  5.7007157e-05  -0.060620308
0.00025814027  -6.200097e-05  0.09190166
0.0003081411  4.401669e-05  0.09087467
-0.0020188093  2.1688465e-05  0.24498355
-0.0019982234  -0.000105319894  0.24623907
0.0012374297  -5.8574893e-05  -0.008141637
0.0012444183  6.0004502e-05  -0.008711815
-0.0063853785  -0.00014212093  0.46550667
-0.006379895  -2.5646033e-05  0.46293306
-0.013871871  -0.00019325917  0.7451004
-0.013509382  -8.811333e-05  0.73111963
-0.050882384  -0.00035272396  1.7847522
-0.05144798  -0.00036772076  1.7960179
-0.06755954  -0.00043091096  2.1853325
-0.06758673  -0.0004497118  2.1845458
-0.03609669  -0.00030281214  1.406234
-0.036149845  -0.00026510895  1.4046367
-0.023802076  -0.00024640549  1.0625435
-0.023208339  -0.0001666249  1.0401809
-0.08720315  -0.00056080864  2.6372068
-0.08707541  -0.00048465637  2.629712
-0.0996156  -0.00042945595  2.9142146
-0.09986603  -0.00071015116  2.9226491
-0.10770944  -0.00043463215  3.097105
-0.10805693  -0.0007623122  3.105202
0.00043375045  -1.8396735e-05  -0.03965974
-0.0012235269  4.438925e-05  -0.033952832
-0.098285526  -0.00050442683  2.8863764
-0.098774925  -0.0006151767  2.9002008
-0.098653816  -0.0005594316  2.890174
-0.13357633  -7.979746e-06  3.6629825
-0.00094690174  -6.660313e-05  -0.034980774
0.0012635291  -1.33099675e-05  -0.06785083
0.0015287772  -6.0233288e-06  -0.06917429
0.0016467795  1.6070844e-06  -0.036724806
-0.0005719587  -2.020615e-05  0.16716075
0.0008354485  -6.670598e-08  0.039318323
-0.004268281  -6.261657e-05  0.35986912
-0.011507127  -0.00012231737  0.65476096
-0.06465468  -0.00040170114  2.112397
-0.06509933  -0.0004431603  2.1236324
-0.021621015  -0.00020040883  0.9888129
-0.047032118  -0.00033542584  1.6841927
-0.049255833  -0.00036044788  1.7372617
-0.03342341  -0.00027222547  1.3283862
-0.031666275  -0.0002541882  1.2786648
-0.08000578  -0.0004938082  2.4700902
-0.07941541  -0.000486002  2.4565516
-0.08186868  -0.0004939354  2.5096202
-0.07937168  -0.0004899185  2.453111
-0.043204986  -0.0003231878  1.5840484
-0.019768901  -0.00016539439  0.9294156
-0.056042664  -0.00037543432  1.903917
-0.06885021  -0.00044638556  2.2128077
-0.06351445  -0.00042406554  2.0829642
