-0.04080963  -0.0040316535  0.9124718
-1.0597744  -0.0055561834  6.2570705
-2.92624  -0.0044595185  12.078522
-7.7403774  -0.0033693158  23.018927
-11.960783  -0.003017491  31.027065
-18.90065  -0.004024186  43.067703
-23.468578  -0.005759263  50.680603
-29.736494  -0.009800886  60.985233
0.0  0.0  0.0
-33.538048  -0.012843793  67.20232
-32.38439  -0.01083968  65.47535
-30.322165  -0.008764696  62.1593
-28.163166  -0.007135616  58.64695
-27.133488  -0.0067274105  56.959915
-28.159607  -0.006901998  58.641724
-30.316444  -0.0065330043  62.149254
-32.376583  -0.0057130735  65.46113
-33.52622  -0.0043832636  67.181
-29.72525  -0.0051676296  60.966286
-23.457367  -0.005478248  50.665558
-18.890474  -0.0044684606  43.054638
-11.9515  -0.0012885885  31.016443
-7.7332373  0.001238083  23.01019
-2.9222822  0.0043179225  12.072472
-1.055891  0.0059121735  6.2506332
-0.041270256  0.003938958  0.91308975
0.0  0.0  0.0
0.0  0.0  0.0
0.0  0.0  0.0
-22.723436  -0.005603469  49.542717
-22.915756  -0.005633408  49.825836
-22.79211  -0.0052078688  49.657272
-22.924274  -0.0052571455  49.837616
-0.09380913  -3.068708e-05  1.1799107
-10.820583  -0.0012920656  28.83065
-10.677973  -0.0024452466  28.56798
-18.30693  -0.004501019  42.066322
-18.284285  -0.0036075984  42.02487
-5.5008945  -0.0006375727  18.115715
-2.4940453  -9.699655e-05  10.659227
-0.34995747  -8.6592045e-06  2.877592
-16.461006  -0.0034254054  38.891308
-0.1943264  -0.00564692  2.1802063
-1.0597744  -0.0055561834  6.2570705
-4.276494  -0.0040723924  15.496767
-9.779898  -0.003090122  26.992289
-11.960783  -0.003017491  31.027065
-16.561138  -0.003478282  39.099857
-18.90065  -0.004024186  43.067703
-21.213284  -0.004782791  46.940445
-25.639294  -0.0069277026  54.26214
-27.726019  -0.008301994  57.690838
0.0  0.0  0.0
-33.538048  -0.012843793  67.20232
-33.49244  -0.0123852715  67.1906
-33.097  -0.011712491  66.596924
-32.38439  -0.01083968  65.47535
-30.322165  -0.008764696  62.1593
-28.163166  -0.007135616  58.64695
-27.415485  -0.0067763077  57.422802
-27.133488  -0.0067274105  56.959915
-27.413702  -0.006833741  57.420074
-28.159607  -0.006901998  58.641724
-30.316444  -0.0065330043  62.149254
-32.376583  -0.0057130735  65.46113
-33.088455  -0.0052465084  66.58096
-33.482605  -0.0047988035  67.17178
-33.52622  -0.0043832636  67.181
-27.714973  -0.005462795  57.67328
-25.628119  -0.0055970293  54.245834
-21.202362  -0.0051099495  46.926308
-18.890474  -0.0044684606  43.054638
-16.550905  -0.003552644  39.087334
-11.9515  -0.0012885885  31.016443
-9.771278  -5.789008e-05  26.98246
-4.272025  0.00347616  15.490213
-1.055891  0.0059121735  6.2506332
-0.19390488  0.0056659775  2.1791267
0.0  0.0  0.0
0.0035476685  -0.001544419  0.1972084
-0.04080963  -0.0040316535  0.9124718
-0.515728  -0.0064610215  3.9693546
-1.8550091  -0.0049286913  8.977274
-2.92624  -0.0044595185  12.078522
-5.891403  -0.003693413  19.165361
-7.7403774  -0.0033693158  23.018927
-14.235395  -0.0031110842  35.07538
-23.468578  -0.005759263  50.680603
-29.736494  -0.009800886  60.985233
-31.673359  -0.011325842  64.155174
-31.426603  -0.009839305  63.942627
-29.188734  -0.007830871  60.319206
-29.1842  -0.006807166  60.31177
-31.419874  -0.0061282543  63.930138
0.0030517578  0.0015493487  0.19701767
-0.041270256  0.003938958  0.91308975
-0.5159397  0.0064097745  3.9698563
-1.8513021  0.005110413  8.971424
-2.9222822  0.0043179225  12.072472
-5.8859386  0.0024101771  19.158117
-7.7332373  0.001238083  23.01019
-14.225621  -0.002479738  35.06386
-23.457367  -0.005478248  50.665558
-29.72525  -0.0051676296  60.966286
-31.662079  -0.004791896  64.135666
0.0  0.0  0.0
0.0  0.0  0.0
0.0  0.0  0.0
0.0  0.0  0.0
0.0  0.0  0.0
-25.202114  -0.006075439  53.71513
-25.186707  -0.0061827004  53.689774
-25.718699  -0.006360691  54.562897
-25.731955  -0.0062263506  54.584248
-30.535492  -0.009948548  62.3656
-30.52623  -0.0055020684  62.349213
-29.733883  -0.009164408  61.079987
-29.725128  -0.0058166897  61.065323
-26.652561  -0.0064421454  56.092484
-26.658817  -0.006692295  56.101902
-28.767555  -0.0061436663  59.525253
-28.775072  -0.008244988  59.537697
-27.657906  -0.0063551334  57.727173
-27.664745  -0.0073753735  57.73741
-23.27447  -0.0055945897  50.399193
-23.28321  -0.005523257  50.411133
-21.01945  -0.005141798  46.638542
-21.026934  -0.004622468  46.647835
-25.927513  -0.006787789  54.798996
-25.918564  -0.0059031984  54.78602
-11.385979  -0.0018160779  29.915794
-11.3737755  -0.002199679  29.898304
-18.67746  -0.0038355435  42.691406
-18.67419  -0.0045057996  42.68991
-9.166077  -0.0013258402  25.736364
-9.136276  -0.0015553571  25.684214
-13.735259  -0.0024297766  34.15238
-13.75033  -0.0028930232  34.183487
-16.182869  -0.0030977982  38.42891
-16.198048  -0.0037023854  38.459347
-7.0973377  -0.00088985567  21.608519
-7.082618  -0.0009815111  21.583248
-5.248433  -0.0006081171  17.632668
-5.2533207  -0.00040915073  17.638998
-1.4728193  -7.040938e-05  7.5903645
-1.4692879  0.00026726257  7.5855026
-2.4366703  0.0001059887  10.580387
-2.4321775  -0.00011825608  10.573935
-3.6895332  -0.00034625665  13.936401
-3.6943665  -6.246846e-05  13.94228
-0.7876148  0.0007850244  5.039278
-0.7879877  -0.0006895815  5.038185
-0.0124082565  0.0008259127  0.35756683
-0.012332916  -0.000829438  0.36027527
-0.35168266  -0.0010145612  2.976982
-0.35206127  0.0010663592  2.9807777
-0.11435127  -0.00048259064  1.4473438
-0.114471436  0.0004803536  1.4508324
-0.015063286  0.000558367  0.28095627
-0.015182495  -0.0005696905  0.28242493
-27.559566  -0.00785745  57.473194
-0.2136755  -1.8730992e-05  2.0778542
-0.21420479  2.936693e-06  2.0808697
-25.08706  -0.00603281  53.448082
-25.093868  -0.0061744126  53.457787
-0.5484867  -9.632087e-05  3.9014301
-0.54893684  0.000111928675  3.90028
-1.1135836  0.00047657988  6.2483006
-1.1131926  -0.00045458274  6.247778
-3.0829458  0.0006428801  12.298044
-3.0804834  -0.0009759187  12.294868
-4.543027  -0.001160143  15.944368
-4.544729  0.0003287408  15.945253
-1.9503632  0.00070441375  9.066195
-1.9484549  -0.00074965623  9.063463
-6.3813906  -0.00021935767  20.049744
-6.3700924  -0.0013762935  20.029041
-8.529177  -0.0007161631  24.44413
-8.43998  -0.0019043485  24.27248
-15.697655  -0.002747845  37.574398
-15.7927065  -0.0037843937  37.742798
-18.284285  -0.0036075984  42.02487
-18.30693  -0.004501019  42.066322
-13.185949  -0.0019808041  33.14666
-13.1904745  -0.003044385  33.15654
-10.820583  -0.0012920656  28.83065
-10.677973  -0.0024452466  28.56798
-21.142982  -0.0045716804  46.862976
-21.1279  -0.0052613867  46.839306
-22.915756  -0.005633408  49.825836
-22.924274  -0.0052571455  49.837616
-24.046768  -0.005929752  51.740833
-24.063831  -0.0056558615  51.767616
-0.09380913  -3.068708e-05  1.1799107
-0.06845856  -0.0006238031  0.9586487
-22.723436  -0.005603469  49.542717
-22.79211  -0.0052078688  49.657272
-22.736025  -0.0053888555  49.57225
-27.550062  -0.0058139944  57.45881
-0.067887306  0.0005984213  0.95531464
-0.34995747  -8.6592045e-06  2.877592
-0.80332184  2.3546163e-06  5.0110817
-1.50523  -1.4643418e-05  7.6138134
-3.8005915  -0.00030957954  14.127279
-2.4940453  -9.699655e-05  10.659227
-5.5008945  -0.0006375727  18.115715
-7.834163  -0.0011775822  23.040394
-17.80864  -0.0035643245  41.212593
-17.8963  -0.0043100696  41.364338
-10.281204  -0.001485203  27.80211
-15.024595  -0.0026996955  36.391514
-15.381169  -0.003490248  37.016186
-12.64124  -0.0020338846  32.152905
-12.305134  -0.002537489  31.543474
-20.087841  -0.0042388015  45.092056
-20.022715  -0.004919906  44.983322
-20.33828  -0.004529818  45.5221
-19.987576  -0.004701754  44.92832
-14.35922  -0.00283226  35.21795
-9.864253  -0.0020271135  27.015127
-16.461006  -0.0034254054  38.891308
-18.453  -0.0040183472  42.3167
-17.623798  -0.003963099  40.896564
