-0.044641495  -0.004297337  0.949913
-1.1441174  -0.005999892  6.491148
-3.1541414  -0.0050145453  12.507355
-8.333214  -0.0037911679  23.770357
-12.880908  -0.0028829856  31.992834
-20.405085  -0.0029601087  44.35247
-25.406162  -0.0052677495  52.18145
-32.343132  -0.012919141  62.809025
0.0  0.0  0.0
-36.579678  -0.01915473  69.233536
-35.154716  -0.012890155  67.3877
-32.81525  -0.008344524  63.942917
-30.40509  -0.0053940797  60.311493
-29.26569  -0.0046093278  58.572094
-30.403181  -0.0041305367  60.308838
-32.810978  -0.0018823333  63.93701
-35.14697  0.0018950149  67.37868
-36.566563  0.0076661585  69.21959
-32.3343  0.0027667542  62.79782
-25.401964  -0.0027322487  52.174683
-20.403233  -0.0034909006  44.34744
-12.87837  -0.0010835811  31.988543
-8.33064  0.0012391305  23.766245
-3.1517315  0.0042381557  12.503126
-1.1404867  0.005991075  6.484873
-0.04512024  0.0041430974  0.9500389
0.0  0.0  0.0
0.0  0.0  0.0
0.0  0.0  0.0
-24.505268  -0.0040689344  50.975346
-24.751709  -0.0038008748  51.28411
-24.577154  -0.003678726  51.090324
-24.755127  -0.003980818  51.29035
-0.10023785  -6.0071703e-05  1.2216759
-11.647142  -0.0012322988  29.734413
-11.49646  -0.0023689799  29.467487
-19.737328  -0.0036452967  43.316074
-19.70734  -0.0025721015  43.268856
-5.921213  -0.00092307536  18.72305
-2.6847858  -0.00036986754  11.034689
-0.3756733  -8.58414e-05  2.9814472
-17.728045  -0.0027009307  40.05228
-0.21058846  -0.005997446  2.2661037
-1.1441174  -0.005999892  6.491148
-4.6069393  -0.004656282  16.031715
-10.529181  -0.0032790585  27.85136
-12.880908  -0.0028829856  31.992834
-17.86003  -0.0026123538  40.277798
-20.405085  -0.0029601087  44.35247
-22.93084  -0.0037914277  48.332756
-27.7989  -0.007312827  55.87107
-30.109442  -0.009930606  59.40767
0.0  0.0  0.0
-36.579678  -0.01915473  69.233536
-36.473522  -0.017340235  69.19714
-35.986084  -0.015223535  68.56311
-35.154716  -0.012890155  67.3877
-32.81525  -0.008344524  63.942917
-30.40509  -0.0053940797  60.311493
-29.576893  -0.0047929734  59.048767
-29.26569  -0.0046093278  58.572094
-29.576115  -0.0045032487  59.04741
-30.403181  -0.0041305367  60.308838
-32.810978  -0.0018823333  63.93701
-35.14697  0.0018950149  67.37868
-35.9769  0.003977879  68.5529
-36.462654  0.0059301024  69.18475
-36.566563  0.0076661585  69.21959
-30.10257  0.00048751663  59.39811
-27.793493  -0.0014145027  55.86296
-22.927807  -0.003451959  48.326878
-20.403233  -0.0034909006  44.34744
-17.85787  -0.0029843005  40.272842
-12.87837  -0.0010835811  31.988543
-10.526257  3.296486e-05  27.847054
-4.604946  0.0033823305  16.027897
-1.1404867  0.005991075  6.484873
-0.21020031  0.005886851  2.2645054
0.0  0.0  0.0
0.0035476685  -0.001674779  0.20600891
-0.044641495  -0.004297337  0.949913
-0.5574808  -0.006888968  4.121626
-2.0008907  -0.0054277  9.304674
-3.1541414  -0.0050145453  12.507355
-6.343994  -0.0042411587  19.808437
-8.333214  -0.0037911679  23.770357
-15.339177  -0.0025953169  36.147213
-25.406162  -0.0052677495  52.18145
-32.343132  -0.012919141  62.809025
-34.499653  -0.016010698  66.08389
-34.06134  -0.010550834  65.79245
-31.546478  -0.006589844  62.03893
-31.543736  -0.0032641767  62.034943
-34.055435  -8.071656e-05  65.78462
0.0030517578  0.0016544105  0.20552063
-0.04512024  0.0041430974  0.9500389
-0.5578861  0.0065918816  4.12191
-1.997982  0.005093734  9.299765
-3.1517315  0.0042381557  12.503126
-6.3420305  0.0023437005  19.804882
-8.33064  0.0012391305  23.766245
-15.336948  -0.002135443  36.142708
-25.401964  -0.0027322487  52.174683
-32.3343  0.0027667542  62.79782
-34.48895  0.005187819  66.071915
0.0  0.0  0.0
0.0  0.0  0.0
0.0  0.0  0.0
0.0  0.0  0.0
0.0  0.0  0.0
-27.178577  -0.004247897  55.247185
-27.162788  -0.0042916005  55.222153
-27.753422  -0.004233055  56.124367
-27.76538  -0.004493051  56.14357
-33.16965  -0.012241311  64.20734
-33.16199  0.0018483254  64.197525
-32.255672  -0.010363517  62.869736
-32.249176  0.00025188853  62.86125
-28.790775  -0.0037670347  57.704575
-28.794277  -0.005260174  57.710205
-31.162926  -0.0014201204  61.26054
-31.167664  -0.008325101  61.2674
-29.916252  -0.0028186503  59.397095
-29.92002  -0.0065472303  59.40247
-25.166798  -0.003390585  51.884415
-25.169487  -0.004527873  51.889534
-22.703213  -0.003719644  48.019005
-22.704046  -0.0034399396  48.0216
-28.06485  -0.006360391  56.401466
-28.060701  -0.0024387562  56.395077
-12.258217  -0.001720276  30.849718
-12.250249  -0.0020514522  30.836397
-20.146103  -0.0027570925  43.958496
-20.14986  -0.0035984085  43.963512
-9.86656  -0.0014734429  26.55926
-9.838667  -0.0015817512  26.509615
-14.793375  -0.0020101818  35.196762
-14.815696  -0.0025501617  35.23398
-17.440514  -0.0023172777  39.584274
-17.463776  -0.003130247  39.62149
-7.6399417  -0.001190374  22.318039
-7.6273103  -0.0011431896  22.295197
-5.6530857  -0.00086130574  18.230362
-5.6559935  -0.0007662326  18.234453
-1.5870018  -0.00030915323  7.8663063
-1.5837946  7.933192e-05  7.86187
-2.6249657  -0.0001914585  10.956711
-2.6211643  -0.00037972373  10.951221
-3.9751043  -0.00063238933  14.42161
-3.97865  -0.00040953746  14.4258995
-0.8490362  0.0007000908  5.2257957
-0.8492212  -0.0008947875  5.2245903
-0.013306618  0.000821498  0.37098694
-0.013254166  -0.0008473068  0.3735962
-0.37900162  -0.0011827792  3.088543
-0.37947655  0.0010670298  3.0922775
-0.12321186  -0.0005841274  1.5020218
-0.12336826  0.0005025775  1.505333
-0.015717506  0.000569436  0.29079437
-0.015851974  -0.0005967389  0.29229355
-29.877409  -0.008388136  59.16229
-0.2293253  -0.00011253683  2.153448
-0.22988987  -1.2765871e-05  2.156433
-27.115814  -0.00349122  55.003296
-27.11824  -0.005034445  55.007626
-0.58984184  -0.00017452776  4.043667
-0.59021854  -2.7245609e-05  4.0424786
-1.1985092  0.00029266975  6.474474
-1.198266  -0.00062266795  6.474079
-3.319168  0.00035507  12.727398
-3.317214  -0.0012818644  12.724901
-4.891591  -0.0014684598  16.488323
-4.892398  2.17848e-05  16.488111
-2.099763  0.00046688388  9.389414
-2.0981302  -0.001002415  9.387062
-6.8686237  -0.0004939039  20.713406
-6.8579483  -0.0016122267  20.693604
-9.17986  -0.00086324755  25.230484
-9.08606  -0.0020160044  25.056252
-16.908724  -0.0020619216  38.704155
-17.015875  -0.0032228183  38.88077
-19.70734  -0.0025721015  43.268856
-19.737328  -0.0036452967  43.316074
-14.196905  -0.0016406587  34.16277
-14.205289  -0.0027345866  34.17602
-11.647142  -0.0012322988  29.734413
-11.49646  -0.0023689799  29.467487
-22.807629  -0.0032586255  48.232376
-22.796618  -0.00393717  48.21302
-24.751709  -0.0038008748  51.28411
-24.755127  -0.003980818  51.29035
-25.959518  -0.00399235  53.239204
-25.97386  -0.004181888  53.26227
-0.10023785  -6.0071703e-05  1.2216759
-0.07313442  -0.0006602942  0.9930153
-24.505268  -0.0040689344  50.975346
-24.577154  -0.003678726  51.090324
-24.509525  -0.0038572624  51.000603
-29.871933  -0.00097653386  59.154823
-0.072538376  0.00058539375  0.9897194
-0.3756733  -8.58414e-05  2.9814472
-0.8638077  -0.00013764948  5.1922035
-1.6198845  -0.000225303  7.886545
-4.0913897  -0.0006164989  14.613886
-2.6847858  -0.00036986754  11.034689
-5.921213  -0.00092307536  18.72305
-8.431992  -0.0013475383  23.788147
-19.185034  -0.0026272496  42.43242
-19.283401  -0.003476079  42.590843
-11.065824  -0.0014591572  28.678385
-16.178524  -0.002133424  37.489494
-16.564777  -0.0029318186  38.13145
-13.60813  -0.0017630348  33.14258
-13.246898  -0.0023055186  32.518333
-21.65239  -0.0029985625  46.410877
-21.58567  -0.0038078404  46.30266
-21.917336  -0.003289232  46.84932
-21.539219  -0.0035595484  46.241703
-15.460352  -0.0023712323  36.286167
-10.6179085  -0.002035786  27.871443
-17.728045  -0.0027009307  40.05228
-19.879208  -0.0030401272  43.563614
-18.98462  -0.0031236014  42.10872
