-0.0018746853  -0.0005333924  0.2506237
-0.07336819  -0.000361208  1.6943016
-0.18262401  -6.5065935e-05  3.1694326
-0.4106143  8.784479e-05  5.7572846
-0.57580006  0.00010712889  7.5313053
-0.8096614  0.00011744999  10.05566
-0.94974154  0.000106839776  11.589844
-1.1318902  0.00010510427  13.621373
0.0  0.0  0.0
-1.2400038  9.4434145e-05  14.834127
-1.2185072  0.00015216773  14.55411
-1.1637223  0.00018802017  13.925989
-1.103386  0.00019912967  13.245726
-1.0739286  0.00020384756  12.915112
-1.1032655  0.00022318325  13.246837
-1.1641157  0.0002729568  13.927761
-1.2187314  0.00035434228  14.556212
-1.2399242  0.00047074817  14.837463
-1.1324401  0.0003306215  13.625282
-0.95021653  0.00020126469  11.594669
-0.81053984  0.00012903042  10.060682
-0.57651955  9.1055e-05  7.5355077
-0.41124943  8.4605716e-05  5.760739
-0.18294242  0.00018658291  3.1712847
-0.073081315  0.00042502116  1.6939988
-0.0023421645  0.00042845  0.25298214
0.0  0.0  0.0
0.0  0.0  0.0
0.0  0.0  0.0
-0.9342133  0.00016291867  11.399241
-0.9378101  0.00018244455  11.445103
-0.9360147  0.0001501613  11.420391
-0.9374284  0.00011870558  11.442429
-0.008128703  -2.2926033e-05  0.34856415
-0.5311355  0.00012259162  7.046498
-0.52623415  7.4681535e-05  6.9915853
-0.7925865  0.00011888127  9.861123
-0.79130405  0.00011699618  9.848473
-0.31009755  8.5250904e-05  4.623331
-0.15949154  6.496426e-05  2.8305483
-0.027064025  -9.103649e-06  0.8209872
-0.7315907  0.00011855169  9.199736
-0.013680756  -0.0006325389  0.6033921
-0.07336819  -0.000361208  1.6943016
-0.25247943  2.61518e-05  4.001094
-0.49346504  9.315295e-05  6.64855
-0.57580006  0.00010712889  7.5313053
-0.7345648  0.00012256054  9.239407
-0.8096614  0.00011744999  10.05566
-0.88150436  0.000103266546  10.841019
-1.013627  0.00010513229  12.300588
-1.0740519  0.00010664291  12.975745
0.0  0.0  0.0
-1.2400038  9.4434145e-05  14.834127
-1.2430079  0.00012387364  14.854052
-1.2357342  0.0001321724  14.757082
-1.2185072  0.00015216773  14.55411
-1.1637223  0.00018802017  13.925989
-1.103386  0.00019912967  13.245726
-1.0819423  0.00018958694  13.005886
-1.0739286  0.00020384756  12.915112
-1.081938  0.00020908313  13.006586
-1.1032655  0.00022318325  13.246837
-1.1641157  0.0002729568  13.927761
-1.2187314  0.00035434228  14.556212
-1.2357764  0.00041195552  14.760075
-1.2432663  0.00045142893  14.857169
-1.2399242  0.00047074817  14.837463
-1.0747266  0.0002923952  12.980194
-1.0141208  0.00024393297  12.305286
-0.88216  0.0001615345  10.845994
-0.81053984  0.00012903042  10.060682
-0.73536676  0.00010765741  9.244322
-0.57651955  9.1055e-05  7.5355077
-0.49406213  9.17075e-05  6.6523643
-0.25295958  0.00013530518  4.003604
-0.073081315  0.00042502116  1.6939988
-0.013608277  0.00058425864  0.60420895
0.0  0.0  0.0
0.0016112924  -0.00019868072  0.053765774
-0.0018746853  -0.0005333924  0.2506237
-0.037192762  -0.0006134589  1.0881114
-0.12221083  -0.0001729788  2.3939228
-0.18262401  -6.5065935e-05  3.1694326
-0.32961586  7.873349e-05  4.8694286
-0.4106143  8.784479e-05  5.7572846
-0.6564111  0.0001259903  8.396624
-0.94974154  0.000106839776  11.589844
-1.1318902  0.00010510427  13.621373
-1.1870623  8.561006e-05  14.240256
-1.1934009  0.000188389  14.266714
-1.1323767  0.0001877404  13.570809
-1.1323879  0.0002572916  13.572671
-1.1939213  0.00030928873  14.268423
0.0012181997  0.00017632268  0.053529263
-0.0023421645  0.00042845  0.25298214
-0.037380695  0.000583877  1.0907316
-0.122133315  0.00027153667  2.3950644
-0.18294242  0.00018658291  3.1712847
-0.33011073  9.478793e-05  4.8726587
-0.41124943  8.4605716e-05  5.760739
-0.6572292  9.906279e-05  8.401309
-0.95021653  0.00020126469  11.594669
-1.1324401  0.0003306215  13.625282
-1.1870077  0.00039571687  14.244421
0.0  0.0  0.0
0.0  0.0  0.0
0.0  0.0  0.0
0.0  0.0  0.0
0.0  0.0  0.0
-1.0127306  0.00017843979  12.252374
-1.0124779  0.00018267751  12.24771
-1.0278299  0.00019595269  12.420665
-1.0281643  0.00016627015  12.422449
-1.1597786  0.00012216804  13.916562
-1.1603858  0.00033770822  13.919977
-1.1387378  0.00013658508  13.674598
-1.139096  0.00030169665  13.677589
-1.0547839  0.00022440907  12.7212925
-1.054735  0.00016222172  12.719528
-1.1136096  0.00028183858  13.38503
-1.1130506  0.00014387345  13.382179
-1.0828682  0.00025280978  13.038364
-1.0827827  0.00015536154  13.0358925
-0.9472302  0.0001899483  11.553002
-0.9465672  0.00011571421  11.548915
-0.8780408  0.00015734539  10.794244
-0.8773806  0.000114133654  10.78984
-1.0263253  0.00013426218  12.428439
-1.0267411  0.00023029628  12.432026
-0.5531394  0.00011953547  7.2854934
-0.5533906  8.518556e-05  7.286248
-0.8033743  0.00011977239  9.982359
-0.8041222  0.00012813021  9.988039
-0.46746606  0.00011384859  6.364217
-0.46710044  6.8862806e-05  6.356739
-0.6380776  0.0001140049  8.1977
-0.6394399  9.5113246e-05  8.209495
-0.72178245  0.00011472282  9.0994625
-0.72315514  9.960922e-05  9.111533
-0.3817234  0.00012311657  5.431034
-0.3817434  5.2204152e-05  5.4288883
-0.29911134  3.478687e-05  4.5110397
-0.29873702  0.00013877681  4.5095763
-0.099861145  4.4161912e-05  2.0476274
-0.09947753  5.1704897e-05  2.0478263
-0.15559176  0.00011901028  2.802559
-0.1556386  1.2015029e-05  2.8026266
-0.22265023  2.2621403e-05  3.6284628
-0.22282341  0.0001358553  3.6274438
-0.056355238  8.182308e-05  1.3864236
-0.05599451  -6.2105915e-05  1.384912
-0.000821352  2.2115513e-05  0.10297203
-0.0006002188  -3.6588768e-05  0.1044755
-0.026112378  -0.00015795378  0.8331289
-0.02637595  0.00015391766  0.8351536
-0.008617938  -0.00013906958  0.41187143
-0.008555949  0.00010321802  0.4135213
-0.00537467  2.5761503e-05  0.08466816
-0.005342841  -3.30154e-05  0.08494663
-1.0734751  0.0001341568  12.952637
-0.017310798  -4.6906935e-05  0.59668684
-0.017680168  1.4686317e-05  0.5977664
-1.0045121  0.00021295677  12.1766205
-1.0039303  0.00013409514  12.173834
-0.041437626  8.87645e-06  1.0937657
-0.041695774  -2.0422594e-06  1.0936003
-0.07790595  6.260087e-05  1.7108006
-0.078285456  -2.3034518e-05  1.7117739
-0.19116059  0.00014914745  3.2315335
-0.19112173  -5.4850098e-06  3.2317858
-0.26507607  2.42807e-05  4.111406
-0.26495233  0.00013472214  4.1103735
-0.1285443  0.00012113143  2.4299254
-0.1285365  -1.932391e-05  2.4302034
-0.34975144  0.00013232561  5.071929
-0.34957165  4.6429916e-05  5.069013
-0.44110662  0.00012438171  6.0732026
-0.437831  6.410097e-05  6.0368166
-0.70547605  0.00012091543  8.921056
-0.7092795  0.00010188081  8.960202
-0.79130405  0.00011699618  9.848473
-0.7925865  0.00011888127  9.861123
-0.618164  0.00011670947  7.981627
-0.61882025  8.856444e-05  7.9868937
-0.5311355  0.00012259162  7.046498
-0.52623415  7.4681535e-05  6.9915853
-0.88269246  0.00012197901  10.841891
-0.8829051  0.00014710233  10.841515
-0.9378101  0.00018244455  11.445103
-0.9374284  0.00011870558  11.442429
-0.97424465  0.00017802414  11.840653
-0.9743797  0.00014702954  11.84226
-0.008128703  -2.2926033e-05  0.34856415
-0.0074273944  -2.4525449e-05  0.28272676
-0.9342133  0.00016291867  11.399241
-0.9360147  0.0001501613  11.420391
-0.93534493  0.00015520345  11.407431
-1.0736821  0.0002671674  12.9566555
-0.007064879  -5.688271e-06  0.28066158
-0.027064025  -9.103649e-06  0.8209872
-0.058315694  1.0672862e-05  1.3922863
-0.10234052  3.8209873e-05  2.065713
-0.22810042  7.953748e-05  3.677085
-0.15949154  6.496426e-05  2.8305483
-0.31009755  8.5250904e-05  4.623331
-0.4123807  9.424603e-05  5.7570467
-0.7762292  0.00012963433  9.682917
-0.7793441  0.00011386789  9.716531
-0.51040363  0.0001093281  6.820372
-0.68254524  0.00011435806  8.672597
-0.6950923  0.000101181126  8.806265
-0.59845984  0.00011084896  7.768144
-0.58638525  9.3613824e-05  7.637639
-0.85008603  0.00012824134  10.483749
-0.8482875  0.00013313243  10.464004
-0.85877067  0.00013646991  10.575395
-0.84758276  0.00013108629  10.454183
-0.659608  0.000105943815  8.424561
-0.4944784  8.625419e-05  6.6476192
-0.7315907  0.00011855169  9.199736
-0.7975432  0.000119127326  9.913804
-0.7704781  0.00011760711  9.61923
