-0.01448369  -0.0018820737  -0.56132126
-0.35383153  -0.0018756918  -3.701806
-0.9028475  -0.0009189781  -6.9739933
-2.1567855  -0.00037058367  -12.946443
-3.1636786  -0.0003916904  -17.248472
-4.7299895  -0.00073556043  -23.658337
-5.729934  -0.00111926  -27.68674
-7.082658  -0.0020142125  -33.120358
0.0  0.0  0.0
-7.898534  -0.00273541  -36.393326
-7.6734915  -0.002492818  -35.507706
-7.238682  -0.002034488  -33.770294
-6.7775383  -0.0015746959  -31.923082
-6.555954  -0.0012866305  -31.034264
-6.7761035  -0.00111037  -31.919506
-7.2370567  -0.0009034913  -33.764206
-7.671608  -0.00068180327  -35.50023
-7.896097  -0.00053586345  -36.383263
-7.079461  -0.00084031245  -33.10889
-5.72513  -0.0009898865  -27.674316
-4.725167  -0.0008088495  -23.646008
-3.1593945  -0.00023867658  -17.238016
-2.153516  0.00025496198  -12.938047
-0.9010415  0.0011938111  -6.96887
-0.35239744  0.0021312658  -3.69767
-0.014773369  0.0018501959  -0.5604973
0.0  0.0  0.0
0.0  0.0  0.0
0.0  0.0  0.0
-5.5811286  -0.0010100625  -27.099705
-5.6164875  -0.000989393  -27.24113
-5.5969296  -0.0010220881  -27.16181
-5.619882  -0.0010653534  -27.250374
-0.03752184  -1.1365279e-05  -0.7504463
-2.8942554  -0.000107379834  -16.076897
-2.8598902  -0.0004031486  -15.934219
-4.5999904  -0.00080841745  -23.129145
-4.596363  -0.00066531944  -23.110107
-1.5939804  1.8033956e-05  -10.305382
-0.7871504  9.8141376e-05  -6.2166176
-0.13017797  -8.173345e-06  -1.7798853
-4.189104  -0.00060117024  -21.446583
-0.068656206  -0.002640407  -1.3195438
-0.35383153  -0.0018756918  -3.701806
-1.2717142  -0.00062514155  -8.85752
-2.6508193  -0.00035263575  -15.086164
-3.1636786  -0.0003916904  -17.248472
-4.210256  -0.0005857621  -21.551868
-4.7299895  -0.00073556043  -23.658337
-5.2383327  -0.0009189267  -25.709524
-6.200114  -0.001378768  -29.577286
-6.650311  -0.0016781425  -31.384987
0.0  0.0  0.0
-7.898534  -0.00273541  -36.393326
-7.897398  -0.0027256538  -36.39657
-7.820509  -0.0026469165  -36.092243
-7.6734915  -0.002492818  -35.507706
-7.238682  -0.002034488  -33.770294
-6.7775383  -0.0015746959  -31.923082
-6.616701  -0.0014122756  -31.278297
-6.555954  -0.0012866305  -31.034264
-6.615964  -0.0011954354  -31.276165
-6.7761035  -0.00111037  -31.919506
-7.2370567  -0.0009034913  -33.764206
-7.671608  -0.00068180327  -35.50023
-7.818289  -0.00058507244  -36.083603
-7.8953934  -0.0005408793  -36.38704
-7.896097  -0.00053586345  -36.383263
-6.646305  -0.00094088004  -31.372929
-6.1956654  -0.0009947473  -29.56495
-5.233325  -0.0009291498  -25.696976
-4.725167  -0.0008088495  -23.646008
-4.205536  -0.0006454658  -21.540016
-3.1593945  -0.00023867658  -17.238016
-2.6469  -5.2672112e-06  -15.076531
-1.2696557  0.00083800196  -8.85171
-0.35239744  0.0021312658  -3.69767
-0.068715096  0.0026486022  -1.3203754
0.0  0.0  0.0
0.0022494793  -0.0008008722  -0.119874954
-0.01448369  -0.0018820737  -0.56132126
-0.1785419  -0.0026557464  -2.3772144
-0.5950663  -0.0013375648  -5.243251
-0.9028475  -0.0009189781  -6.9739933
-1.6933059  -0.00044046054  -10.859334
-2.1567855  -0.00037058367  -12.946443
-3.686107  -0.00045885702  -19.409977
-5.729934  -0.00111926  -27.68674
-7.082658  -0.0020142125  -33.120358
-7.498746  -0.0023824037  -34.789883
-7.472165  -0.0022661316  -34.70557
-6.997266  -0.0017974551  -32.80337
-6.9954453  -0.001004346  -32.798065
-7.4707766  -0.000783907  -34.698563
0.0020461082  0.000796202  -0.1198349
-0.014773369  0.0018501959  -0.5604973
-0.17875433  0.002661796  -2.3786755
-0.59330463  0.0016343556  -5.2384205
-0.9010415  0.0011938111  -6.96887
-1.6906301  0.00052223494  -10.852425
-2.153516  0.00025496198  -12.938047
-3.6815312  -0.00045345776  -19.398674
-5.72513  -0.0009898865  -27.674316
-7.079461  -0.00084031245  -33.10889
-7.4954042  -0.00069121405  -34.778893
0.0  0.0  0.0
0.0  0.0  0.0
0.0  0.0  0.0
0.0  0.0  0.0
0.0  0.0  0.0
-6.1295447  -0.0011910932  -29.313751
-6.1262436  -0.0011401136  -29.300182
-6.2401514  -0.0011061815  -29.75912
-6.244048  -0.0012951446  -29.771997
-7.264576  -0.0021619713  -33.858017
-7.261812  -0.00079064944  -33.84813
-7.0959864  -0.0020109515  -33.18474
-7.0932894  -0.0008550541  -33.175545
-6.4405994  -0.0010551931  -30.564487
-6.4433312  -0.0014461455  -30.571388
-6.891172  -0.000923928  -32.368084
-6.89382  -0.0018240656  -32.37669
-6.6550646  -0.0009948702  -31.423628
-6.657731  -0.0016224369  -31.431004
-5.691098  -0.0009880356  -27.539877
-5.6948233  -0.0011052489  -27.550041
-5.197042  -0.00092168537  -25.549355
-5.2007  -0.00089282077  -25.558365
-6.271053  -0.0014109887  -29.869293
-6.2675  -0.0009963276  -29.859478
-3.0275009  -0.00019979893  -16.655577
-3.023169  -0.00036435848  -16.642872
-4.682184  -0.0007002561  -23.461311
-4.6793923  -0.00081115915  -23.456287
-2.5014162  -6.51883e-05  -14.413968
-2.4931307  -0.00023786248  -14.382979
-3.5705812  -0.0003613381  -18.91918
-3.5723095  -0.0005032677  -18.931973
-4.1253405  -0.00052685733  -21.196995
-4.1268206  -0.0006671208  -21.209087
-1.9960066  7.459437e-05  -12.189191
-1.9914235  -0.00014125239  -12.173176
-1.526462  -9.5787866e-05  -10.030879
-1.5283778  0.00020989773  -10.036186
-0.484509  0.00010686566  -4.4784136
-0.4827354  0.00014655953  -4.4742565
-0.7666695  0.00026822308  -6.1553926
-0.7648766  -1.9827276e-06  -6.150607
-1.1138444  -5.0866307e-05  -8.009484
-1.1159585  0.0002808035  -8.01446
-0.27076244  0.00039372485  -3.019229
-0.27125955  -0.00026181425  -3.0195227
-0.0050184727  0.00021702921  -0.2282486
-0.0049402714  -0.00020182894  -0.22877693
-0.12637329  -0.0005693436  -1.813962
-0.12689567  0.00059047074  -1.8175659
-0.04318261  -0.0003917305  -0.8988323
-0.043168306  0.00039428772  -0.90053177
-0.0074374676  0.00018051101  -0.18510818
-0.007364273  -0.00017903846  -0.18613434
-6.6223984  -0.0016499513  -31.278355
-0.08152914  -7.800033e-05  -1.294405
-0.08210635  5.5988785e-05  -1.296463
-6.0926266  -0.0010204753  -29.159147
-6.0953035  -0.0012951633  -29.166702
-0.1966734  -4.6247733e-06  -2.3757753
-0.19680429  4.1068473e-05  -2.374669
-0.377764  0.00028391063  -3.7316322
-0.3771417  -0.0001415642  -3.7297735
-0.9508467  0.0004339829  -7.1192665
-0.9496794  -0.00023226804  -7.1162357
-1.3441265  -0.00022312041  -9.119297
-1.3449924  0.00034938808  -9.120889
-0.62948585  0.00042617394  -5.3235683
-0.62840056  -0.00021833737  -5.320857
-1.8172076  0.00020694922  -11.351597
-1.8137517  -0.00022556167  -11.338915
-2.3473275  5.2180287e-05  -13.722433
-2.3250933  -0.00029583165  -13.628498
-4.016383  -0.0004615371  -20.74421
-4.0366073  -0.0006685845  -20.831142
-4.596363  -0.00066531944  -23.110107
-4.5999904  -0.00080841745  -23.129145
-3.4442391  -0.00028268166  -18.384384
-3.4442556  -0.00052232295  -18.387455
-2.8942554  -0.000107379834  -16.076897
-2.8598902  -0.0004031486  -15.934219
-5.2299986  -0.00089465897  -25.676882
-5.2251024  -0.00094491953  -25.661259
-5.6164875  -0.000989393  -27.24113
-5.619882  -0.0010653534  -27.250374
-5.8686705  -0.0010393829  -28.259897
-5.87368  -0.0011588023  -28.276413
-0.03752184  -1.1365279e-05  -0.7504463
-0.028511286  -0.000115263596  -0.6066456
-5.5811286  -0.0010100625  -27.099705
-5.5969296  -0.0010220881  -27.16181
-5.585854  -0.0010156579  -27.117626
-6.6186485  -0.0009514914  -31.267975
-0.028602839  0.00011151962  -0.6065159
-0.13017797  -8.173345e-06  -1.7798853
-0.28092003  3.6857673e-05  -3.0271235
-0.49862742  8.105562e-05  -4.5119724
-1.1475656  7.529059e-05  -8.129513
-0.7871504  9.8141376e-05  -6.2166176
-1.5939804  1.8033956e-05  -10.305382
-2.1780875  -9.505614e-05  -12.968483
-4.4913406  -0.00064104144  -22.6805
-4.50999  -0.0007773908  -22.75926
-2.767065  -0.00015991711  -15.527432
-3.864353  -0.0004512577  -20.11569
-3.9447758  -0.0006118516  -20.447388
-3.3186977  -0.00029259466  -17.85509
-3.240622  -0.00040609084  -17.528996
-4.9984994  -0.0008080295  -24.74002
-4.9830933  -0.0008908082  -24.68043
-5.055079  -0.00084798044  -24.96932
-4.9769087  -0.0008654505  -24.65357
-3.7129672  -0.00047029933  -19.49053
-2.6678257  -0.00029655098  -15.104581
-4.189104  -0.00060117024  -21.446583
-4.635632  -0.0007377515  -23.267593
-4.449944  -0.0007163101  -22.512308
