-0.03194332  -0.0036090366  0.82274055
-0.85485935  -0.005049307  5.6516495
-2.3551607  -0.0042118155  10.926939
-6.2384143  -0.0035354581  20.937521
-9.67856  -0.003229549  28.351027
-15.427664  -0.004162686  39.61708
-19.282434  -0.0070679937  46.805016
-24.66402  -0.015826749  56.60469
0.0  0.0  0.0
-27.96237  -0.02288179  62.54223
-26.800192  -0.01600226  60.771843
-24.962673  -0.01096078  57.567657
-23.08406  -0.007621662  54.207222
-22.198751  -0.006615208  52.600914
-23.078928  -0.006184449  54.20053
-24.952282  -0.004122961  57.55379
-26.783453  -0.00042181625  60.75079
-27.935768  0.005523004  62.509827
-24.643892  0.0007754201  56.578552
-19.270002  -0.004281266  46.787804
-15.419339  -0.0045922464  39.60398
-9.672182  -0.0016729814  28.341248
-6.2335043  0.0007157144  20.929434
-2.352107  0.0035557845  10.920786
-0.8515587  0.0051119295  5.644827
-0.03243065  0.003485682  0.8229656
0.0  0.0  0.0
0.0  0.0  0.0
0.0  0.0  0.0
-18.552746  -0.0055637034  45.65379
-18.75183  -0.0053015803  45.94897
-18.610167  -0.0052766036  45.761818
-18.760134  -0.0056529623  45.96151
-0.07836056  -4.23484e-05  1.077467
-8.749638  -0.0017202777  26.319742
-8.633827  -0.0026237762  26.076302
-14.904553  -0.004649782  38.655956
-14.885135  -0.003732119  38.61712
-4.4387083  -0.0009434009  16.452232
-2.0185137  -0.00031191995  9.658344
-0.28822803  -5.1488867e-05  2.6165009
-13.370822  -0.0036080186  35.68062
-0.15644455  -0.0050633275  1.968338
-0.85485935  -0.005049307  5.6516495
-3.4410133  -0.003961847  14.039913
-7.896037  -0.0033273876  24.607176
-9.67856  -0.003229549  28.351027
-13.475666  -0.0035352295  35.889843
-15.427664  -0.004162686  39.61708
-17.371216  -0.005282521  43.26716
-21.134567  -0.009457324  50.20246
-22.927504  -0.01244209  53.46414
0.0  0.0  0.0
-27.96237  -0.02288179  62.54223
-27.858837  -0.0209134  62.48305
-27.46163  -0.018587861  61.875504
-26.800192  -0.01600226  60.771843
-24.962673  -0.01096078  57.567657
-23.08406  -0.007621662  54.207222
-22.440731  -0.006885195  53.041344
-22.198751  -0.006615208  52.600914
-22.438282  -0.006500767  53.037994
-23.078928  -0.006184449  54.20053
-24.952282  -0.004122961  57.55379
-26.783453  -0.00042181625  60.75079
-27.441923  0.0016915211  61.851135
-27.835888  0.003702443  62.454483
-27.935768  0.005523004  62.509827
-22.91042  -0.0013909391  53.441273
-21.119957  -0.0031444333  50.182556
-17.360878  -0.0047842804  43.252068
-15.419339  -0.0045922464  39.60398
-13.467963  -0.0038760565  35.877808
-9.672182  -0.0016729814  28.341248
-7.890127  -0.000483396  24.598156
-3.437746  0.0027592937  14.033493
-0.8515587  0.0051119295  5.644827
-0.15601826  0.005012916  1.9665661
0.0  0.0  0.0
0.0035476685  -0.0013841097  0.17713547
-0.03194332  -0.0036090366  0.82274055
-0.41637135  -0.005791013  3.584423
-1.4943743  -0.00454864  8.113152
-2.3551607  -0.0042118155  10.926939
-4.742734  -0.0037322766  17.39566
-6.2384143  -0.0035354581  20.937521
-11.549489  -0.0032416845  32.123924
-19.282434  -0.0070679937  46.805016
-24.66402  -0.015826749  56.60469
-26.342129  -0.01933008  59.630314
-25.938889  -0.013398802  59.28495
-23.972433  -0.008997119  55.804234
-23.964945  -0.0054050577  55.794296
-25.925428  -0.0023875134  59.267197
0.0030517578  0.0013739602  0.1764965
-0.03243065  0.003485682  0.8229656
-0.41644764  0.0056135436  3.584032
-1.4913502  0.0043235044  8.107052
-2.352107  0.0035557845  10.920786
-4.738904  0.0017852252  17.388805
-6.2335043  0.0007157144  20.929434
-11.542572  -0.002848607  32.113148
-19.270002  -0.004281266  46.787804
-24.643892  0.0007754201  56.578552
-26.319006  0.0031140712  59.601738
0.0  0.0  0.0
0.0  0.0  0.0
0.0  0.0  0.0
0.0  0.0  0.0
0.0  0.0  0.0
-20.600647  -0.006076253  49.56076
-20.587513  -0.006074302  49.536575
-21.044325  -0.006042151  50.367348
-21.056572  -0.0064257784  50.388466
-25.28328  -0.015161401  57.867386
-25.265717  -0.0002650083  57.84437
-24.563873  -0.013071151  56.621376
-24.54858  -0.0018457834  56.601387
-21.848423  -0.0056567527  51.824257
-21.856033  -0.007346065  51.835182
-23.69719  -0.0034713715  55.11459
-23.709333  -0.010813969  55.131035
-22.72451  -0.004792555  53.389153
-22.734201  -0.008814214  53.402092
-19.078125  -0.004930475  46.508087
-19.087383  -0.006261832  46.52149
-17.181932  -0.0050270353  42.962193
-17.188807  -0.0048940987  42.97212
-21.320929  -0.008458691  50.666817
-21.309387  -0.0042292424  50.651047
-9.209726  -0.0022020647  27.322954
-9.200611  -0.002416173  27.306776
-15.224541  -0.0039435653  39.251404
-15.222154  -0.0046609994  39.249508
-7.400436  -0.0017579683  23.45269
-7.3768644  -0.001777224  23.404367
-11.135358  -0.0027047868  31.263338
-11.14863  -0.0031324353  31.292345
-13.1539135  -0.0032484275  35.25674
-13.167226  -0.0039467844  35.285072
-5.7228413  -0.0013047215  19.648201
-5.711347  -0.0012292368  19.624716
-4.2298756  -0.00085973926  16.00132
-4.2336025  -0.00078708027  16.007545
-1.1918831  -0.00022876752  6.8679905
-1.1887999  9.7048935e-05  6.862747
-1.9670563  -0.00014650286  9.577156
-1.963295  -0.00031221146  9.570456
-2.9743967  -0.00057756784  12.627119
-2.9783325  -0.00038371678  12.633106
-0.6393652  0.0006052251  4.560396
-0.63976383  -0.00070086494  4.5602016
-0.00998497  0.0006958484  0.32513237
-0.009914398  -0.0007102876  0.3275509
-0.2866478  -0.00094868266  2.6972237
-0.28689194  0.0009052013  2.699955
-0.09350872  -0.00047515798  1.3133583
-0.093541145  0.00043242518  1.3160686
-0.013691902  0.00047407066  0.25757408
-0.013810158  -0.0004899078  0.25886345
-22.729452  -0.010771928  53.215633
-0.17633057  -2.082577e-05  1.8900719
-0.1767788  -5.169725e-05  1.892456
-20.569626  -0.005212422  49.35878
-20.57769  -0.006968602  49.370193
-0.44884872  -0.0001853318  3.539709
-0.44936562  7.1560964e-05  3.5391827
-0.90579414  0.00033493876  5.661684
-0.9054308  -0.0005561805  5.6607704
-2.4906416  0.00031936914  11.1441
-2.488556  -0.0011390403  11.140755
-3.6653614  -0.0013587349  14.464972
-3.6667414  -5.643023e-05  14.4661255
-1.5798073  0.00045939488  8.211691
-1.5781403  -0.0008756949  8.208708
-5.14786  -0.0006332784  18.222488
-5.138814  -0.0016020715  18.203218
-6.886314  -0.0011619609  22.264742
-6.814098  -0.0020999233  22.106144
-12.7473955  -0.0029798066  34.45452
-12.82623  -0.00396299  34.611683
-14.885135  -0.003732119  38.61712
-14.904553  -0.004649782  38.655956
-10.683134  -0.0023314417  30.327253
-10.687372  -0.0032216408  30.336508
-8.749638  -0.0017202777  26.319742
-8.633827  -0.0026237762  26.076302
-17.260498  -0.0047147297  43.155457
-17.247845  -0.005245943  43.132656
-18.75183  -0.0053015803  45.94897
-18.760134  -0.0056529623  45.96151
-19.67336  -0.0056189112  47.73253
-19.688797  -0.0059538335  47.758987
-0.07836056  -4.23484e-05  1.077467
-0.057213783  -0.0005299845  0.87433815
-18.552746  -0.0055637034  45.65379
-18.610167  -0.0052766036  45.761818
-18.554688  -0.0053991163  45.67511
-22.715313  -0.0028880732  53.19706
-0.056679726  0.00048296852  0.87140083
-0.28822803  -5.1488867e-05  2.6165009
-0.6563091  -8.871965e-05  4.545908
-1.2227707  -0.00016652141  6.8994064
-3.0692291  -0.00057567144  12.8106575
-2.0185137  -0.00031191995  9.658344
-4.4387083  -0.0009434009  16.452232
-6.3244047  -0.0014952284  20.973297
-14.483571  -0.0037145778  37.85095
-14.556978  -0.0044494425  37.993347
-8.311239  -0.0018396977  25.368927
-12.190674  -0.0029572423  33.349102
-12.483598  -0.0036674973  33.931366
-10.2368145  -0.0023633866  29.403732
-9.962223  -0.002769496  28.8377
-16.371155  -0.004330132  41.484493
-16.317543  -0.0050046993  41.38254
-16.571306  -0.0046025123  41.881832
-16.281055  -0.0047889794  41.325592
-11.643846  -0.0030726248  32.255177
-7.9719963  -0.0022679602  24.640642
-13.370822  -0.0036080186  35.68062
-15.012514  -0.004150797  38.8813
-14.329007  -0.004115396  37.55385
