0.0017955039  -0.0009445094  0.112588465
-0.008773933  -0.0010056801  0.73960495
-0.023588149  -0.001025339  1.3351605
-0.046935152  -0.0011339805  2.2329082
-0.056980908  -0.0010397023  2.7178688
-0.06297297  -0.000845319  3.21584
-0.06257589  -0.001869672  3.4212112
-0.058092535  -0.0066831075  3.6089482
0.0  0.0  0.0
-0.05423722  -0.011119206  3.6949492
-0.06540822  -0.009056106  3.7933803
-0.07030511  -0.006177546  3.7868161
-0.07315501  -0.0033838481  3.7456987
-0.07407415  -0.0011458579  3.717518
-0.07350949  0.0010028332  3.7477329
-0.07117207  0.0036106645  3.790742
-0.06667613  0.0063208193  3.799107
-0.05610166  0.008266542  3.703586
-0.059815478  0.004151945  3.6162586
-0.06370448  -0.00016284955  3.4268038
-0.063974455  -0.0008414272  3.2203677
-0.057661016  -9.986898e-05  2.7208939
-0.047476124  0.00032452797  2.2350311
-0.023935813  0.0006318294  1.3361413
-0.008764159  0.0008184891  0.73926663
0.001518116  0.00086640264  0.11355066
0.0  0.0  0.0
0.0  0.0  0.0
0.0  0.0  0.0
-0.07001663  -0.000740933  3.4662678
-0.06774274  -0.0004305399  3.4481616
-0.069712006  -0.0012424991  3.4684243
-0.06710762  -0.0015612933  3.4447525
0.0012685147  -1.5749072e-05  0.15371236
-0.05472919  -0.00071617897  2.579176
-0.054674663  -0.00030879193  2.5656245
-0.06553298  -0.00086004136  3.1975434
-0.065063596  -0.00077394483  3.1935725
-0.037464954  -0.00029286658  1.8457159
-0.020047707  -0.0001511488  1.1899748
-0.0017938216  -3.3407006e-05  0.35954446
-0.06411419  -0.000732864  3.073268
0.00021032675  -0.0010357425  0.2678794
-0.008773933  -0.0010056801  0.73960495
-0.031993326  -0.0010698701  1.6461431
-0.05264526  -0.0011157354  2.4907148
-0.056980908  -0.0010397023  2.7178688
-0.06196583  -0.00081654673  3.0784647
-0.06297297  -0.000845319  3.21584
-0.063149735  -0.0011585716  3.3296406
-0.061455198  -0.0030896151  3.4963202
-0.05992757  -0.004709038  3.557416
0.0  0.0  0.0
-0.05423722  -0.011119206  3.6949492
-0.058216147  -0.010881046  3.7428613
-0.062000334  -0.010181121  3.7757115
-0.06540822  -0.009056106  3.7933803
-0.07030511  -0.006177546  3.7868161
-0.07315501  -0.0033838481  3.7456987
-0.07377369  -0.0022092378  3.7255468
-0.07407415  -0.0011458579  3.717518
-0.07393325  -0.00011391443  3.7266657
-0.07350949  0.0010028332  3.7477329
-0.07117207  0.0036106645  3.790742
-0.06667613  0.0063208193  3.799107
-0.06343788  0.007380803  3.78236
-0.059999947  0.008033805  3.7504957
-0.05610166  0.008266542  3.703586
-0.061408445  0.0023391587  3.5642183
-0.0627969  0.00088046864  3.5024521
-0.064230055  -0.0007121876  3.3346827
-0.063974455  -0.0008414272  3.2203677
-0.06287157  -0.00068376865  3.0825818
-0.057661016  -9.986898e-05  2.7208939
-0.053258307  0.000149987  2.493225
-0.03238726  0.0005540026  1.6475925
-0.008764159  0.0008184891  0.73926663
0.00014607853  0.0009556095  0.2685607
0.0  0.0  0.0
0.0008597921  -0.00062743796  0.023262292
0.0017955039  -0.0009445094  0.112588465
-0.0033713924  -0.0010503603  0.4797822
-0.015581863  -0.000998985  1.0284235
-0.023588149  -0.001025339  1.3351605
-0.03995598  -0.0011134285  1.948765
-0.046935152  -0.0011339805  2.2329082
-0.060026698  -0.00091505435  2.9133105
-0.06257589  -0.001869672  3.4212112
-0.058092535  -0.0066831075  3.6089482
-0.05622632  -0.008900523  3.6545799
-0.06804786  -0.0076680942  3.796222
-0.07196207  -0.004726569  3.7683456
-0.072633095  0.0022628726  3.771389
-0.06926101  0.0050172056  3.8010204
0.00085397396  0.0005993276  0.023280174
0.001518116  0.00086640264  0.11355066
-0.0035190773  0.0009207574  0.4811739
-0.015883109  0.0007136791  1.0288576
-0.023935813  0.0006318294  1.3361413
-0.04047173  0.0004539881  1.9506644
-0.047476124  0.00032452797  2.2350311
-0.060812574  -0.0004044847  2.9169154
-0.06370448  -0.00016284955  3.4268038
-0.059815478  0.004151945  3.6162586
-0.057929907  0.0062096943  3.662469
0.0  0.0  0.0
0.0  0.0  0.0
0.0  0.0  0.0
0.0  0.0  0.0
0.0  0.0  0.0
-0.07230319  -0.0013823188  3.6088004
-0.07243628  -0.00077583344  3.6087103
-0.07211716  -0.00013892632  3.625067
-0.071793385  -0.002060899  3.623777
-0.061970994  -0.007339376  3.6842043
-0.0635241  0.0047463835  3.6906302
-0.06433779  -0.006359661  3.6849127
-0.06566375  0.0038356385  3.6905122
-0.071227856  0.00069216464  3.6510746
-0.070607804  -0.002960075  3.648261
-0.06798563  0.0027548284  3.686199
-0.06691431  -0.0051955143  3.6813028
-0.06983536  0.001659065  3.6700778
-0.06894294  -0.004007768  3.6661377
-0.066316575  -0.00026047422  3.4466066
-0.06534759  -0.0017587387  3.4420953
-0.06601309  -0.000745865  3.3418767
-0.06513551  -0.0011020983  3.3378465
-0.06545973  -0.0031375194  3.5523899
-0.06655025  0.0009121832  3.5571976
-0.05591205  -0.0008708132  2.6471376
-0.05633171  -0.00021323172  2.6487157
-0.06429096  -0.0007990767  3.211129
-0.06501817  -0.00086603465  3.2148924
-0.050787184  -0.0008818611  2.3995001
-0.051139105  -2.2772234e-05  2.398614
-0.059721626  -0.00081259245  2.863924
-0.060299613  -0.0004685138  2.8683193
-0.06246966  -0.00075041666  3.0514467
-0.0631181  -0.0007206747  3.0561016
-0.0442528  -0.0008487889  2.1194663
-0.044597376  0.00010739203  2.1197472
-0.036839135  0.0002125653  1.8164043
-0.03655093  -0.00079287664  1.8152229
-0.012250835  -0.0006624398  0.88124275
-0.012371909  0.000454403  0.88125706
-0.019796064  -0.00067715615  1.1847217
-0.019949432  0.00036688044  1.1849959
-0.02838406  0.0002943221  1.5004725
-0.02816125  -0.0007319887  1.4996886
-0.005919054  0.0005365077  0.60467607
-0.0058151307  -0.0006662278  0.6041685
0.0011878358  -0.00038008147  0.04515356
0.0011472097  0.00036401523  0.045402408
-0.0016674709  -0.0006694031  0.3667923
-0.001730931  0.0005891273  0.36794105
0.00023075123  -0.0006164368  0.18260208
6.648735e-05  0.0005628454  0.18343967
-0.0015477526  -0.000110349385  0.036945105
-0.0012527029  0.000100434874  0.03734219
-0.06372136  -0.00444847  3.59542
-0.0005620646  -0.0003354969  0.2624045
-0.0006341671  0.00028121413  0.26300585
-0.06870338  0.00029074843  3.552048
-0.06792805  -0.0024456675  3.5483859
-0.0035271859  0.0002529752  0.4781607
-0.0034748116  -0.0003439833  0.47789663
-0.008843716  -0.00036000507  0.7389295
-0.008964107  0.000202758  0.73915863
-0.0241541  -0.00042709731  1.345892
-0.024250573  6.309204e-05  1.3461545
-0.032905918  -9.217998e-06  1.6700944
-0.032729376  -0.00049801444  1.6693647
-0.015976524  -0.00038210023  1.0329099
-0.016060684  0.00013286615  1.0330734
-0.04129142  -0.0005717903  1.9971411
-0.041422643  -9.327504e-05  1.99672
-0.048826806  -0.00065157627  2.3079414
-0.048831042  -0.00018466977  2.298196
-0.062569804  -0.00072246627  3.0156622
-0.06309128  -0.0007134865  3.0251315
-0.065063596  -0.00077394483  3.1935725
-0.06553298  -0.00086004136  3.1975434
-0.059155237  -0.00073090906  2.810642
-0.059490845  -0.00050567265  2.8127477
-0.05472919  -0.00071617897  2.579176
-0.054674663  -0.00030879193  2.5656245
-0.067072995  -0.0010713344  3.3614085
-0.06759307  -0.0007806334  3.3635557
-0.06774274  -0.0004305399  3.4481616
-0.06710762  -0.0015612933  3.4447525
-0.069755346  -0.00029542102  3.5220034
-0.06917879  -0.0017825686  3.519982
0.0012685147  -1.5749072e-05  0.15371236
-0.0004924913  0.00026221987  0.12452033
-0.07001663  -0.000740933  3.4662678
-0.069712006  -0.0012424991  3.4684243
-0.07047583  -0.0009846026  3.4729466
-0.06491808  0.0020904217  3.6010544
-0.00043535163  -0.0002944043  0.124150544
-0.0017938216  -3.3407006e-05  0.35954446
-0.006010246  -5.9554877e-05  0.6044879
-0.012452216  -9.9192606e-05  0.88441074
-0.028593648  -0.00021643777  1.5109237
-0.020047707  -0.0001511488  1.1899748
-0.037464954  -0.00029286658  1.8457159
-0.046611413  -0.00039183075  2.2107644
-0.065368704  -0.0007625867  3.166751
-0.06562445  -0.00083482557  3.1737008
-0.053528767  -0.00055399426  2.5160797
-0.062089227  -0.00070283137  2.9634593
-0.062777124  -0.00069315673  2.9924698
-0.05840662  -0.0006445664  2.7579696
-0.05791491  -0.0005330731  2.7263942
-0.06726527  -0.0009087383  3.3098278
-0.06747543  -0.0008598682  3.3075492
-0.06819225  -0.00090545014  3.3303695
-0.06793979  -0.00087899016  3.309668
-0.061289243  -0.0006702737  2.9093425
-0.052615523  -0.00039201466  2.4696333
-0.06411419  -0.000732864  3.073268
-0.06630815  -0.0008284885  3.2117758
-0.06552821  -0.0008083971  3.1561122
