-0.02481842  -0.0030893686  0.7282181
-0.6782379  -0.004442471  5.049629
-1.8674402  -0.003453561  9.787138
-4.8987727  -0.0023865148  18.776634
-7.5284953  -0.0020163383  25.418612
-11.820993  -0.0023289665  35.46625
-14.636927  -0.003170506  41.84022
-18.501034  -0.005394011  50.48168
0.0  0.0  0.0
-20.846287  -0.0071615675  55.700203
-20.127987  -0.005923703  54.228203
-18.854954  -0.004733259  51.438553
-17.524979  -0.0037993297  48.490135
-16.892017  -0.0035223546  47.07692
-17.524704  -0.0035060425  48.488304
-18.854399  -0.0031192254  51.4346
-20.126862  -0.002450593  54.222145
-20.844063  -0.0015021698  55.690605
-18.499596  -0.002291841  50.4737
-14.636068  -0.0029154685  41.834797
-11.820541  -0.0025800958  35.461983
-7.526888  -0.0010608818  25.414253
-4.8969617  0.00043609063  18.772419
-1.8658223  0.002873343  9.7831
-0.6760216  0.0044343583  5.0442944
-0.025094032  0.003021421  0.72822
0.0  0.0  0.0
0.0  0.0  0.0
0.0  0.0  0.0
-14.179197  -0.0030627083  40.87921
-14.299313  -0.0030559213  41.122147
-14.219758  -0.002854738  40.97294
-14.300524  -0.0028966013  41.127007
-0.062586784  -2.5307178e-05  0.9663925
-6.8246484  -0.0009797286  23.606878
-6.737559  -0.0017987326  23.390564
-11.458741  -0.0026394965  34.63362
-11.441704  -0.0021150932  34.59558
-3.505806  -0.0006993852  14.761605
-1.6074686  -0.00027660257  8.663113
-0.23236942  -5.1322393e-05  2.345686
-10.318842  -0.0020869938  31.982824
-0.12251568  -0.004512036  1.7475224
-0.6782379  -0.004442471  5.049629
-2.7222347  -0.0030657202  12.583777
-6.172161  -0.0021455693  22.066898
-7.5284953  -0.0020163383  25.418612
-10.376782  -0.00211081  32.1493
-11.820993  -0.0023289665  35.46625
-13.246977  -0.0026828567  38.707077
-15.974773  -0.0038051852  44.84192
-17.26134  -0.0045561865  47.71744
0.0  0.0  0.0
-20.846287  -0.0071615675  55.700203
-20.815468  -0.006876581  55.681435
-20.569363  -0.006459138  55.175934
-20.127987  -0.005923703  54.228203
-18.854954  -0.004733259  51.438553
-17.524979  -0.0037993297  48.490135
-17.065022  -0.0035818554  47.464207
-16.892017  -0.0035223546  47.07692
-17.064922  -0.0035352875  47.463272
-17.524704  -0.0035060425  48.488304
-18.854399  -0.0031192254  51.4346
-20.126862  -0.002450593  54.222145
-20.567799  -0.0020948416  55.168602
-20.813637  -0.0017786686  55.67279
-20.844063  -0.0015021698  55.690605
-17.26017  -0.0026143058  47.710545
-15.97381  -0.0028380337  44.83587
-13.246265  -0.002829833  38.702133
-11.820541  -0.0025800958  35.461983
-10.37585  -0.0021815696  32.14493
-7.526888  -0.0010608818  25.414253
-6.1702003  -0.00035410258  22.062386
-2.7207904  0.002093307  12.580072
-0.6760216  0.0044343583  5.0442944
-0.122406006  0.004452214  1.7468166
0.0  0.0  0.0
0.0024719238  -0.0012110185  0.15397835
-0.02481842  -0.0030893686  0.7282181
-0.3289833  -0.0051193475  3.194769
-1.1861134  -0.0039180336  7.259268
-1.8674402  -0.003453561  9.787138
-3.7394028  -0.0027111294  15.597746
-4.8987727  -0.0023865148  18.776634
-8.938627  -0.002003224  28.790478
-14.636927  -0.003170506  41.84022
-18.501034  -0.005394011  50.48168
-19.695992  -0.006280204  53.142258
-19.53621  -0.0053260205  52.9374
-18.156494  -0.0042056004  49.89332
-18.156166  -0.0033560635  49.89039
-19.53547  -0.0028028921  52.932297
0.002450943  0.0011971453  0.15358543
-0.025094032  0.003021421  0.72822
-0.32923508  0.0049411966  3.1952019
-1.1843452  0.0036557065  7.254629
-1.8658223  0.002873343  9.7831
-3.7380605  0.0012683803  15.594038
-4.8969617  0.00043609063  18.772419
-8.93737  -0.0016684436  28.786171
-14.636068  -0.0029154685  41.834797
-18.499596  -0.002291841  50.4737
-19.694075  -0.0019047468  53.133553
0.0  0.0  0.0
0.0  0.0  0.0
0.0  0.0  0.0
0.0  0.0  0.0
0.0  0.0  0.0
-15.703255  -0.0032541053  44.36427
-15.694644  -0.0032912842  44.34413
-16.022722  -0.0033384687  45.07673
-16.02908  -0.0033412706  45.09236
-18.991114  -0.005457813  51.630264
-18.989918  -0.0024399993  51.623287
-18.495813  -0.0049990984  50.547737
-18.49477  -0.002697486  50.541656
-16.59835  -0.0033154709  46.360424
-16.599428  -0.0035998952  46.364914
-17.90323  -0.0029642174  49.245323
-17.903866  -0.0044818046  49.25007
-17.218533  -0.0031801993  47.733772
-17.219097  -0.003986892  47.737827
-14.521507  -0.0030051959  41.605846
-14.521887  -0.0030380515  41.609818
-13.13195  -0.002861014  38.457817
-13.13172  -0.0026007076  38.46
-16.150627  -0.0037020273  45.28399
-16.149921  -0.0030197427  45.2791
-7.1733522  -0.0013135576  24.501987
-7.168608  -0.001607681  24.490515
-11.683409  -0.002229077  35.15168
-11.685854  -0.0026217864  35.15545
-5.7923822  -0.0010520928  21.035347
-5.7759576  -0.0012830029  20.994476
-8.630061  -0.0016014555  28.026188
-8.642822  -0.0019329209  28.055836
-10.143719  -0.0019032125  31.591782
-10.157076  -0.0022872982  31.621635
-4.500312  -0.00079598755  17.623798
-4.492697  -0.0009709186  17.604588
-3.3415155  -0.0007138697  14.352241
-3.3435693  -0.00052124634  14.356278
-0.94917107  -0.00029469223  6.1501102
-0.9470358  0.00012631738  6.14542
-1.563601  -0.00015884673  8.582203
-1.5609198  -0.00026503124  8.576769
-2.3582172  -0.0005052872  11.321986
-2.3606048  -0.0002812692  11.326563
-0.5095568  0.0006108659  4.0793686
-0.5100908  -0.00070315856  4.07909
-0.0073451996  0.00058524497  0.28948402
-0.007370949  -0.0005909777  0.29073715
-0.22848988  -0.0008990196  2.4091053
-0.22870255  0.0008306368  2.4123173
-0.07497311  -0.0004367769  1.1713715
-0.075255394  0.0003931909  1.1738243
-0.010368347  0.0003974575  0.2311058
-0.010116577  -0.00041327032  0.23275185
-17.156706  -0.0042933137  47.52771
-0.14169884  -2.1743122e-05  1.6926689
-0.14187908  -4.7571375e-05  1.6949863
-15.636225  -0.0031559493  44.153015
-15.636509  -0.0033561573  44.156075
-0.35945415  -0.00015940366  3.1715965
-0.359519  3.750983e-05  3.1706219
-0.7243452  0.00024582306  5.074198
-0.72360706  -0.00045074278  5.0729084
-1.9790864  0.00028091855  9.99468
-1.9775171  -0.0009690738  9.991789
-2.901679  -0.0011075917  12.976648
-2.9023867  1.624925e-05  12.9772215
-1.2594852  0.00036130683  7.362398
-1.2581668  -0.0007455478  7.359789
-4.0561724  -0.00035326637  16.348227
-4.0496306  -0.0012479969  16.33179
-5.398588  -0.00066407456  19.973562
-5.3439345  -0.0015259717  19.832556
-9.845255  -0.0017167167  30.88155
-9.906583  -0.0023516673  31.024809
-11.441704  -0.0021150932  34.59558
-11.458741  -0.0026394965  34.63362
-8.29172  -0.0013383387  27.193232
-8.296629  -0.0020406616  27.203886
-6.8246484  -0.0009797286  23.606878
-6.737559  -0.0017987326  23.390564
-13.203596  -0.0025542532  38.638332
-13.197567  -0.0029367467  38.62258
-14.299313  -0.0030559213  41.122147
-14.300524  -0.0028966013  41.127007
-14.994608  -0.0031749248  42.720192
-15.00209  -0.0030740476  42.73913
-0.062586784  -2.5307178e-05  0.9663925
-0.045921326  -0.00043100212  0.7816429
-14.179197  -0.0030627083  40.87921
-14.219758  -0.002854738  40.97294
-14.185944  -0.0029527415  40.901966
-17.155682  -0.0028434652  47.521988
-0.045793533  0.00039382256  0.7798481
-0.23236942  -5.1322393e-05  2.345686
-0.5264702  -8.673209e-05  4.0758457
-0.97741985  -0.0001557779  6.186821
-2.4352865  -0.00045972457  11.492862
-1.6074686  -0.00027660257  8.663113
-3.505806  -0.0006993852  14.761605
-4.9668775  -0.0010301557  18.81763
-11.149603  -0.0021062386  33.918625
-11.205184  -0.0025503458  34.046978
-6.491444  -0.001138967  22.757486
-9.430727  -0.0017056068  29.897732
-9.652342  -0.0021963173  30.419754
-7.955966  -0.0013956949  26.369743
-7.7484922  -0.0017616476  25.864126
-12.554155  -0.0024124165  37.15806
-12.516172  -0.0027981482  37.069656
-12.709235  -0.002560315  37.517593
-12.493945  -0.0026832228  37.02253
-9.020218  -0.0018269655  28.921331
-6.2323904  -0.0015413132  22.105356
-10.318842  -0.0020869938  31.982824
-11.547777  -0.0023554685  34.841095
-11.036786  -0.002361942  33.656162
