-0.008710384  -0.0011890109  0.43722343
-0.24489832  -0.00166154  3.0620136
-0.6729369  -0.00092757307  5.9639616
-1.7741184  0.00013307488  11.575279
-2.742958  0.00069083273  15.800718
-4.343751  0.0011543791  22.27602
-5.401211  0.001342312  26.411263
-6.8554225  0.001574497  32.030224
0.0  0.0  0.0
-7.7385225  0.0017254428  35.425636
-7.4666624  0.0019157898  34.459305
-6.986743  0.0018669382  32.641033
-6.485909  0.001696341  30.72204
-6.247568  0.0013723474  29.803547
-6.485115  0.0011181037  30.721596
-6.9856234  0.0010859044  32.64029
-7.4652205  0.001175364  34.458656
-7.736356  0.0014267694  35.424995
-6.853492  0.0013295134  32.028755
-5.399104  0.0011443268  26.409443
-4.3420258  0.001017943  22.274284
-2.7413545  0.0009782832  15.798842
-1.7729331  0.0011327849  11.574057
-0.67234564  0.0016041794  5.963854
-0.24410582  0.0020472487  3.0610628
-0.008929014  0.0011857217  0.4381256
0.0  0.0  0.0
0.0  0.0  0.0
0.0  0.0  0.0
-5.2289915  0.0011272435  25.786293
-5.2732162  0.0010862926  25.944654
-5.2446594  0.0013156857  25.846727
-5.2749157  0.0013636595  25.946953
-0.024561167  1.0698568e-05  0.60430145
-2.4874825  0.0009915387  14.659092
-2.4549518  0.0005315801  14.521566
-4.209028  0.0009442397  21.742544
-4.203533  0.0011860069  21.717594
-1.2740653  0.00047653023  9.080688
-0.58796597  0.00027217437  5.3063555
-0.08926988  4.8123766e-05  1.4501028
-3.785071  0.0010198194  20.034306
-0.044130564  -0.0018041134  1.0548639
-0.24489832  -0.00166154  3.0620136
-0.9817252  -0.0005633582  7.694743
-2.241837  0.00043696718  13.661321
-2.742958  0.00069083273  15.800718
-3.8031416  0.0010371581  20.130474
-4.343751  0.0011543791  22.27602
-4.878793  0.001250193  24.376925
-5.904438  0.0014135577  28.362011
-6.388728  0.0014906812  30.231926
0.0  0.0  0.0
-7.7385225  0.0017254428  35.425636
-7.72633  0.0018217749  35.41015
-7.6332455  0.001886088  35.078255
-7.4666624  0.0019157898  34.459305
-6.986743  0.0018669382  32.641033
-6.485909  0.001696341  30.72204
-6.3127117  0.0015409209  30.05511
-6.247568  0.0013723474  29.803547
-6.3123074  0.0012178835  30.054869
-6.485115  0.0011181037  30.721596
-6.9856234  0.0010859044  32.64029
-7.4652205  0.001175364  34.458656
-7.631542  0.001250875  35.0777
-7.7245398  0.001330618  35.40932
-7.736356  0.0014267694  35.424995
-6.3867073  0.0012797454  30.230532
-5.9023685  0.0012113276  28.360405
-4.876845  0.0010749975  24.374922
-4.3420258  0.001017943  22.274284
-3.8013773  0.0009787402  20.128458
-2.7413545  0.0009782832  15.798842
-2.2403808  0.0010343642  13.659565
-0.9810872  0.0014309101  7.6944523
-0.24410582  0.0020472487  3.0610628
-0.044044256  0.0018915455  1.0562153
0.0  0.0  0.0
0.0021719933  -0.00039584888  0.09049797
-0.008710384  -0.0011890109  0.43722343
-0.11894035  -0.0020298804  1.9336004
-0.42759562  -0.0013010264  4.4113064
-0.6729369  -0.00092757307  5.9639616
-1.3508806  -0.00021079113  9.575306
-1.7741184  0.00013307488  11.575279
-3.2666724  0.00089021935  17.965044
-5.401211  0.001342312  26.411263
-6.8554225  0.001574497  32.030224
-7.305355  0.0016518724  33.7612
-7.2434406  0.0019151376  33.61759
-6.723641  0.0017984348  31.635025
-6.7227488  0.0010872656  31.63435
-7.242267  0.0011175976  33.61678
0.002052784  0.00040694585  0.09061813
-0.008929014  0.0011857217  0.4381256
-0.11906481  0.0021780154  1.9359274
-0.4271071  0.0018076831  4.410742
-0.67234564  0.0016041794  5.963854
-1.3501328  0.0012714203  9.574756
-1.7729331  0.0011327849  11.574057
-3.2649693  0.0009613499  17.963078
-5.399104  0.0011443268  26.409443
-6.853492  0.0013295134  32.028755
-7.303213  0.0013788543  33.760353
0.0  0.0  0.0
0.0  0.0  0.0
0.0  0.0  0.0
0.0  0.0  0.0
0.0  0.0  0.0
-5.8013363  0.0013658113  28.044842
-5.7979164  0.0012451812  28.031929
-5.920994  0.0011655131  28.508106
-5.9239683  0.0014822965  28.517624
-7.0393567  0.0017101039  32.77359
-7.0376987  0.0012504549  32.772415
-6.852629  0.0017125588  32.067867
-6.8510017  0.0011972663  32.066734
-6.1371584  0.0011253662  29.342701
-6.1383934  0.0015869426  29.344637
-6.6281652  0.0011557292  31.221294
-6.6295395  0.0016959258  31.222187
-6.3704014  0.0011277371  30.236687
-6.371622  0.0016519453  30.237804
-5.3563676  0.0011087429  26.259266
-5.3578963  0.0013648922  26.260612
-4.8347015  0.0010575114  24.216805
-4.835938  0.0012630053  24.217365
-5.970293  0.0014954832  28.646671
-5.9686604  0.0011543413  28.645184
-2.6141646  0.0009253985  15.223358
-2.6117134  0.0006829101  15.216707
-4.293185  0.0011742983  22.074888
-4.292846  0.0009847078  22.077978
-2.1052883  0.0008234595  13.016788
-2.0987384  0.0005693361  12.991529
-3.1539707  0.0010110314  17.480387
-3.157846  0.0007995301  17.500063
-3.7176244  0.0010884261  19.775188
-3.721528  0.00089665863  19.795015
-1.6321087  0.000718549  10.861258
-1.6290187  0.0004637696  10.849952
-1.2101581  0.00035008657  8.812112
-1.211138  0.0006310735  8.81368
-0.34643936  0.00022128108  3.7507868
-0.3455925  0.00021110423  3.7490244
-0.5678246  0.0004239339  5.239813
-0.56672597  0.00017532136  5.2374372
-0.85428095  0.00024119578  6.9294577
-0.8552978  0.00053984986  6.9312334
-0.1873579  0.00030428352  2.4899492
-0.18760991  -4.1725347e-05  2.488577
-0.003022194  0.0003429908  0.17785263
-0.0030298233  -0.00033068843  0.17904091
-0.085006  -0.0001841936  1.4723997
-0.08509421  0.0003113576  1.4753618
-0.028779745  -3.5160396e-05  0.71798134
-0.02897048  7.764192e-05  0.7205658
-0.006025791  0.00019608613  0.14550781
-0.005755663  -0.00019528344  0.14667892
-6.3488903  0.0015597603  30.105816
-0.05490756  0.00014049083  1.0466204
-0.054984093  -7.633469e-05  1.0485258
-5.7754903  0.0011210253  27.911598
-5.776778  0.0014777777  27.912497
-0.13521361  -7.466588e-05  1.9496536
-0.13526487  0.00023507478  1.9486122
-0.26807976  0.00039993876  3.1079035
-0.2677424  -9.992992e-05  3.1075459
-0.7207861  0.00067828863  6.120661
-0.7200928  -2.7858245e-05  6.119153
-1.0539024  0.00011167448  7.965598
-1.0542634  0.0007427824  7.965605
-0.46135855  0.0005633167  4.504591
-0.46083117  -9.5935364e-05  4.5034685
-1.4730725  0.0007970601  10.06954
-1.4704221  0.0002819362  10.059492
-1.9632976  0.0008949767  12.352512
-1.9429073  0.000405646  12.263378
-3.6075847  0.0011225746  19.321371
-3.6297545  0.00082963717  19.41404
-4.203533  0.0011860069  21.717594
-4.209028  0.0009442397  21.742544
-3.0300293  0.0010619251  16.951292
-3.0314074  0.0007007114  16.958744
-2.4874825  0.0009915387  14.659092
-2.4549518  0.0005315801  14.521566
-4.8633814  0.0012885479  24.33369
-4.860156  0.0010410621  24.324104
-5.2732162  0.0010862926  25.944654
-5.2749157  0.0013636595  25.946953
-5.5346737  0.001114572  26.980515
-5.5383368  0.0014156451  26.992111
-0.024561167  1.0698568e-05  0.60430145
-0.019346714  -0.000226593  0.48711777
-5.2289915  0.0011272435  25.786293
-5.2446594  0.0013156857  25.846727
-5.231937  0.0012223045  25.80082
-6.3470106  0.0011965435  30.104462
-0.0192976  0.00024528918  0.48565865
-0.08926988  4.8123766e-05  1.4501028
-0.19718766  0.000107121945  2.504963
-0.3608358  0.0001827646  3.7913198
-0.8865433  0.0003675785  7.049614
-0.58796597  0.00027217437  5.3063555
-1.2740653  0.00047653023  9.080688
-1.8063177  0.0006023682  11.626209
-4.095005  0.0011426471  21.282322
-4.1152134  0.000946993  21.365194
-2.3657832  0.000834445  14.122055
-3.4540348  0.0010593651  18.69079
-3.5363374  0.0008628574  19.027103
-2.9065971  0.00096748443  16.427141
-2.8297591  0.0007462803  16.10413
-4.620304  0.001227108  23.375986
-4.60543  0.0010274408  23.319067
-4.678583  0.001179707  23.609295
-4.5977206  0.001083691  23.28907
-3.3016152  0.00093440124  18.064226
-2.270193  0.0005823499  13.707171
-3.785071  0.0010198194  20.034306
-4.243877  0.0010911411  21.878786
-4.052826  0.0010075577  21.113577
