-0.017101765  -0.001969346  0.58574486
-0.37314892  -0.001517143  3.8018942
-0.9166174  -0.0004469544  7.0548105
-2.065196  4.4028086e-05  12.779736
-2.9162598  -2.616446e-05  16.750544
-4.15195  -0.00018789485  22.47926
-4.9032693  -0.00031813013  25.99818
-5.8929567  -0.0007169653  30.684067
0.0  0.0  0.0
-6.4821696  -0.0010564524  33.489338
-6.3530073  -0.0007933793  32.80648
-6.0498996  -0.00058080174  31.342022
-5.7192717  -0.0004085992  29.763985
-5.5579205  -0.00032736897  28.999454
-5.718953  -0.00027569823  29.76323
-6.049788  -0.00016721318  31.341015
-6.3530903  -4.10754e-06  32.80556
-6.482256  0.00022823272  33.488197
-5.8927855  4.8095535e-06  30.681772
-4.9021597  -0.00021372327  25.994892
-4.150684  -0.00021311721  22.47551
-2.914671  -0.00012217055  16.746346
-2.0637312  -1.8062448e-05  12.775944
-0.9154444  0.00065992563  7.0518
-0.3715136  0.0017816386  3.797515
-0.01734662  0.0019372575  0.586277
0.0  0.0  0.0
0.0  0.0  0.0
0.0  0.0  0.0
-4.8122406  -0.0002614688  25.532719
-4.8321533  -0.0002470196  25.642166
-4.8235645  -0.00026324723  25.585308
-4.833231  -0.00027917078  25.645432
-0.03960395  -1.4554098e-06  0.7818222
-2.6857622  5.711116e-05  15.663325
-2.6578093  -0.00017318837  15.534558
-4.0556965  -0.00021777398  22.021755
-4.05164  -0.00016405535  22.001295
-1.5545136  4.1539446e-05  10.260019
-0.79856753  8.278609e-05  6.29461
-0.13909316  1.6622696e-05  1.839716
-3.7337494  -0.0001530188  20.521961
-0.07615185  -0.0025189624  1.3746119
-0.37314892  -0.001517143  3.8018942
-1.266596  -0.00015378278  8.888925
-2.4894404  2.226203e-05  14.769244
-2.9162598  -2.616446e-05  16.750544
-3.7514586  -0.00013682818  20.617409
-4.15195  -0.00018789485  22.47926
-4.5368905  -0.00024584416  24.277584
-5.2501483  -0.00043767202  27.634819
-5.579111  -0.0005707531  29.192745
0.0  0.0  0.0
-6.4821696  -0.0010564524  33.489338
-6.4945197  -0.0009913049  33.521935
-6.4499226  -0.0009026376  33.286377
-6.3530073  -0.0007933793  32.80648
-6.0498996  -0.00058080174  31.342022
-5.7192717  -0.0004085992  29.763985
-5.602227  -0.00036325934  29.20951
-5.5579205  -0.00032736897  28.999454
-5.6020613  -0.00030625364  29.20908
-5.718953  -0.00027569823  29.76323
-6.049788  -0.00016721318  31.341015
-6.3530903  -4.10754e-06  32.80556
-6.4499884  8.80343e-05  33.285515
-6.494762  0.00016205599  33.52076
-6.482256  0.00022823272  33.488197
-5.5785694  -8.64281e-05  29.190311
-5.249316  -0.00016552192  27.631964
-4.535705  -0.00023042367  24.273907
-4.150684  -0.00021311721  22.47551
-3.750075  -0.00018356428  20.613434
-2.914671  -0.00012217055  16.746346
-2.487844  -8.26874e-05  14.765012
-1.2654705  0.00032255653  8.885865
-0.3715136  0.0017816386  3.797515
-0.076101065  0.002551002  1.3753815
0.0  0.0  0.0
0.0021719933  -0.0008483513  0.1265068
-0.017101765  -0.001969346  0.58574486
-0.19178605  -0.002400867  2.4582253
-0.6156156  -0.00090333505  5.3454056
-0.9166174  -0.0004469544  7.0548105
-1.6535459  -4.8390793e-06  10.808821
-2.065196  4.4028086e-05  12.779736
-3.3385012  -8.0893195e-05  18.704338
-4.9032693  -0.00031813013  25.99818
-5.8929567  -0.0007169653  30.684067
-6.193887  -0.0008869969  32.11583
-6.214443  -0.00067584234  32.13406
-5.8775415  -0.00048743124  30.51778
-5.8773804  -0.00022196678  30.516788
-6.2145414  -9.321606e-05  32.13304
0.002052784  0.0008473421  0.1265068
-0.01734662  0.0019372575  0.586277
-0.19209361  0.0024191826  2.4603348
-0.61440206  0.0011415322  5.341613
-0.9154444  0.00065992563  7.0518
-1.6524161  0.00010719891  10.805656
-2.0637312  -1.8062448e-05  12.775944
-3.3370051  -0.00015555554  18.700264
-4.9021597  -0.00021372327  25.994892
-5.8927855  4.8095535e-06  30.681772
-6.193738  0.00011489783  32.11432
0.0  0.0  0.0
0.0  0.0  0.0
0.0  0.0  0.0
0.0  0.0  0.0
0.0  0.0  0.0
-5.2321806  -0.0003046245  27.484074
-5.2297664  -0.0002950144  27.472849
-5.313575  -0.00028197054  27.869831
-5.315567  -0.00033068785  27.878452
-6.0396442  -0.00072311686  31.351196
-6.0395813  -1.7918035e-05  31.349428
-5.923005  -0.00063451147  30.785679
-5.9227657  -8.4417916e-05  30.78391
-5.459736  -0.0002552298  28.563566
-5.4602957  -0.00037933025  28.565893
-5.7815924  -0.00014901266  30.102358
-5.7818465  -0.0005433431  30.10387
-5.6135936  -0.00020751737  29.298027
-5.613933  -0.00045312708  29.299736
-4.883723  -0.00023475305  25.893295
-4.884507  -0.00029902047  25.895922
-4.5118694  -0.00023399094  24.152805
-4.512621  -0.00023207406  24.154942
-5.314764  -0.0004128678  27.915535
-5.3141327  -0.00020055838  27.913048
-2.7993793  3.0966286e-05  16.199755
-2.7971308  -0.00015722754  16.19187
-4.11676  -0.00017714834  22.30915
-4.1165276  -0.00021575174  22.310171
-2.3570464  0.000121601  14.135284
-2.351138  -0.00016067605  14.10996
-3.2426953  -4.9014372e-05  18.255653
-3.24563  -0.00016697028  18.271538
-3.683792  -0.00011963183  20.29905
-3.686719  -0.00019091359  20.314825
-1.9181274  0.00022192167  12.055532
-1.9151293  -0.00017398736  12.043183
-1.497472  -0.00019539459  10.008168
-1.4985722  0.00032292202  10.011111
-0.50233793  0.00019167706  4.574025
-0.5011039  2.8996947e-05  4.570651
-0.7810881  0.00036974042  6.240281
-0.77967215  -0.00015083875  6.2364273
-1.1144943  -0.00019941888  8.057858
-1.1157115  0.00038324343  8.061017
-0.2860098  0.00032644783  3.1063957
-0.2864189  -0.00018473898  3.1058893
-0.005162716  0.00015881295  0.23666
-0.0051925182  -0.00015463776  0.23802948
-0.13614058  -0.000511962  1.8783922
-0.13638783  0.0005605206  1.8818665
-0.04782462  -0.00041574953  0.9351692
-0.04810381  0.00042383024  0.93797493
-0.0077257156  0.00015601316  0.19148636
-0.007466316  -0.00016042667  0.19288063
-5.570023  -0.00051724305  29.127222
-0.087272644  -8.6948e-05  1.3420277
-0.087433815  0.00010384737  1.3443193
-5.1910706  -0.00023861331  27.320194
-5.1916685  -0.00035109732  27.322016
-0.207932  -2.3905886e-06  2.4502487
-0.20801115  7.345514e-05  2.4494839
-0.39389086  0.00028678414  3.821435
-0.39344454  -0.00014844298  3.820527
-0.95682573  0.0004293468  7.182582
-0.95603514  -0.00025992125  7.180463
-1.3267361  -0.0002222255  9.125224
-1.3271223  0.00035157567  9.125761
-0.6449671  0.0004208872  5.412324
-0.6443083  -0.00024372523  5.410533
-1.7563595  0.00024527358  11.256857
-1.7538459  -0.00018097722  11.246534
-2.2215958  0.00014545418  13.485197
-2.2031593  -0.00016779322  13.399589
-3.5971236  -0.00010088527  19.89302
-3.6142979  -0.00019170246  19.97412
-4.05164  -0.00016405535  22.001295
-4.0556965  -0.00021777398  22.021755
-3.1385095  -2.550408e-05  17.767708
-3.139368  -0.00016934327  17.772968
-2.6857622  5.711116e-05  15.663325
-2.6578093  -0.00017318837  15.534558
-4.539135  -0.00022664791  24.268684
-4.536788  -0.00024571703  24.259123
-4.8321533  -0.0002470196  25.642166
-4.833231  -0.00027917078  25.645432
-5.0275393  -0.00026136555  26.544641
-5.02999  -0.00030000688  26.555492
-0.03960395  -1.4554098e-06  0.7818222
-0.03038621  -7.748994e-05  0.63418007
-4.8122406  -0.0002614688  25.532719
-4.8235645  -0.00026324723  25.585308
-4.817185  -0.0002617095  25.55155
-5.5693884  -0.0001445327  29.124931
-0.030308723  7.589701e-05  0.6325455
-0.13909316  1.6622696e-05  1.839716
-0.29521322  4.764287e-05  3.1106453
-0.515306  7.327653e-05  4.60336
-1.1426698  6.9210815e-05  8.165462
-0.79856753  8.278609e-05  6.29461
-1.5545136  4.1539446e-05  10.260019
-2.07386  -5.1978423e-06  12.778549
-3.9707696  -0.00016014982  21.621788
-3.9859767  -0.00020896138  21.693691
-2.5778916  -4.5576598e-07  15.155355
-3.4759278  -9.898117e-05  19.32852
-3.5404701  -0.00016693443  19.6278
-3.035262  -4.1717052e-05  17.285295
-2.9714904  -0.00011814587  16.989176
-4.3637104  -0.00020759342  23.447233
-4.352604  -0.00023279239  23.396833
-4.408806  -0.00021821402  23.653387
-4.3487415  -0.00022541857  23.374863
-3.3546844  -0.00011579463  18.765818
-2.494606  -0.00011093797  14.766426
-3.7337494  -0.0001530188  20.521961
-4.083825  -0.00019139965  22.145126
-3.939005  -0.00018946728  21.473671
