-0.012787819  -0.0020645694  0.54151344
-0.38716888  -0.0029576041  3.837841
-1.07799  -0.0020061764  7.500347
-2.8551266  -0.0007850911  14.545859
-4.407669  -0.00024503798  19.81082
-6.957324  -5.142897e-05  27.835999
-8.638861  -0.00042919605  32.951206
-10.956357  -0.0018757443  39.906155
0.0  0.0  0.0
-12.366529  -0.0031152552  44.112473
-11.918726  -0.002094483  42.8965
-11.148592  -0.0012302496  40.63886
-10.3485565  -0.0005963723  38.261116
-9.968622  -0.0004047854  37.123486
-10.347271  -0.00028303117  38.25904
-11.146428  0.00019404755  40.634712
-11.915774  0.0009088232  42.890694
-12.362079  0.0018253302  44.10392
-10.952469  0.00086137385  39.898384
-8.63534  -0.00014829237  32.94497
-6.9544697  -0.00021880554  27.830782
-4.4050574  0.00040446004  19.806284
-2.8531225  0.0011016161  14.542337
-1.0768981  0.0023573425  7.4983253
-0.38587284  0.0032595496  3.835106
-0.0130467415  0.0020431906  0.54193306
0.0  0.0  0.0
0.0  0.0  0.0
0.0  0.0  0.0
-8.355535  -0.00032395177  32.162807
-8.429515  -0.00029811767  32.36309
-8.380475  -0.0001987922  32.238495
-8.432245  -0.00023779992  32.368347
-0.03664303  5.238544e-07  0.7403431
-3.9948483  0.00035461716  18.381014
-3.9427903  -0.0001807921  18.20899
-6.738631  -0.00028705946  27.166363
-6.7298703  5.6903053e-05  27.136961
-2.0438142  0.00014024458  11.406314
-0.9351425  0.00012742984  6.654191
-0.13611794  2.1783228e-05  1.7943211
-6.062898  -2.6004433e-05  25.049664
-0.067800045  -0.0030612496  1.3127232
-0.38716888  -0.0029576041  3.837841
-1.5773604  -0.0015673995  9.680229
-3.605884  -0.00047564085  17.148922
-4.407669  -0.00024503798  19.81082
-6.097536  -3.0144292e-05  25.180504
-6.957324  -5.142897e-05  27.835999
-7.8079453  -0.00018158086  30.434809
-9.43998  -0.00081612007  35.36479
-10.211759  -0.0013057328  37.679314
0.0  0.0  0.0
-12.366529  -0.0031152552  44.112473
-12.341663  -0.002857126  44.085648
-12.188358  -0.0025107714  43.668236
-11.918726  -0.002094483  42.8965
-11.148592  -0.0012302496  40.63886
-10.3485565  -0.0005963723  38.261116
-10.072491  -0.00045729324  37.435215
-9.968622  -0.0004047854  37.123486
-10.07184  -0.0003741397  37.43413
-10.347271  -0.00028303117  38.25904
-11.146428  0.00019404755  40.634712
-11.915774  0.0009088232  42.890694
-12.184896  0.0012708616  43.661728
-12.337818  0.0015752035  44.07793
-12.362079  0.0018253302  44.10392
-10.207995  0.00043394786  37.672283
-9.436327  8.3313265e-05  35.358154
-7.8046956  -0.00024945653  30.428923
-6.9544697  -0.00021880554  27.830782
-6.09466  -7.943457e-05  25.175323
-4.4050574  0.00040446004  19.806284
-3.6034536  0.0007282228  17.144659
-1.5761778  0.0019355394  9.677974
-0.38587284  0.0032595496  3.835106
-0.067745686  0.0031080763  1.3134041
0.0  0.0  0.0
0.0025348663  -0.00078616117  0.11198616
-0.012787819  -0.0020645694  0.54151344
-0.18582535  -0.0034615963  2.4158344
-0.6814556  -0.002481079  5.541109
-1.07799  -0.0020061764  7.500347
-2.1735296  -0.0011607705  12.042104
-2.8551266  -0.0007850911  14.545859
-5.243302  -9.3354596e-05  22.49734
-8.638861  -0.00042919605  32.951206
-10.956357  -0.0018757443  39.906155
-11.67461  -0.0024937014  42.050224
-11.559895  -0.0016495739  41.850502
-10.728023  -0.000867245  39.392
-10.726362  -8.0841426e-05  39.388832
-11.557462  0.0005385047  41.845367
0.0023956299  0.000789879  0.11193466
-0.0130467415  0.0020431906  0.54193306
-0.18600845  0.0035211043  2.4175282
-0.6804614  0.0028017866  5.538641
-1.0768981  0.0023573425  7.4983253
-2.172147  0.0015110107  12.039461
-2.8531225  0.0011016161  14.542337
-5.2405424  0.00013381086  22.492496
-8.63534  -0.00014829237  32.94497
-10.952469  0.00086137385  39.898384
-11.670389  0.0013394811  42.042336
0.0  0.0  0.0
0.0  0.0  0.0
0.0  0.0  0.0
0.0  0.0  0.0
0.0  0.0  0.0
-9.261955  -0.0003349756  34.952183
-9.256489  -0.00034611917  34.935814
-9.452774  -0.0003320434  35.525093
-9.4575405  -0.00038590282  35.53814
-11.243776  -0.0018547148  40.818375
-11.240414  0.0007883201  40.811577
-10.94363  -0.001515189  39.941498
-10.940498  0.0005083239  39.93518
-9.797668  -0.0002376964  36.558292
-9.799793  -0.0005426472  36.562733
-10.582936  0.00021132466  38.886276
-10.585539  -0.0011413404  38.891186
-10.170516  -5.000278e-05  37.66588
-10.172741  -0.00080047885  37.670208
-8.563925  -0.00023438387  32.754925
-8.566556  -0.0003278282  32.759766
-7.734919  -0.00028246437  30.22966
-7.7370243  -0.00012717306  30.232998
-9.539649  -0.0006978861  35.70971
-9.5367565  -4.7768597e-05  35.70426
-4.1993437  0.00017140777  19.08741
-4.1954064  3.765963e-06  19.077593
-6.8743525  3.538531e-06  27.582705
-6.873786  -0.00025618402  27.584278
-3.3842955  0.0001909906  16.339
-3.3737593  6.5838714e-05  16.306166
-5.0612974  0.0001334261  21.8912
-5.0674343  -6.848501e-05  21.91385
-5.9590983  7.992008e-05  24.735981
-5.9652934  -0.0001686742  24.758572
-2.6238523  0.00020430976  13.6457
-2.6187987  0.00011401577  13.630334
-1.9434981  0.00013077806  11.075517
-1.9450991  0.00022864333  11.078647
-0.5482135  -5.4966353e-05  4.699209
-0.54685307  0.0003461256  4.6961308
-0.9053416  0.00016297231  6.5786448
-0.9035945  0.00017810403  6.5747337
-1.3684483  0.00013325413  8.707846
-1.3701029  0.0002283908  8.711145
-0.29328966  0.0005816113  3.1080666
-0.29365873  -0.00040310735  3.1072063
-0.004292488  0.00039635858  0.21809387
-0.0043058395  -0.0003884791  0.21932602
-0.13091993  -0.00057042466  1.8295784
-0.13103485  0.00064928934  1.8325672
-0.042934418  -0.00027962885  0.8867893
-0.043159008  0.00029931444  0.8894634
-0.007417679  0.0002628319  0.17695999
-0.0071725845  -0.00026680058  0.17835617
-10.143644  -0.0010829815  37.51674
-0.08288336  4.7134425e-05  1.2920952
-0.0829854  -1.8355524e-05  1.2942257
-9.226609  -0.0002203247  34.793488
-9.22879  -0.00046160945  34.79725
-0.20900059  -4.1180334e-05  2.4226646
-0.20905876  0.00012948553  2.4216537
-0.4207077  0.0003285485  3.8816795
-0.42019415  -0.00015423376  3.8808212
-1.1505423  0.0005703807  7.683714
-1.1494513  -0.0002765314  7.6814775
-1.689055  -0.00022355175  10.006825
-1.6896658  0.0005367041  10.007287
-0.73153114  0.0005001805  5.644582
-0.7306943  -0.00025008316  5.6427364
-2.3655531  0.0004525416  12.648855
-2.3613605  -0.0001509845  12.635737
-3.154379  0.00040777857  15.505074
-3.1216886  -0.00016080897  15.393257
-5.7821436  0.0001723865  24.170074
-5.817401  -0.00023291995  24.283592
-6.7298703  5.6903053e-05  27.136961
-6.738631  -0.00028705946  27.166363
-4.861832  0.00027044435  21.2306
-4.863938  -0.00017845977  21.238636
-3.9948483  0.00035461716  18.381014
-3.9427903  -0.0001807921  18.20899
-7.777775  -8.52537e-05  30.37231
-7.7726254  -0.0003288381  30.35866
-8.429515  -0.00029811767  32.36309
-8.432245  -0.00023779992  32.368347
-8.842152  -0.00031457306  33.64033
-8.848081  -0.00029540635  33.65656
-0.03664303  5.238544e-07  0.7403431
-0.027697563  -0.0002639583  0.59685326
-8.355535  -0.00032395177  32.162807
-8.380475  -0.0001987922  32.238495
-8.359348  -0.0002575386  32.180054
-10.140314  0.00022201394  37.51069
-0.027628899  0.00026716894  0.5953026
-0.13611794  2.1783228e-05  1.7943211
-0.3068595  5.77327e-05  3.119154
-0.56882715  9.6175354e-05  4.741583
-1.4177744  0.00014028404  8.852211
-0.9351425  0.00012742984  6.654191
-2.0438142  0.00014024458  11.406314
-2.9012566  0.000112902635  14.59524
-6.55596  3.6545185e-05  26.595568
-6.588222  -0.0002504402  26.697569
-3.799027  0.00021700546  17.70985
-5.536596  0.00014065727  23.386219
-5.6674647  -0.00015557557  23.802212
-4.6637897  0.00020232989  20.577229
-4.5409784  -5.6434976e-05  20.175327
-7.390434  -4.4263506e-05  29.18575
-7.3668814  -0.00029741216  29.114378
-7.481965  -0.0001260214  29.472462
-7.3536606  -0.0002241622  29.07616
-5.2934585  2.3510918e-05  22.608389
-3.6459846  -7.320346e-05  17.192886
-6.062898  -2.6004433e-05  25.049664
-6.7919497  -9.309759e-05  27.332355
-6.4885297  -0.00014208684  26.385536
