-0.013571262  -0.0026206463  -0.55814266
-0.32190204  -0.0022773691  -3.5720253
-0.78189766  -0.0014822647  -6.58013
-1.7310725  -0.0013253812  -11.813721
-2.4223804  -0.0013731315  -15.413866
-3.4137175  -0.0014271194  -20.577545
-4.009914  -0.002454581  -23.735085
-4.7877607  -0.0069486527  -27.925251
0.0  0.0  0.0
-5.248433  -0.0110677965  -30.428968
-5.163395  -0.009414678  -29.841024
-4.931133  -0.0067886324  -28.540827
-4.6733236  -0.0041234037  -27.133366
-4.5464797  -0.0019070683  -26.449474
-4.673047  0.00018628687  -27.131443
-4.9309587  0.0026057311  -28.537174
-5.163064  0.0050244587  -29.835506
-5.2479115  0.006578544  -30.420698
-4.787429  0.0028826632  -27.918037
-4.009233  -0.0009069784  -23.729343
-3.413093  -0.0014107467  -20.572382
-2.4215498  -0.00057294534  -15.409153
-1.7302073  5.168258e-06  -11.809395
-0.7809185  0.0009905638  -6.575862
-0.32041168  0.0021799037  -3.566597
-0.013790607  0.0025482392  -0.55745125
0.0  0.0  0.0
0.0  0.0  0.0
0.0  0.0  0.0
-3.9479885  -0.00140717  -23.329311
-3.960033  -0.0011074569  -23.42182
-3.9569  -0.0019108199  -23.377144
-3.960674  -0.0022108033  -23.426247
-0.033072233  -2.2214372e-05  -0.74272156
-2.2356825  -0.0009930793  -14.427381
-2.213194  -0.00076330843  -14.310402
-3.3402615  -0.0014262752  -20.167955
-3.336737  -0.0013399193  -20.150248
-1.3109425  -0.00047426793  -9.513681
-0.68196285  -0.00021180022  -5.8768883
-0.119983435  -4.746043e-05  -1.7399502
-3.0824318  -0.0012552488  -18.817717
-0.06514859  -0.0031684663  -1.3019838
-0.32190204  -0.0022773691  -3.5720253
-1.0736982  -0.0013390048  -8.2636385
-2.0767136  -0.0013639126  -13.620075
-2.4223804  -0.0013731315  -15.413866
-3.0938692  -0.0013320886  -18.902704
-3.4137175  -0.0014271194  -20.577545
-3.719823  -0.0017653157  -22.192444
-4.283514  -0.0036082885  -25.20041
-4.54203  -0.0051143975  -26.593369
0.0  0.0  0.0
-5.248433  -0.0110677965  -30.428968
-5.264398  -0.010953514  -30.466501
-5.2350035  -0.010393735  -30.263681
-5.163395  -0.009414678  -29.841024
-4.931133  -0.0067886324  -28.540827
-4.6733236  -0.0041234037  -27.133366
-4.5813713  -0.0029672908  -26.637579
-4.5464797  -0.0019070683  -26.449474
-4.5812073  -0.00089081796  -26.636559
-4.673047  0.00018628687  -27.131443
-4.9309587  0.0026057311  -28.537174
-5.163064  0.0050244587  -29.835506
-5.234477  0.0059339586  -30.257214
-5.264097  0.0064520855  -30.459173
-5.2479115  0.006578544  -30.420698
-4.541401  0.0012688215  -26.586533
-4.2828445  -8.941395e-06  -25.194096
-3.7192335  -0.0013492054  -22.187061
-3.413093  -0.0014107467  -20.572382
-3.0932727  -0.0012164909  -18.897884
-2.4215498  -0.00057294534  -15.409153
-2.0758088  -0.00026436738  -13.615354
-1.0729709  0.0005914784  -8.259783
-0.32041168  0.0021799037  -3.566597
-0.06512451  0.0030957102  -1.3015203
0.0  0.0  0.0
0.0029506683  -0.0013792105  -0.12223148
-0.013571262  -0.0026206463  -0.55814266
-0.16562068  -0.0030586168  -2.31855
-0.5283277  -0.0017933438  -5.0032415
-0.78189766  -0.0014822647  -6.58013
-1.3935294  -0.0013041694  -10.018689
-1.7310725  -0.0013253812  -11.813721
-2.762632  -0.0013436637  -17.178524
-4.009914  -0.002454581  -23.735085
-4.7877607  -0.0069486527  -27.925251
-5.0232825  -0.009011483  -29.203522
-5.0578346  -0.008159824  -29.244987
-4.7970386  -0.0054218858  -27.806217
-4.7968273  0.0013715117  -27.803358
-5.0578594  0.0038726907  -29.24046
0.0027811527  0.0013567705  -0.1220808
-0.013790607  0.0025482392  -0.55745125
-0.16600537  0.0028618253  -2.3198242
-0.5273055  0.0015055228  -4.9984713
-0.7809185  0.0009905638  -6.575862
-1.3927748  0.00028045068  -10.014709
-1.7302073  5.168258e-06  -11.809395
-2.761917  -0.000910233  -17.173805
-4.009233  -0.0009069784  -23.729343
-4.787429  0.0028826632  -27.918037
-5.022561  0.004729397  -29.19561
0.0  0.0  0.0
0.0  0.0  0.0
0.0  0.0  0.0
0.0  0.0  0.0
0.0  0.0  0.0
-4.285199  -0.002100259  -25.086075
-4.283313  -0.0014973427  -25.075682
-4.349013  -0.0008798366  -25.430038
-4.35065  -0.0027772607  -25.438923
-4.9098663  -0.007681494  -28.530441
-4.9095335  0.0035102633  -28.524122
-4.821057  -0.006805264  -28.02894
-4.8209343  0.0027165236  -28.023533
-4.4634705  -0.000100076315  -26.049496
-4.463928  -0.0036536856  -26.053291
-4.7128725  0.0017662058  -27.418985
-4.7132716  -0.005749962  -27.423868
-4.5829744  0.00078502914  -26.703587
-4.583254  -0.0046472372  -26.707575
-3.9985971  -0.00096742925  -23.64357
-3.9989574  -0.0023864047  -23.648067
-3.7029686  -0.0013691182  -22.081749
-3.70327  -0.0017227938  -22.085224
-4.3404064  -0.0037330869  -25.459045
-4.3400984  7.1869115e-05  -25.454227
-2.327777  -0.0011727856  -14.914137
-2.3262527  -0.0006806515  -14.9063425
-3.3874288  -0.0013778835  -20.426094
-3.387609  -0.0014337043  -20.425848
-1.968719  -0.0010708332  -13.043153
-1.9641727  -0.00045119412  -13.019535
-2.6858602  -0.0012195149  -16.772816
-2.6885962  -0.00096695265  -16.786434
-3.0406203  -0.0012532243  -18.616224
-3.0433435  -0.0012502121  -18.629543
-1.6102217  -0.0009188225  -11.152666
-1.6080209  -0.0002870076  -11.140905
-1.264406  -0.00015890563  -9.284775
-1.2651328  -0.00073983544  -9.288038
-0.43183124  -0.0005652128  -4.288041
-0.4307449  0.00036551664  -4.284027
-0.6674526  -0.00049378216  -5.827812
-0.6664132  0.00010798662  -5.823762
-0.94666815  -3.512879e-05  -7.498749
-0.9475497  -0.0005851223  -7.502408
-0.24677742  0.0007296051  -2.922801
-0.24706733  -0.00085892295  -2.9229927
-0.003795147  -0.00026768004  -0.22841454
-0.0039000511  0.00025924202  -0.22934818
-0.11718321  -0.0011334091  -1.7750988
-0.11749649  0.0010333136  -1.7779417
-0.04038751  -0.0010032299  -0.8877392
-0.040585995  0.0009573896  -0.8892946
-0.0064041615  1.9813771e-05  -0.18526173
-0.006130457  -2.8908136e-05  -0.18616486
-4.5402427  -0.0049571604  -26.541563
-0.07487297  -0.0004350288  -1.2719088
-0.07497823  0.00036763202  -1.273509
-4.246257  -0.00046970503  -24.928532
-4.246538  -0.0030998837  -24.931944
-0.1793207  0.00021184981  -2.310255
-0.17935884  -0.00033107458  -2.3097773
-0.33906126  -0.00018459698  -3.5887432
-0.33868074  -2.977671e-06  -3.5873957
-0.8146293  -0.00023071561  -6.694404
-0.81401  -0.00029049412  -6.6921654
-1.1227262  -0.00037340424  -8.476334
-1.122983  -0.0004087268  -8.477119
-0.55250263  -0.00013936608  -5.063059
-0.55184495  -0.00017666921  -5.060692
-1.4771978  -0.0006151317  -10.423772
-1.4751714  -0.0004709828  -10.413916
-1.8581105  -0.0008208898  -12.451509
-1.8432186  -0.00059292256  -12.373497
-2.9717014  -0.0012050845  -18.250275
-2.9857852  -0.0012407352  -18.322878
-3.336737  -0.0013399193  -20.150248
-3.3402615  -0.0014262752  -20.167955
-2.602095  -0.001115373  -16.331463
-2.603024  -0.0009944227  -16.335768
-2.2356825  -0.0009930793  -14.427381
-2.213194  -0.00076330843  -14.310402
-3.727081  -0.0017047864  -22.19047
-3.725323  -0.0014049842  -22.180668
-3.960033  -0.0011074569  -23.42182
-3.960674  -0.0022108033  -23.426247
-4.1183558  -0.0009992901  -24.236027
-4.120096  -0.002457894  -24.246918
-0.033072233  -2.2214372e-05  -0.74272156
-0.025355339  0.00022489787  -0.60219765
-3.9479885  -0.00140717  -23.329311
-3.9569  -0.0019108199  -23.377144
-3.9526951  -0.0016520966  -23.347557
-4.539773  0.0011128101  -26.53608
-0.025273323  -0.00025559682  -0.6010885
-0.119983435  -4.746043e-05  -1.7399502
-0.2544117  -7.8343146e-05  -2.9267836
-0.4424901  -0.00012869755  -4.313898
-0.96971846  -0.00032937864  -7.5967426
-0.68196285  -0.00021180022  -5.8768883
-1.3109425  -0.00047426793  -9.513681
-1.7374187  -0.00066083815  -11.808658
-3.272727  -0.0013153563  -19.809029
-3.2850542  -0.001399624  -19.87347
-2.148159  -0.0008669596  -13.9666
-2.8745592  -0.0011691644  -17.740946
-2.9267402  -0.0012056984  -18.010853
-2.5188422  -0.0010320224  -15.894951
-2.4673424  -0.00096972  -15.626977
-3.5879138  -0.0015213357  -21.452911
-3.5791712  -0.0014644199  -21.407007
-3.6248345  -0.0015207888  -21.639074
-3.5767841  -0.0014856207  -21.38827
-2.776937  -0.0011347351  -17.232794
-2.0805247  -0.0007812482  -13.613881
-3.0824318  -0.0012552488  -18.817717
-3.3639994  -0.0014003272  -20.280897
-3.2475834  -0.0013627275  -19.675648
