-0.0006444454  -0.0009987974  0.24395275
-0.10278106  -0.002040098  1.9936056
-0.3367741  -0.001972798  4.1660194
-1.0597478  -0.0015738646  8.752562
-1.777926  -0.001165087  12.421251
-3.061797  -0.0009332201  18.260239
-3.9505  -0.0018463036  22.075588
-5.2027807  -0.0056330767  27.324444
0.0  0.0  0.0
-5.9721212  -0.008968423  30.515324
-5.697551  -0.0067816135  29.517574
-5.267145  -0.0045323293  27.779827
-4.8284497  -0.0026477089  25.970303
-4.622719  -0.0015661691  25.110386
-4.828455  -0.0006254983  25.969086
-5.2676225  0.0009648289  27.777744
-5.6986217  0.0029547133  29.515224
-5.9737816  0.004995401  30.511951
-5.203821  0.0021593224  27.320452
-3.9502077  -0.0008049717  22.071098
-3.0612838  -0.0011180225  18.25577
-1.7768619  3.5554636e-05  12.416529
-1.0588291  0.0009290128  8.748518
-0.33632016  0.0018211976  4.163475
-0.10230923  0.00204612  1.9914532
-0.0008845329  0.0009615752  0.24374104
0.0  0.0  0.0
0.0  0.0  0.0
0.0  0.0  0.0
-3.7830892  -0.0012615495  21.441967
-3.8294315  -0.0011114269  21.608276
-3.7957022  -0.0013050281  21.498089
-3.8299804  -0.0014724616  21.612246
-0.008014441  -2.82377e-06  0.36355686
-1.5914575  -0.00042468347  11.435776
-1.5669571  -0.00057692034  11.314136
-2.947917  -0.0011736923  17.761274
-2.9430046  -0.0007962369  17.740171
-0.7263386  -0.00021953817  6.6952314
-0.29571795  -7.383182e-05  3.6899185
-0.03524971  -3.447698e-06  0.9081564
-2.604016  -0.00083114265  16.214499
-0.013105631  -0.001553263  0.6275492
-0.10278106  -0.002040098  1.9936056
-0.525758  -0.001884972  5.5360336
-1.3991989  -0.0013706009  10.545866
-1.777926  -0.001165087  12.421251
-2.6180258  -0.00088384224  16.303389
-3.061797  -0.0009332201  18.260239
-3.508255  -0.0012290603  20.191792
-4.3806443  -0.0028363082  23.890928
-4.798176  -0.0041142916  25.638588
0.0  0.0  0.0
-5.9721212  -0.008968423  30.515324
-5.946661  -0.008514424  30.465427
-5.852952  -0.0077743  30.123508
-5.697551  -0.0067816135  29.517574
-5.267145  -0.0045323293  27.779827
-4.8284497  -0.0026477089  25.970303
-4.678689  -0.0020275898  25.345568
-4.622719  -0.0015661691  25.110386
-4.6786847  -0.001150867  25.344944
-4.828455  -0.0006254983  25.969086
-5.2676225  0.0009648289  27.777744
-5.6986217  0.0029547133  29.515224
-5.854204  0.0038576156  30.121069
-5.948277  0.004539864  30.4624
-5.9737816  0.004995401  30.511951
-4.798701  0.00090204575  25.634613
-4.3807607  -0.00010877062  23.886662
-3.507781  -0.0011346047  20.18708
-3.0612838  -0.0011180225  18.25577
-2.617177  -0.00084799144  16.298487
-1.7768619  3.5554636e-05  12.416529
-1.3981409  0.0005017681  10.541297
-0.5252335  0.0016105557  5.5330124
-0.10230923  0.00204612  1.9914532
-0.01297617  0.00156258  0.62690926
0.0  0.0  0.0
0.0025019646  -0.00042475946  0.045186996
-0.0006444454  -0.0009987974  0.24395275
-0.044009447  -0.001958921  1.2081108
-0.19764662  -0.0020308984  2.981246
-0.3367741  -0.001972798  4.1660194
-0.76705074  -0.0017561874  7.072797
-1.0597478  -0.0015738646  8.752562
-2.187213  -0.000983391  14.349183
-3.9505  -0.0018463036  22.075588
-5.2027807  -0.0056330767  27.324444
-5.5941753  -0.0072974563  28.94981
-5.4955397  -0.0056571774  28.70903
-5.035687  -0.0035056123  26.829054
-5.035981  9.696855e-05  26.8274
-5.4964557  0.001956723  28.706564
0.002366066  0.00041986268  0.044965744
-0.0008845329  0.0009615752  0.24374104
-0.043868303  0.0019580328  1.2071371
-0.19735408  0.001962443  2.9787416
-0.33632016  0.0018211976  4.163475
-0.76641655  0.0013096654  7.0694804
-1.0588291  0.0009290128  8.748518
-2.1862097  -0.00043545186  14.3443165
-3.9502077  -0.0008049717  22.071098
-5.203821  0.0021593224  27.320452
-5.5954504  0.0035702887  28.946468
0.0  0.0  0.0
0.0  0.0  0.0
0.0  0.0  0.0
0.0  0.0  0.0
0.0  0.0  0.0
-4.254103  -0.0015469834  23.503256
-4.25143  -0.0013351922  23.49112
-4.357821  -0.0010845746  23.9362
-4.359793  -0.0018682979  23.945734
-5.3457813  -0.0058315387  27.98182
-5.346758  0.002247234  27.97856
-5.1773963  -0.004999292  27.305107
-5.1781125  0.0015164728  27.301727
-4.5451427  -0.000658964  24.717955
-4.545309  -0.002413024  24.720928
-4.9780755  0.00070544507  26.494316
-4.977563  -0.0040563634  26.496964
-4.7501154  -5.5230863e-05  25.561703
-4.7498727  -0.0031490095  25.564339
-3.9052434  -0.0009670164  21.911709
-3.9053473  -0.001664053  21.9153
-3.4673154  -0.001190094  20.029358
-3.4674728  -0.0011421861  20.032164
-4.4231334  -0.0026859778  24.122528
-4.423257  -0.00029808696  24.118925
-1.6843147  -0.00068017875  11.923197
-1.6824958  -0.00037980266  11.9150715
-3.0180807  -0.0008583092  18.070353
-3.0184035  -0.0011613596  18.07081
-1.3045616  -0.0006425642  10.002308
-1.2996675  -0.00016213564  9.978092
-2.1015306  -0.00070898357  13.921969
-2.1047878  -0.0006470577  13.93721
-2.5498145  -0.0007462928  15.982547
-2.5533316  -0.00093864865  15.998085
-0.9662031  -0.00058455573  8.164907
-0.9638804  9.176671e-06  8.15297
-0.6792934  0.00013242714  6.4594746
-0.68012905  -0.00050039816  6.4630203
-0.15835404  -0.00040982044  2.5100613
-0.15773678  0.00038926792  2.5070944
-0.2805965  -0.0003762765  3.626072
-0.27974558  0.00028409192  3.6221228
-0.45151114  0.00021302747  4.940771
-0.45232916  -0.0004221005  4.94442
-0.07786989  0.00046784815  1.6047935
-0.07811713  -0.000457255  1.6054792
-0.00035452843  0.000102837745  0.10030556
-0.00040841103  -0.000101699785  0.10077095
-0.031511307  -0.00040916272  0.913147
-0.03142929  0.0004257945  0.9134455
-0.009224892  -0.00021567079  0.42682743
-0.009324551  0.00021388626  0.42765617
-0.0035486221  9.247882e-05  0.08406258
-0.0032765865  -9.5893454e-05  0.08483696
-4.7509055  -0.003703088  25.489887
-0.020443916  -4.2254105e-06  0.6422529
-0.020444155  4.0714513e-06  0.6429148
-4.2501373  -0.0007639055  23.418514
-4.2501707  -0.0021065986  23.421154
-0.055220127  1.040881e-05  1.2415209
-0.055297613  -1.5710772e-05  1.241498
-0.11981487  4.4577755e-06  2.0536003
-0.1195631  -3.7761754e-05  2.05233
-0.37329292  9.344367e-06  4.3167505
-0.37272573  -0.0001955984  4.31441
-0.58079934  -0.0002460659  5.7818594
-0.58116174  -7.954886e-05  5.7830334
-0.22297072  2.776552e-05  3.0792236
-0.22253919  -0.00011889858  3.0773
-0.8598099  -0.00021079206  7.5113277
-0.8578098  -0.0003010887  7.501552
-1.204914  -0.0003177405  9.440659
-1.1899991  -0.00042838784  9.362694
-2.4620688  -0.0006449493  15.57384
-2.4799793  -0.0009819223  15.65557
-2.9430046  -0.0007962369  17.740171
-2.947917  -0.0011736923  17.761274
-2.0067163  -0.0005351621  13.4552555
-2.0079532  -0.0007506769  13.460562
-1.5914575  -0.00042468347  11.435776
-1.5669571  -0.00057692034  11.314136
-3.4851322  -0.0010906933  20.12587
-3.4830859  -0.0012543825  20.115627
-3.8294315  -0.0011114269  21.608276
-3.8299804  -0.0014724616  21.612246
-4.0418797  -0.0010982868  22.547043
-4.0442142  -0.0016359987  22.559078
-0.008014441  -2.82377e-06  0.36355686
-0.0072641373  -8.120196e-05  0.28891373
-3.7830892  -0.0012615495  21.441967
-3.7957022  -0.0013050281  21.498089
-3.7832065  -0.0012757708  21.450686
-4.751164  0.00050286937  25.486261
-0.0072438717  7.694983e-05  0.2883482
-0.03524971  -3.447698e-06  0.9081564
-0.08516073  -1.3172044e-05  1.6288671
-0.16899157  -3.5923906e-05  2.552617
-0.47577286  -0.00013433845  5.051486
-0.29571795  -7.383182e-05  3.6899185
-0.7263386  -0.00021953817  6.6952314
-1.0937008  -0.00035002173  8.8244705
-2.8537712  -0.00080947625  17.342264
-2.8704295  -0.0011148093  17.41663
-1.501631  -0.00042025262  10.970724
-2.3402689  -0.0006502383  15.008045
-2.4056218  -0.0008980095  15.308782
-1.9121671  -0.0005298732  12.9929495
-1.8531532  -0.0006570678  12.70736
-3.2823014  -0.0009761614  19.24492
-3.2705023  -0.0012271067  19.192177
-3.32863  -0.0010647252  19.453455
-3.2625287  -0.0011539699  19.161533
-2.2201636  -0.00071698154  14.447828
-1.4304231  -0.00052599516  10.609569
-2.604016  -0.00083114265  16.214499
-2.9739757  -0.00097074785  17.880926
-2.8194373  -0.0009929136  17.188183
