-0.055582047  -0.0045518503  -1.0399551
-1.3685818  -0.0065161977  -7.060053
-3.7878094  -0.0054310365  -13.580217
-10.057522  -0.003818879  -25.686657
-15.576306  -0.002493673  -34.440792
-24.70088  -0.0020335312  -47.49859
-30.748043  -0.0040944396  -55.728195
-39.103565  -0.011233554  -66.865005
0.0  0.0  0.0
-44.19349  -0.017107042  -73.58656
-42.544243  -0.0114132995  -71.70917
-39.75189  -0.007129023  -68.1225
-36.857224  -0.0042821825  -64.32618
-35.485516  -0.0035532918  -62.505005
-36.85875  -0.0030849273  -64.32539
-39.755306  -0.0007605413  -68.12068
-42.549835  0.002973608  -71.70671
-44.202293  0.008453461  -73.5829
-39.109764  0.0035901258  -66.86125
-30.750439  -0.0019291908  -55.72503
-24.701717  -0.0027244163  -47.495617
-15.573894  -0.00029063155  -34.43762
-10.05455  0.0021244474  -25.683449
-3.7851267  0.0050406866  -13.576813
-1.3652153  0.0066479025  -7.0553246
-0.05580139  0.0045030387  -1.038765
0.0  0.0  0.0
0.0  0.0  0.0
0.0  0.0  0.0
-29.698507  -0.003195826  -54.494884
-29.984787  -0.002972319  -54.808258
-29.784412  -0.0026699998  -54.61512
-29.984806  -0.0029120853  -54.81226
-0.115278244  -3.8200407e-05  -1.3174896
-14.0735035  -0.00059428567  -32.03178
-13.890735  -0.0019179235  -31.748543
-23.903242  -0.0029323525  -46.414642
-23.865467  -0.0016585451  -46.36372
-7.1204786  -0.0006210996  -20.258911
-3.207038  -0.00023053738  -11.964348
-0.4415474  -7.5605465e-05  -3.2267456
-21.463339  -0.0019270445  -42.968338
-0.25236893  -0.00652086  -2.4671974
-1.3685818  -0.0065161977  -7.060053
-5.543229  -0.0050391066  -17.383469
-12.722047  -0.0030983398  -30.039772
-15.576306  -0.002493673  -34.440792
-21.617088  -0.0018547393  -43.204338
-24.70088  -0.0020335312  -47.49859
-27.757536  -0.0027443292  -51.685913
-33.634605  -0.0060066786  -59.59836
-36.417435  -0.008443389  -63.303833
0.0  0.0  0.0
-44.19349  -0.017107042  -73.58656
-44.09113  -0.0155085  -73.56969
-43.526844  -0.013587067  -72.92474
-42.544243  -0.0114132995  -71.70917
-39.75189  -0.007129023  -68.1225
-36.857224  -0.0042821825  -64.32618
-35.85995  -0.0036998587  -63.004025
-35.485516  -0.0035532918  -62.505005
-35.860687  -0.0034644064  -63.00358
-36.85875  -0.0030849273  -64.32539
-39.755306  -0.0007605413  -68.12068
-42.549835  0.002973608  -71.70671
-43.53334  0.0049798973  -72.92197
-44.09903  0.006830588  -73.56621
-44.202293  0.008453461  -73.5829
-36.422047  0.0013247516  -63.300472
-33.637974  -0.0005863295  -59.595097
-27.75894  -0.002659676  -51.682716
-24.701717  -0.0027244163  -47.495617
-21.616442  -0.0022287557  -43.201157
-15.573894  -0.00029063155  -34.43762
-12.718841  0.00087917736  -30.03639
-5.541114  0.0042577954  -17.380617
-1.3652153  0.0066479025  -7.0553246
-0.25235558  0.006444956  -2.466961
0.0  0.0  0.0
0.0037631989  -0.0018633263  -0.22711563
-0.055582047  -0.0045518503  -1.0399551
-0.66646194  -0.0074812556  -4.485594
-2.3977852  -0.0059172353  -10.11278
-3.7878094  -0.0054310365  -13.580217
-7.646058  -0.00450808  -21.444118
-10.057522  -0.003818879  -25.686657
-18.559639  -0.002040299  -38.84125
-30.748043  -0.0040944396  -55.728195
-39.103565  -0.011233554  -66.865005
-41.695816  -0.014159819  -70.292244
-41.241943  -0.0092026675  -70.05057
-38.22969  -0.005446043  -66.13352
-38.232094  -0.0021693215  -66.13211
-41.246677  0.0010133863  -70.04814
0.0036296844  0.0018534509  -0.22700119
-0.05580139  0.0045030387  -1.038765
-0.6672783  0.0072205774  -4.487545
-2.3948936  0.005810527  -10.108551
-3.7851267  0.0050406866  -13.576813
-7.6437864  0.003278611  -21.441256
-10.05455  0.0021244474  -25.683449
-18.558002  -0.0013526651  -38.83812
-30.750439  -0.0019291908  -55.72503
-39.109764  0.0035901258  -66.86125
-41.702946  0.005984324  -70.28862
0.0  0.0  0.0
0.0  0.0  0.0
0.0  0.0  0.0
0.0  0.0  0.0
0.0  0.0  0.0
-32.9478  -0.003237289  -58.9992
-32.9298  -0.0033151298  -58.973602
-33.642128  -0.0032655334  -59.919037
-33.654495  -0.0034326278  -59.937943
-40.125584  -0.010703445  -68.35283
-40.131184  0.0027938255  -68.34958
-39.036606  -0.008950768  -66.96143
-39.041573  0.0012542438  -66.95867
-34.892715  -0.0027865996  -61.574745
-34.89276  -0.00415245  -61.578445
-37.741882  -0.00040109293  -65.29057
-37.73841  -0.007063198  -65.29291
-36.24577  -0.0018142713  -63.34417
-36.243397  -0.005379785  -63.346474
-30.479176  -0.0025554714  -55.431873
-30.476952  -0.0034177573  -55.434097
-27.49551  -0.0029225275  -51.36622
-27.492939  -0.00243107  -51.366608
-33.978226  -0.0051463055  -60.174732
-33.98126  -0.0015442426  -60.172104
-14.818305  -0.0011381815  -33.22145
-14.809083  -0.0014952148  -33.20833
-24.39336  -0.0018280131  -47.0877
-24.40014  -0.0028627198  -47.09478
-11.914086  -0.0009723484  -28.655214
-11.880432  -0.0011049034  -28.603306
-17.89727  -0.0013139362  -37.832146
-17.925049  -0.0019341898  -37.872704
-21.111078  -0.0015146391  -42.47245
-21.140537  -0.002451755  -42.51318
-9.211463  -0.0008139071  -24.123968
-9.196492  -0.00073523785  -24.100445
-6.8031178  -0.0004989391  -19.739569
-6.8062696  -0.0005306639  -19.742899
-1.8940048  -0.0002142269  -8.5416565
-1.8907719  0.0001533865  -8.537788
-3.1424131  -2.0634267e-05  -11.890579
-3.1386633  -0.0002751936  -11.886242
-4.77256  -0.0004122249  -15.637056
-4.776142  -0.00020044413  -15.640808
-1.010088  0.0008165017  -5.6751595
-1.0102539  -0.0009141424  -5.6726933
-0.016090393  0.00092660566  -0.40559006
-0.016195297  -0.00092715083  -0.40750885
-0.44921684  -0.0012585728  -3.3521042
-0.4502716  0.0011525641  -3.358055
-0.1462555  -0.0005618101  -1.629612
-0.14658737  0.0005171362  -1.6332245
-0.017250061  0.00065177516  -0.3152008
-0.017246246  -0.00066922663  -0.31687927
-36.15885  -0.007049499  -63.065567
-0.26914787  -0.00012144016  -2.3303452
-0.26971436  1.9739964e-05  -2.334095
-32.851326  -0.002578034  -58.72216
-32.848774  -0.0039054933  -58.723427
-0.69634056  -0.00013186701  -4.383003
-0.69605637  -3.7397724e-05  -4.380018
-1.4235249  0.00035998318  -7.0217686
-1.4227066  -0.00055362366  -7.0213757
-3.9739275  0.0005878692  -13.798136
-3.971797  -0.0011623962  -13.796015
-5.8755913  -0.0012461342  -17.857475
-5.876192  0.00031419983  -17.856739
-2.5047817  0.00062143104  -10.184683
-2.5029678  -0.00092132605  -10.182695
-8.271116  -0.00012356602  -22.398062
-8.258203  -0.0012797735  -22.377342
-11.07621  -0.00033908896  -27.231792
-10.962788  -0.0016395092  -27.04655
-20.46672  -0.0012427211  -41.542343
-20.597591  -0.0025846842  -41.73002
-23.865467  -0.0016585451  -46.36372
-23.903242  -0.0029323525  -46.414642
-17.17191  -0.00090386014  -36.73422
-17.18233  -0.0021789535  -36.748882
-14.0735035  -0.00059428567  -32.03178
-13.890735  -0.0019179235  -31.748543
-27.628212  -0.002241855  -51.596596
-27.616802  -0.0031492878  -51.5778
-29.984787  -0.002972319  -54.808258
-29.984806  -0.0029120853  -54.81226
-31.4576  -0.003110799  -56.87345
-31.471577  -0.0031062742  -56.896038
-0.115278244  -3.8200407e-05  -1.3174896
-0.08414078  -0.0007528212  -1.071022
-29.698507  -0.003195826  -54.494884
-29.784412  -0.0026699998  -54.61512
-29.705513  -0.002925227  -54.52397
-36.16282  -5.2541145e-05  -63.06282
-0.08396721  0.0007076154  -1.068737
-0.4415474  -7.5605465e-05  -3.2267456
-1.0216789  -9.8535325e-05  -5.625902
-1.9265308  -0.0001348505  -8.551142
-4.9053726  -0.00039946893  -15.833279
-3.207038  -0.00023053738  -11.964348
-7.1204786  -0.0006210996  -20.258911
-10.166103  -0.0009442098  -25.688416
-23.23358  -0.0017585562  -45.482765
-23.353584  -0.0027460773  -45.65045
-13.365554  -0.00088844483  -30.906044
-19.579721  -0.0013578633  -40.257313
-20.049437  -0.0022768872  -40.937042
-16.455332  -0.0010830385  -35.65082
-16.016264  -0.0017544025  -34.988247
-26.230438  -0.0020474722  -49.68064
-26.150673  -0.003029048  -49.567337
-26.55476  -0.0023763787  -50.145447
-26.095888  -0.0027357242  -49.504852
-18.70667  -0.0016932986  -38.983173
-12.821526  -0.0015949174  -30.047121
-21.463339  -0.0019270445  -42.968338
-24.078407  -0.002214403  -46.678257
-22.990917  -0.0023580142  -45.141685
