-0.0028446317  -0.0010344425  -0.30615616
-0.09323782  -0.0009320518  -1.9457941
-0.22520429  -0.00081015786  -3.5747294
-0.49703693  -0.0010283435  -6.4111476
-0.6974134  -0.0012155339  -8.374583
-0.99007314  -0.0014963143  -11.215075
-1.169002  -0.0020632946  -12.96474
-1.4044167  -0.0040462622  -15.296833
0.0  0.0  0.0
-1.5447376  -0.0057956213  -16.69331
-1.5167737  -0.0051831524  -16.352703
-1.4453514  -0.004085551  -15.623154
-1.3667635  -0.0029288144  -14.836546
-1.3281176  -0.0019564764  -14.4543
-1.3661709  -0.0010978105  -14.831865
-1.4447072  -0.00018689543  -15.613764
-1.5155993  0.00068818906  -16.338812
-1.5429208  0.0012175831  -16.672308
-1.4032488  -0.000113689224  -15.279276
-1.1679282  -0.0013836983  -12.952055
-0.9893524  -0.0014201243  -11.20491
-0.6969083  -0.0007700416  -8.3672085
-0.49660632  -0.0003410962  -6.4050946
-0.22487772  0.00025958405  -3.5699182
-0.09264588  0.0007592245  -1.9414988
-0.0032448173  0.0009440124  -0.30453873
0.0  0.0  0.0
0.0  0.0  0.0
0.0  0.0  0.0
-1.149159  -0.0015767174  -12.729072
-1.1528466  -0.0014466979  -12.780336
-1.1519725  -0.0018175794  -12.75795
-1.1536173  -0.001961038  -12.7886505
-0.009317279  -2.0936714e-05  -0.41066265
-0.64367753  -0.000978901  -7.837131
-0.6370336  -0.0008188765  -7.7713604
-0.9680592  -0.001417827  -10.983712
-0.9672906  -0.0014250432  -10.977633
-0.37715623  -0.000490907  -5.1652274
-0.19721419  -0.00022691645  -3.1978455
-0.034810483  -4.1125808e-05  -0.9567404
-0.8919614  -0.0012948766  -10.242604
-0.018536806  -0.0011749038  -0.7111492
-0.09323782  -0.0009320518  -1.9457941
-0.30856788  -0.00085472694  -4.4857545
-0.5968779  -0.0011302826  -7.394678
-0.6974134  -0.0012155339  -8.374583
-0.89496636  -0.0013695958  -10.290615
-0.99007314  -0.0014963143  -11.215075
-1.0817413  -0.0017196494  -12.108803
-1.2515886  -0.0026030582  -13.779234
-1.3300109  -0.0032664142  -14.554622
0.0  0.0  0.0
-1.5447376  -0.0057956213  -16.69331
-1.5486721  -0.005779506  -16.709295
-1.5391352  -0.0055737887  -16.59206
-1.5167737  -0.0051831524  -16.352703
-1.4453514  -0.004085551  -15.623154
-1.3667635  -0.0029288144  -14.836546
-1.3387033  -0.0024225586  -14.559779
-1.3281176  -0.0019564764  -14.4543
-1.3384378  -0.001526717  -14.557395
-1.3661709  -0.0010978105  -14.831865
-1.4447072  -0.00018689543  -15.613764
-1.5155993  0.00068818906  -16.338812
-1.5375586  0.0010233378  -16.57549
-1.5472486  0.0011972078  -16.690548
-1.5429208  0.0012175831  -16.672308
-1.3286269  -0.00066520117  -14.538736
-1.2503325  -0.0011007705  -13.764944
-1.0808417  -0.0014846022  -12.097528
-0.9893524  -0.0014201243  -11.20491
-0.89437586  -0.0012516135  -10.281619
-0.6969083  -0.0007700416  -8.3672085
-0.5964092  -0.00053787144  -7.3879237
-0.30834597  5.5382727e-05  -4.4808784
-0.09264588  0.0007592245  -1.9414988
-0.018418908  0.001103703  -0.7100067
0.0  0.0  0.0
0.002129972  -0.00054593926  -0.06544399
-0.0028446317  -0.0010344425  -0.30615616
-0.048083246  -0.0011695428  -1.2652206
-0.15258062  -0.0008337771  -2.7212725
-0.22520429  -0.00081015786  -3.5747294
-0.40012527  -0.00093153905  -5.4366226
-0.49703693  -0.0010283435  -6.4111476
-0.797131  -0.0012811997  -9.342058
-1.169002  -0.0020632946  -12.96474
-1.4044167  -0.0040462622  -15.296833
-1.4760995  -0.004925629  -16.009796
-1.4838841  -0.0046556215  -16.017603
-1.4043374  -0.0034943386  -15.212473
-1.4037242  -0.00063709903  -15.205242
-1.4833577  0.00027860794  -16.006004
0.0019754767  0.0005171894  -0.06514549
-0.0032448173  0.0009440124  -0.30453873
-0.04804623  0.0010149061  -1.2647629
-0.1523267  0.00047453528  -2.7166705
-0.22487772  0.00025958405  -3.5699182
-0.39980096  -0.00013591  -5.431228
-0.49660632  -0.0003410962  -6.4050946
-0.796598  -0.0010213394  -9.333921
-1.1679282  -0.0013836983  -12.952055
-1.4032488  -0.000113689224  -15.279276
-1.4742274  0.00054802885  -15.990208
0.0  0.0  0.0
0.0  0.0  0.0
0.0  0.0  0.0
0.0  0.0  0.0
0.0  0.0  0.0
-1.2499614  -0.001970833  -13.701328
-1.2493329  -0.0017109289  -13.694588
-1.2691475  -0.0014611621  -13.890367
-1.2700328  -0.0022832486  -13.898452
-1.440697  -0.0043981005  -15.628687
-1.4395511  0.00013295235  -15.6131935
-1.4133914  -0.004034412  -15.346889
-1.412414  -0.00014582934  -15.333561
-1.303561  -0.0011602122  -14.233963
-1.304247  -0.0026800195  -14.24122
-1.3794079  -0.00047465495  -14.995957
-1.380334  -0.0035898346  -15.007653
-1.3398783  -0.00082998106  -14.597594
-1.3405738  -0.003118501  -14.606817
-1.1646546  -0.001400386  -12.903606
-1.1653045  -0.00204265  -12.913588
-1.0760511  -0.001484992  -12.039278
-1.076611  -0.0016911156  -12.047735
-1.2680637  -0.0026779673  -13.918295
-1.2672342  -0.0010689165  -13.907071
-0.6702376  -0.0010908262  -8.102442
-0.6695881  -0.00079778436  -8.094867
-0.9823413  -0.0014612449  -11.130617
-0.9819964  -0.0014250667  -11.124944
-0.56603634  -0.00096574053  -7.081669
-0.5646075  -0.00060058606  -7.065919
-0.7749147  -0.0012053121  -9.120124
-0.77548325  -0.0010291061  -9.123643
-0.879453  -0.0013154759  -10.132976
-0.87992996  -0.0012570315  -10.135613
-0.46268845  -0.0008160327  -6.0534496
-0.46199802  -0.00043223024  -6.044674
-0.36345196  -0.0002849346  -5.038313
-0.36368936  -0.000663541  -5.0420966
-0.12524587  -0.00037780806  -2.3365002
-0.12476075  0.00011978089  -2.3330555
-0.19274879  -0.00041117246  -3.1695766
-0.19245541  -3.162131e-05  -3.1659255
-0.2725011  -0.00014980708  -4.071629
-0.27285296  -0.00052357424  -4.075408
-0.07174212  0.00027688872  -1.5952463
-0.07181585  -0.00042843475  -1.5965214
-0.00090640783  -0.00016214396  -0.12575912
-0.0009936094  0.00014685374  -0.12610817
-0.03386551  -0.000489869  -0.9723377
-0.034062803  0.00040039793  -0.9734402
-0.011401713  -0.0004458842  -0.4880886
-0.011319637  0.00039415713  -0.4882698
-0.0034594536  -1.9402825e-05  -0.10300255
-0.003400445  9.163865e-06  -0.10330677
-1.3287221  -0.003217049  -14.5214615
-0.022508204  -0.00021022378  -0.70022774
-0.022674143  0.00014947576  -0.70077705
-1.2386264  -0.0012582646  -13.614462
-1.2393079  -0.0023984506  -13.622715
-0.05240321  7.667905e-05  -1.2657828
-0.052685797  -0.00018720393  -1.2656498
-0.09869367  -0.00018193404  -1.959517
-0.09870821  -2.513174e-05  -1.9580517
-0.23511392  -0.00031564425  -3.6395373
-0.23475409  -0.0002451904  -3.637435
-0.32323563  -0.00035745022  -4.6024857
-0.3233201  -0.00046659325  -4.6039042
-0.159993  -0.00021557981  -2.7574778
-0.15972996  -0.00013733987  -2.755424
-0.4247233  -0.00063279405  -5.658699
-0.42402083  -0.0004953804  -5.652111
-0.5343852  -0.0008095855  -6.7602553
-0.52998006  -0.00064561487  -6.716289
-0.85922337  -0.0012658299  -9.931556
-0.86314696  -0.0012413157  -9.968469
-0.9672906  -0.0014250432  -10.977633
-0.9680592  -0.001417827  -10.983712
-0.7505608  -0.0011288337  -8.878514
-0.75070655  -0.0010265327  -8.878532
-0.64367753  -0.000978901  -7.837131
-0.6370336  -0.0008188765  -7.7713604
-1.0835989  -0.0016830419  -12.104073
-1.0826612  -0.0015113795  -12.094147
-1.1528466  -0.0014466979  -12.780336
-1.1536173  -0.001961038  -12.7886505
-1.2002113  -0.0014504051  -13.230347
-1.2011439  -0.0020958094  -13.240894
-0.009317279  -2.0936714e-05  -0.41066265
-0.0091917515  0.000118372496  -0.33218384
-1.149159  -0.0015767174  -12.729072
-1.1519725  -0.0018175794  -12.75795
-1.1505845  -0.0016947926  -12.739862
-1.3275874  -0.00071401044  -14.508331
-0.009094179  -0.00015247287  -0.33216095
-0.034810483  -4.1125808e-05  -0.9567404
-0.074175656  -7.8476616e-05  -1.6014848
-0.12857872  -0.00013959885  -2.3526888
-0.27947813  -0.00034402765  -4.1276526
-0.19721419  -0.00022691645  -3.1978455
-0.37715623  -0.000490907  -5.1652274
-0.49961704  -0.0006768776  -6.410489
-0.94829524  -0.0013812627  -10.788761
-0.95179623  -0.0014014433  -10.822326
-0.6183868  -0.000879354  -7.585641
-0.8306685  -0.0012150593  -9.651432
-0.8459658  -0.0012244668  -9.7983675
-0.7263192  -0.0010541802  -8.639386
-0.7112505  -0.0009941955  -8.492023
-1.0419823  -0.0015627966  -11.695495
-1.0391214  -0.0015013572  -11.667544
-1.0529442  -0.0015579965  -11.797179
-1.038538  -0.0015238102  -11.657866
-0.80196774  -0.0011613839  -9.37211
-0.59871423  -0.00080213277  -7.3926344
-0.8919614  -0.0012948766  -10.242604
-0.97528094  -0.0014359532  -11.047994
-0.9407741  -0.0013842869  -10.714108
