-0.0076298714  -0.0016530966  -0.43816566
-0.19810128  -0.0013688321  -2.807994
-0.4811864  -0.00087008363  -5.178289
-1.0661161  -0.00084635324  -9.311321
-1.4928179  -0.00095808087  -12.158071
-2.1022315  -0.0011356366  -16.232273
-2.4644716  -0.0018593324  -18.70803
-2.9289696  -0.004772569  -21.96588
0.0  0.0  0.0
-3.2009678  -0.0073980587  -23.90131
-3.167129  -0.0059947358  -23.502272
-3.0349684  -0.0042857267  -22.513666
-2.883381  -0.002699913  -21.427082
-2.8073804  -0.0014786908  -20.894402
-2.8820753  -0.0003323484  -21.421955
-3.0329971  0.0010969837  -22.5037
-3.164088  0.0026754336  -23.487902
-3.1963727  0.0040808283  -23.879797
-2.9252992  0.0017304966  -21.947254
-2.4612942  -0.00069280964  -18.693596
-2.0996659  -0.001029475  -16.220173
-1.490903  -0.0004709883  -12.1490345
-1.0645976  -7.533864e-05  -9.30406
-0.48016822  0.00060663384  -5.172888
-0.19692314  0.0013836374  -2.8029814
-0.007961512  0.0015998067  -0.43675423
0.0  0.0  0.0
0.0  0.0  0.0
0.0  0.0  0.0
-2.4358778  -0.0011331779  -18.420738
-2.4385424  -0.0009213527  -18.47731
-2.4420717  -0.0014220814  -18.461163
-2.4407198  -0.0016275443  -18.487059
-0.020708203  -1.1365104e-05  -0.5863695
-1.3781242  -0.0007078801  -11.379887
-1.3636827  -0.00057593046  -11.285263
-2.0591745  -0.0010699998  -15.915938
-2.0581813  -0.0010506633  -15.906212
-0.8073484  -0.0003144832  -7.4951267
-0.42028403  -0.00011337217  -4.6271358
-0.07409978  -1.4861405e-05  -1.372139
-1.9018774  -0.0009589575  -14.854909
-0.03989458  -0.0019608373  -1.0215502
-0.19810128  -0.0013688321  -2.807994
-0.66079044  -0.0007991204  -6.506542
-1.2794704  -0.0009105247  -10.739698
-1.4928179  -0.00095808087  -12.158071
-1.9063194  -0.0010279643  -14.913251
-2.1022315  -0.0011356366  -16.232273
-2.288901  -0.0013937996  -17.500696
-2.628962  -0.0026190043  -19.851063
-2.7833238  -0.0035980316  -20.933632
0.0  0.0  0.0
-3.2009678  -0.0073980587  -23.90131
-3.2167907  -0.007171334  -23.95235
-3.2050037  -0.006696253  -23.814285
-3.167129  -0.0059947358  -23.502272
-3.0349684  -0.0042857267  -22.513666
-2.883381  -0.002699913  -21.427082
-2.828415  -0.0020568636  -21.04155
-2.8073804  -0.0014786908  -20.894402
-2.8277783  -0.0009260802  -21.038904
-2.8820753  -0.0003323484  -21.421955
-3.0329971  0.0010969837  -22.5037
-3.164088  0.0026754336  -23.487902
-3.2012494  0.0033623069  -23.797298
-3.212903  0.0038324073  -23.933155
-3.1963727  0.0040808283  -23.879797
-2.7795653  0.00071126886  -20.916428
-2.625461  -0.00011479412  -19.835218
-2.286036  -0.0009884767  -17.487549
-2.0996659  -0.001029475  -16.220173
-1.9040569  -0.0009098675  -14.902416
-1.490903  -0.0004709883  -12.1490345
-1.2777277  -0.00025733042  -10.7314415
-0.6598046  0.00033939176  -6.5009694
-0.19692314  0.0013836374  -2.8029814
-0.03971362  0.0019481495  -1.020813
0.0  0.0  0.0
0.0024695396  -0.00083874393  -0.09394932
-0.0076298714  -0.0016530966  -0.43816566
-0.10202634  -0.0018910059  -1.8215933
-0.32513678  -0.0010590367  -3.935257
-0.4811864  -0.00087008363  -5.178289
-0.8579188  -0.00079923775  -7.8925867
-1.0661161  -0.00084635324  -9.311321
-1.7025868  -0.0009807174  -13.552567
-2.4644716  -0.0018593324  -18.70803
-2.9289696  -0.004772569  -21.96588
-3.0682492  -0.006083486  -22.954958
-3.1076498  -0.0051518637  -23.051876
-2.956493  -0.0034515467  -21.948109
-2.954832  0.00035670202  -21.940332
-3.105528  0.0019046346  -23.039711
0.002354145  0.000826029  -0.09379959
-0.007961512  0.0015998067  -0.43675423
-0.10199976  0.0018153727  -1.8219738
-0.32425022  0.00093626534  -3.9300432
-0.48016822  0.00060663384  -5.172888
-0.8566953  0.00012499606  -7.886304
-1.0645976  -7.533864e-05  -9.30406
-1.7005137  -0.0007034759  -13.542674
-2.4612942  -0.00069280964  -18.693596
-2.9252992  0.0017304966  -21.947254
-3.063714  0.0028988817  -22.93462
0.0  0.0  0.0
0.0  0.0  0.0
0.0  0.0  0.0
0.0  0.0  0.0
0.0  0.0  0.0
-2.6455607  -0.0015511387  -19.815138
-2.644114  -0.0012266  -19.805872
-2.6828532  -0.0008840872  -20.079418
-2.6848347  -0.0019359355  -20.089666
-3.0085905  -0.0050759306  -22.459267
-3.0052726  0.0019394736  -22.442938
-2.95865  -0.004470159  -22.079731
-2.9557445  0.0013799601  -22.065512
-2.7502537  -0.0004284156  -20.558191
-2.7520456  -0.0024512128  -20.566387
-2.894732  0.0007489986  -21.607353
-2.8973646  -0.0037630843  -21.619944
-2.819753  0.00011656573  -21.06009
-2.821843  -0.003063099  -21.070211
-2.4592276  -0.0008016004  -18.641392
-2.4615638  -0.0017634763  -18.652815
-2.2793024  -0.0010357342  -17.41566
-2.2813854  -0.0013322894  -17.42548
-2.6690125  -0.0025943008  -20.073025
-2.6664066  -0.0001907245  -20.060524
-1.4348161  -0.0008237955  -11.764209
-1.4329035  -0.0005293642  -11.754399
-2.0879946  -0.0010877576  -16.119263
-2.086449  -0.0010598982  -16.112923
-1.2130497  -0.0007230612  -10.284382
-1.2094815  -0.00036606  -10.262655
-1.6559107  -0.00090191496  -13.234142
-1.6564317  -0.0007322038  -13.2405205
-1.8746929  -0.00097065524  -14.69094
-1.8749518  -0.0009331648  -14.696226
-0.9917711  -0.00058932544  -8.789592
-0.98982567  -0.00024011225  -8.777873
-0.778103  -0.00013837696  -7.311969
-0.77896965  -0.00044881622  -7.3164644
-0.26620615  -0.00029707095  -3.3742704
-0.26524246  0.0002304602  -3.3702946
-0.4110819  -0.00025407562  -4.5869713
-0.41023314  5.8172445e-05  -4.582605
-0.5824725  -4.1316438e-05  -5.902754
-0.5834181  -0.00032839316  -5.9071975
-0.15218914  0.00045676227  -2.2989721
-0.1524632  -0.00048652713  -2.2999105
-0.0023715496  -0.00014572387  -0.17916298
-0.0024440289  0.00014268496  -0.1798296
-0.07224774  -0.00066743477  -1.396719
-0.072476864  0.0006410481  -1.398818
-0.024700403  -0.00060578465  -0.6987963
-0.02460444  0.0005903009  -0.6996927
-0.0048877  1.9443338e-05  -0.14609432
-0.0048280954  -2.4089764e-05  -0.14674568
-2.7877111  -0.0033800523  -20.912212
-0.047077894  -0.00024572527  -1.0027924
-0.047253013  0.00022443885  -1.0039263
-2.613676  -0.00057355716  -19.663382
-2.6157172  -0.0021597822  -19.67268
-0.1110245  0.00013237685  -1.8198643
-0.111343026  -0.00016440981  -1.8194046
-0.20942819  -7.120747e-05  -2.8255205
-0.20924568  3.1345407e-06  -2.8239384
-0.5018616  -0.000109626504  -5.27104
-0.5011792  -0.00018877856  -5.268554
-0.69129986  -0.00025493652  -6.6754675
-0.69165003  -0.00024472887  -6.6769924
-0.34059715  -4.132447e-05  -3.9859304
-0.34004498  -0.000109068176  -3.9835415
-0.9098227  -0.00040014365  -8.214109
-0.9082484  -0.0003401914  -8.205132
-1.1449175  -0.0005609236  -9.816924
-1.1352942  -0.0004429829  -9.753665
-1.8329597  -0.0009260894  -14.404371
-1.8407266  -0.0009292931  -14.45846
-2.0581813  -0.0010506633  -15.906212
-2.0591745  -0.0010699998  -15.915938
-1.6045833  -0.00082743744  -12.886476
-1.6044883  -0.00074711547  -12.887325
-1.3781242  -0.0007078801  -11.379887
-1.3636827  -0.00057593046  -11.285263
-2.298511  -0.0013012869  -17.517033
-2.2960386  -0.0010904168  -17.504326
-2.4385424  -0.0009213527  -18.47731
-2.4407198  -0.0016275443  -18.487059
-2.538389  -0.0009067537  -19.128254
-2.5408347  -0.0017557718  -19.141632
-0.020708203  -1.1365104e-05  -0.5863695
-0.017243266  0.00013520982  -0.47461224
-2.4358778  -0.0011331779  -18.420738
-2.4420717  -0.0014220814  -18.461163
-2.4400554  -0.0012764554  -18.439674
-2.7845817  0.00047181372  -20.89789
-0.01715982  -0.00014865497  -0.4741745
-0.07409978  -1.4861405e-05  -1.372139
-0.15731299  -2.6888214e-05  -2.3055592
-0.2730869  -5.7274825e-05  -3.3967152
-0.5972214  -0.0002000453  -5.9825325
-0.42028403  -0.00011337217  -4.6271358
-0.8073484  -0.0003144832  -7.4951267
-1.0703044  -0.00046363528  -9.308353
-2.0194807  -0.0010179449  -15.639175
-2.0263968  -0.0010603598  -15.687622
-1.3240727  -0.00062274904  -11.015322
-1.7732714  -0.00089105737  -14.002571
-1.8052176  -0.0009136066  -14.214949
-1.5532546  -0.0007642996  -12.541473
-1.5212126  -0.00072262925  -12.328609
-2.2139792  -0.001174127  -16.938623
-2.2076917  -0.0011227864  -16.899284
-2.2374015  -0.0011697281  -17.087847
-2.2073941  -0.0011458272  -16.888414
-1.7128727  -0.0008556949  -13.60026
-1.2820758  -0.0005705186  -10.735563
-1.9018774  -0.0009589575  -14.854909
-2.0760398  -0.0010749215  -16.01309
-2.003849  -0.0010406482  -15.533277
