-0.050338745  -0.0043777283  -0.99770355
-1.2603111  -0.006371077  -6.7916775
-3.491829  -0.005385875  -13.089071
-9.28777  -0.0039249724  -24.848042
-14.40191  -0.0026966236  -33.397408
-22.874386  -0.0022283485  -46.19787
-28.496445  -0.00413382  -54.28224
-36.26881  -0.0108755715  -65.23251
0.0  0.0  0.0
-41.00441  -0.016460953  -71.8441
-39.46776  -0.011185111  -69.98517
-36.869118  -0.007132913  -66.45313
-34.17616  -0.004399867  -62.718025
-32.90044  -0.003647272  -60.927208
-34.17734  -0.0031374097  -62.717255
-36.871185  -0.0009008503  -66.45116
-39.470535  0.002614408  -69.98224
-41.008186  0.007640754  -71.839485
-36.27205  0.0030320694  -65.228325
-28.498493  -0.002161081  -54.27929
-22.875872  -0.0028811262  -46.195366
-14.400599  -0.0005485894  -33.394646
-9.285681  0.0017741651  -24.845102
-3.4895144  0.0046916855  -13.085585
-1.2571735  0.006342397  -6.786724
-0.05055809  0.004311107  -0.9963112
0.0  0.0  0.0
0.0  0.0  0.0
0.0  0.0  0.0
-27.521202  -0.0033110494  -53.063744
-27.786997  -0.003104763  -53.374245
-27.600906  -0.0028317969  -53.181725
-27.786852  -0.0030559371  -53.377926
-0.10732651  -4.5352266e-05  -1.2704964
-13.012796  -0.0008559077  -31.047237
-12.843723  -0.0021137216  -30.77056
-22.135609  -0.0030779527  -45.134037
-22.10006  -0.0018761187  -45.08383
-6.577244  -0.0008168161  -19.57497
-2.9624443  -0.00035805546  -11.53619
-0.40948105  -9.901344e-05  -3.1092377
-19.870255  -0.0021299645  -41.75432
-0.23153877  -0.006302432  -2.3694458
-1.2603111  -0.006371077  -6.7916775
-5.1128187  -0.005033653  -16.774035
-11.755716  -0.0032615867  -29.095213
-14.40191  -0.0026966236  -33.397408
-20.00915  -0.0020783164  -41.983562
-22.874386  -0.0022283485  -46.19787
-25.715654  -0.0028795085  -50.31009
-31.181177  -0.0059320396  -58.086594
-33.769825  -0.00823169  -61.730164
0.0  0.0  0.0
-41.00441  -0.016460953  -71.8441
-40.90831  -0.015000925  -71.82266
-40.382576  -0.01322095  -71.184235
-39.46776  -0.011185111  -69.98517
-36.869118  -0.007132913  -66.45313
-34.17616  -0.004399867  -62.718025
-33.248642  -0.003819828  -61.417847
-32.90044  -0.003647272  -60.927208
-33.24926  -0.00352869  -61.417427
-34.17734  -0.0031374097  -62.717255
-36.871185  -0.0009008503  -66.45116
-39.470535  0.002614408  -69.98224
-40.38546  0.004478003  -71.18074
-40.91184  0.006174761  -71.81839
-41.008186  0.007640754  -71.839485
-33.772495  0.00089385035  -61.7266
-31.183445  -0.000903332  -58.083378
-25.717308  -0.0028344174  -50.307297
-22.875872  -0.0028811262  -46.195366
-20.009468  -0.0023999906  -41.980873
-14.400599  -0.0005485894  -33.394646
-11.753567  0.0005734991  -29.092175
-5.111191  0.0038835371  -16.771257
-1.2571735  0.006342397  -6.786724
-0.23147011  0.006189855  -2.3688583
0.0  0.0  0.0
0.0037631989  -0.0017865548  -0.21699905
-0.050338745  -0.0043777283  -0.99770355
-0.6131458  -0.0072495798  -4.311617
-2.2093143  -0.005827081  -9.737013
-3.491829  -0.005385875  -13.089071
-7.0565033  -0.0045530726  -20.717836
-9.28777  -0.0039249724  -24.848042
-17.170116  -0.0022650738  -37.706017
-28.496445  -0.00413382  -54.28224
-36.26881  -0.0108755715  -65.23251
-38.6806  -0.013659085  -68.603516
-38.255646  -0.009099139  -68.35123
-35.452873  -0.005525202  -64.495895
-35.45449  -0.0022457314  -64.49448
-38.258347  0.0007769482  -68.348526
0.0036296844  0.0017692158  -0.21674728
-0.05055809  0.004311107  -0.9963112
-0.6138458  0.006918625  -4.313116
-2.2067099  0.005489124  -9.73263
-3.4895144  0.0046916855  -13.085585
-7.054903  0.002903823  -20.71515
-9.285681  0.0017741651  -24.845102
-17.169565  -0.0015626277  -37.703346
-28.498493  -0.002161081  -54.27929
-36.27205  0.0030320694  -65.228325
-38.68371  0.005302053  -68.599205
0.0  0.0  0.0
0.0  0.0  0.0
0.0  0.0  0.0
0.0  0.0  0.0
0.0  0.0  0.0
-30.541416  -0.0033637765  -57.485336
-30.5247  -0.0034160865  -57.460236
-31.186935  -0.003349506  -58.389824
-31.198503  -0.0035662947  -58.408333
-37.218704  -0.010437597  -66.69034
-37.221638  0.002356603  -66.68674
-36.20521  -0.008792669  -65.319824
-36.20813  0.00092227664  -65.31684
-32.349697  -0.0028813086  -60.017998
-32.35004  -0.004259726  -60.0216
-34.999275  -0.0006263065  -63.674335
-34.997246  -0.007016262  -63.676804
-33.607895  -0.001957121  -61.758865
-33.606316  -0.0054256134  -61.76117
-28.246437  -0.0027234247  -53.988564
-28.244328  -0.0035214955  -53.99055
-25.47293  -0.003069242  -49.99503
-25.470135  -0.002596356  -49.99511
-31.500257  -0.0051612984  -58.648643
-31.502527  -0.0017567998  -58.646114
-13.701356  -0.0013903291  -32.207973
-13.693441  -0.0017028986  -32.19536
-22.589592  -0.0020358278  -45.794346
-22.59651  -0.0030107575  -45.80162
-11.009935  -0.0012168814  -27.747463
-10.979246  -0.0013191281  -27.696898
-16.5573  -0.0015624019  -36.719757
-16.58381  -0.0021257414  -36.75976
-19.540682  -0.0017487251  -41.26689
-19.56876  -0.0026192423  -41.307144
-8.507839  -0.0010349466  -23.330303
-8.494339  -0.0009501392  -23.307419
-6.280735  -0.00069608074  -19.066229
-6.2834187  -0.00072803895  -19.069506
-1.7477512  -0.00031214533  -8.225954
-1.7446804  6.627571e-05  -8.221832
-2.8995628  -0.00016646623  -11.460209
-2.8960743  -0.00038934115  -11.455702
-4.404502  -0.00056916056  -15.085999
-4.4077272  -0.00037655735  -15.089823
-0.9322338  0.0007339439  -5.4620075
-0.9324684  -0.000937546  -5.4600163
-0.014709473  0.00088601117  -0.39016342
-0.014814377  -0.0008930871  -0.3919449
-0.41474533  -0.0012332031  -3.2254677
-0.41567612  0.0010762936  -3.2308807
-0.13516426  -0.0005526211  -1.5678711
-0.13532257  0.00048580882  -1.5710373
-0.015872955  0.0006196322  -0.30426407
-0.01586914  -0.0006406042  -0.3058815
-33.528725  -0.0069575645  -61.49163
-0.24961472  -0.00011094962  -2.2450829
-0.25012016  -2.1331012e-05  -2.2485466
-30.451895  -0.0027158181  -57.218525
-30.449684  -0.00400359  -57.21965
-0.6444073  -0.00018872425  -4.221258
-0.6442089  -5.2029267e-05  -4.218569
-1.3157635  0.0002909582  -6.763811
-1.3149357  -0.0006225647  -6.7631817
-3.6694689  0.00041935802  -13.308796
-3.6674662  -0.0012863636  -13.306564
-5.4258385  -0.0014074063  -17.242268
-5.426342  0.00011270493  -17.241642
-2.3135061  0.0004965754  -9.815512
-2.31176  -0.001013316  -9.81336
-7.6402845  -0.00034482987  -21.653559
-7.6284323  -0.0014753428  -21.633335
-10.236153  -0.0005896278  -26.361498
-10.131302  -0.001834631  -26.180809
-18.943668  -0.0014851354  -40.35593
-19.065676  -0.0027512915  -40.54008
-22.10006  -0.0018761187  -45.08383
-22.135609  -0.0030779527  -45.134037
-15.885883  -0.0011614871  -35.646397
-15.896071  -0.0023667347  -35.66098
-13.012796  -0.0008559077  -31.047237
-12.843723  -0.0021137216  -30.77056
-25.596428  -0.0024239034  -50.219574
-25.586151  -0.0032768683  -50.201355
-27.786997  -0.003104763  -53.374245
-27.786852  -0.0030559371  -53.377926
-29.156216  -0.0032207237  -55.400734
-29.169159  -0.0032489188  -55.422768
-0.10732651  -4.5352266e-05  -1.2704964
-0.078617096  -0.00071929954  -1.0320091
-27.521202  -0.0033110494  -53.063744
-27.600906  -0.0028317969  -53.181725
-27.527721  -0.0030639882  -53.091644
-33.531235  -0.00035327394  -61.488823
-0.07844353  0.0006617799  -1.0299377
-0.40948105  -9.901344e-05  -3.1092377
-0.9455204  -0.00014985306  -5.4198246
-1.7807236  -0.00022317027  -8.239964
-4.530442  -0.00056345295  -15.280752
-2.9624443  -0.00035805546  -11.53619
-6.577244  -0.0008168161  -19.57497
-9.394643  -0.0011617196  -24.858122
-21.513885  -0.0019692387  -44.21971
-21.62555  -0.0029046012  -44.38431
-12.357798  -0.0011295828  -29.948536
-18.121159  -0.0015906678  -39.09725
-18.5575  -0.002463528  -39.763397
-15.222237  -0.0013257125  -34.587067
-14.815281  -0.0019645554  -33.93901
-24.297886  -0.0022425514  -48.33832
-24.22404  -0.003165383  -48.22731
-24.599583  -0.0025517815  -48.79415
-24.173328  -0.0028905491  -48.16559
-17.311268  -0.0019077876  -37.849407
-11.853698  -0.0018017959  -29.109634
-19.870255  -0.0021299645  -41.75432
-22.298958  -0.002400904  -45.392326
-21.288889  -0.002537894  -43.885284
