9.76431  14.341101  0.32477188
24.40753  12.555418  2.160633
34.127934  12.218437  4.0688353
48.521706  13.382423  7.563751
57.87083  15.468333  10.090097
71.246895  20.701963  13.858257
79.53275  25.58471  16.223244
90.67239  34.87773  19.40501
0.0  16.02302  0.0
97.3762  41.920235  21.317896
95.60244  27.488316  20.818699
92.05895  18.456692  19.808968
88.28262  9.523999  18.731369
86.46422  0.0008127404  18.212933
88.28256  -9.522313  18.733265
92.05821  -18.454897  19.812904
95.60155  -27.486418  20.824722
97.37494  -41.918274  21.32701
90.67109  -34.875977  19.412197
79.53221  -25.583275  16.227915
71.24644  -20.700773  13.861641
57.870754  -15.467456  10.091648
48.521732  -13.381766  7.5648108
34.128014  -12.218045  4.0694036
24.408184  -12.555134  2.1595192
9.76386  -14.341146  0.32617664
0.0  -16.02302  0.0
0.0  5.3410068  0.0
0.0  -5.3410068  0.0
78.355835  -6.616088  15.896452
78.64831  -16.109404  15.977942
78.4767  6.6500044  15.929762
78.65057  16.094166  15.975689
10.252556  -0.028587757  0.44635582
55.28046  6.340359  9.406475
54.98197  -6.398011  9.325669
70.156334  -10.885923  13.558846
70.10306  10.695482  13.542288
42.228188  -0.12563705  6.0238776
31.671944  -0.101615414  3.6362271
16.114283  -0.057411045  1.0489054
66.63737  0.86307913  12.567239
