9.750812  14.339274  -0.6466751
23.90163  12.550818  -4.8078556
32.53534  12.213858  -9.697557
43.669357  13.378747  -19.474134
49.853516  15.465982  -26.939178
57.65947  20.700459  -38.44218
62.115833  25.580893  -45.822586
67.86145  34.865047  -55.896217
0.0  16.02302  0.0
71.24943  41.9002  -62.00051
70.68495  27.476303  -60.180775
69.00351  18.450129  -56.885757
67.12088  9.52074  -53.429733
66.18944  -0.0018554856  -51.780422
67.11912  -9.524587  -53.43015
68.99988  -18.45424  -56.88622
70.67907  -27.480696  -60.1818
71.24043  -41.904663  -62.00206
67.854866  -34.868984  -55.896355
62.11309  -25.583998  -45.822
57.65808  -20.702902  -38.441025
49.85497  -15.467325  -26.936773
43.671135  -13.379591  -19.4715
32.536453  -12.214099  -9.695284
23.90292  -12.550814  -4.8052387
9.7504635  -14.339336  -0.6453476
0.0  -16.02302  0.0
0.0  5.3410068  0.0
0.0  -5.3410068  0.0
61.68714  -6.6186066  -44.646652
61.766747  -16.111597  -44.954727
61.754494  6.6480756  -44.75334
61.769623  16.09192  -44.956932
10.213236  -0.028624058  -0.8684349
48.11814  6.339795  -24.895805
47.925816  -6.399489  -24.652836
57.08009  -10.888287  -37.468567
57.050507  10.694333  -37.42265
38.92476  -0.12624028  -15.057456
30.322784  -0.10194512  -8.524031
15.956785  -0.057514835  -2.1639519
55.063454  0.8616003  -34.4205
