9.751727  14.338838  -0.6194267
24.115137  12.553319  -4.0190353
33.40532  12.217227  -7.4772196
46.892185  13.38182  -13.61544
55.574314  15.467989  -17.912819
67.99598  20.701956  -24.152763
75.713165  25.583874  -27.994282
86.11796  34.87261  -33.103966
0.0  16.02302  0.0
92.389786  41.9111  -36.15898
90.68326  27.480898  -35.43416
87.353935  18.451866  -33.844715
83.81938  9.521764  -32.1264
82.12104  0.0007719166  -31.292442
83.820595  -9.520184  -32.12453
87.35618  -18.450197  -33.84095
90.68665  -27.479134  -35.428497
92.3951  -41.90928  -36.150345
86.12215  -34.870934  -33.096817
75.71627  -25.582447  -27.989231
67.998375  -20.700705  -24.148718
55.576164  -15.466987  -17.909698
46.893593  -13.380983  -13.613077
33.406338  -12.21668  -7.475377
24.11668  -12.552935  -4.015872
9.751595  -14.338824  -0.6193905
0.0  -16.02302  0.0
0.0  5.3410068  0.0
0.0  -5.3410068  0.0
74.58934  -6.615842  -27.498596
74.87378  -16.10883  -27.61265
74.70073  6.6497335  -27.556208
74.87364  16.093588  -27.616758
10.223313  -0.028588451  -0.8237896
53.16446  6.3403034  -16.739466
52.888073  -6.3978133  -16.60057
66.975555  -10.885917  -23.659954
66.924545  10.695537  -23.637323
41.00281  -0.12556113  -10.911013
31.044775  -0.10156223  -6.670064
16.00761  -0.05741745  -1.9426765
63.703754  0.8631266  -22.025625
