9.729678  14.337906  0.89100266
23.527447  12.55057  6.089325
31.681631  12.21415  11.74419
41.987392  13.37884  22.392563
47.71109  15.465185  30.214739
55.050415  20.698198  42.021904
59.31286  25.57883  49.51554
64.870316  34.86576  59.691013
0.0  16.02302  0.0
68.16651  41.90343  65.84202
67.53128  27.47584  64.07615
65.8679  18.44764  60.77811
64.03094  9.517322  57.300537
63.13008  -0.0051824716  55.634766
64.033936  -9.528148  57.29649
65.87344  -18.459423  60.769806
67.53996  -27.488615  64.06386
68.17997  -41.91681  65.82312
64.88113  -34.877384  59.675095
59.320618  -25.587639  49.50431
55.056183  -20.704992  42.01296
47.716316  -15.468986  30.207623
41.99162  -13.3810215  22.38654
31.684265  -12.214602  11.739544
23.530815  -12.5503645  6.0834217
9.729167  -14.337992  0.89120483
0.0  -16.02302  0.0
0.0  5.3410068  0.0
0.0  -5.3410068  0.0
58.857075  -6.621192  48.361046
58.954926  -16.114382  48.65445
58.91852  6.645245  48.472397
58.95119  16.08921  48.6633
10.176356  -0.028619131  1.1546383
46.1019  6.338732  28.070293
45.924973  -6.4005694  27.815014
54.495827  -10.8902  41.031174
54.46409  10.6920805  40.988304
37.59953  -0.12664321  17.622375
29.58914  -0.102015644  10.372126
15.826063  -0.05748515  2.8095398
52.587948  0.85974944  37.914265
