9.733415  14.338083  0.8571358
23.541073  12.550316  6.02425
31.627789  12.214058  11.777424
41.577812  13.379648  22.759224
46.887302  15.467009  30.871572
53.449074  20.701408  43.13157
57.164906  25.582396  50.913307
61.948204  34.86876  61.479866
0.0  16.02302  0.0
64.767586  41.90577  67.86705
64.31264  27.479517  66.03487
62.919624  18.451986  62.610397
61.35625  9.521895  58.99952
60.582863  -0.0007069033  57.270367
61.356976  -9.523381  58.998672
62.920265  -18.45366  62.608597
64.31311  -27.481424  66.03282
64.76789  -41.907772  67.864426
61.949104  -34.870388  61.476856
57.167297  -25.583405  50.910675
53.451385  -20.701927  43.12899
46.890938  -15.466712  30.868723
41.580883  -13.379156  22.756641
31.629642  -12.21353  11.775402
23.543732  -12.549856  6.020645
9.732867  -14.338188  0.8582821
0.0  -16.02302  0.0
0.0  5.3410068  0.0
0.0  -5.3410068  0.0
56.82128  -6.6174903  49.717575
56.88429  -16.11057  50.024963
56.87629  6.6490784  49.831005
56.88352  16.093008  50.02887
10.180564  -0.028625254  1.1165562
45.39379  6.3406353  28.645144
45.230293  -6.398789  28.382036
52.967754  -10.887276  42.105827
52.941017  10.695246  42.057816
37.375023  -0.12569681  17.82455
29.55536  -0.10161008  10.373329
15.838919  -0.05745266  2.7440777
51.274055  0.8625173  38.865616
