9.747147  14.338964  0.6801853
23.992405  12.553031  4.5303326
33.039707  12.216969  8.585967
45.81833  13.38197  16.086552
53.815025  15.468384  21.554932
65.01227  20.702341  29.790325
71.867195  25.584518  35.01509
81.02739  34.87488  42.115143
0.0  16.02302  0.0
86.52283  41.91497  46.41007
85.15211  27.484592  45.161697
82.27414  18.454613  42.85521
79.183945  9.523306  40.42842
77.69029  0.0010192029  39.26766
79.18525  -9.5212345  40.427284
82.27612  -18.452475  42.85292
85.15531  -27.482418  45.158318
86.52778  -41.91278  46.404953
81.03125  -34.8728  42.110638
71.87027  -25.582619  35.01188
65.01454  -20.700596  29.787783
53.81715  -15.466885  21.552496
45.819973  -13.380722  16.084728
33.040688  -12.2161665  8.58492
23.994257  -12.552446  4.527525
9.746599  -14.339009  0.68159485
0.0  -16.02302  0.0
0.0  5.3410068  0.0
0.0  -5.3410068  0.0
70.94469  -6.6158066  34.20572
71.16929  -16.108984  34.413372
71.04426  6.650206  34.282074
71.16898  16.094236  34.41664
10.211622  -0.02858851  0.9055939
51.587498  6.340813  20.065311
51.33406  -6.3978677  19.888088
64.113846  -10.885795  29.101822
64.06799  10.695919  29.070137
40.258186  -0.12540282  12.759435
30.729126  -0.101458184  7.639551
15.967149  -0.05739294  2.1572456
61.171856  0.8633976  26.93067
