9.75139  14.33969  0.5966568
24.108877  12.553572  4.0078564
33.338737  12.217205  7.6219845
46.54934  13.381654  14.328571
54.908398  15.467599  19.222942
66.69566  20.700932  26.587004
73.94255  25.58313  31.251383
83.649475  34.87465  37.57982
0.0  16.02302  0.0
89.48028  41.915928  41.404686
87.99105  27.484768  40.30983
84.92628  18.453943  38.26097
81.64537  9.521932  36.100197
80.06208  -0.00089608855  35.065044
81.64699  -9.523826  36.09703
84.92911  -18.456055  38.25476
87.99517  -27.487087  40.30078
89.48657  -41.91839  41.39112
83.654686  -34.876724  37.56797
73.94676  -25.584589  31.24252
66.698944  -20.701952  26.579853
54.911133  -15.467968  19.217184
46.551476  -13.381685  14.324015
33.340054  -12.216965  7.619007
24.110477  -12.553286  4.0040016
9.751148  -14.339716  0.5971203
0.0  -16.02302  0.0
0.0  5.3410068  0.0
0.0  -5.3410068  0.0
72.94671  -6.6174893  30.53754
73.19224  -16.11078  30.716938
73.05148  6.6486254  30.607357
73.191284  16.092745  30.723675
10.222967  -0.028593529  0.80203056
52.583355  6.339958  17.890833
52.3183  -6.3987145  17.730776
65.744774  -10.887091  25.972227
65.696  10.694525  25.946503
40.792503  -0.12587589  11.355095
30.987247  -0.101702385  6.7842684
16.007156  -0.05743529  1.9104824
62.64537  0.8621609  24.033628
