9.761906  14.340829  -0.39581108
24.341866  12.554636  -2.6799698
33.943275  12.217605  -5.1241465
48.030685  13.381275  -9.70285
57.109898  15.466875  -13.073537
70.03579  20.699928  -18.175804
78.01905  25.582241  -21.417698
88.73506  34.874622  -25.820347
0.0  16.02302  0.0
95.178665  41.916737  -28.48169
93.49843  27.485062  -27.720562
90.10024  18.453686  -26.295382
86.471756  9.52119  -24.79248
84.7223  -0.0019677076  -24.073807
86.47089  -9.525236  -24.793644
90.09777  -18.457975  -26.297834
93.49471  -27.489567  -27.72502
95.1729  -41.921318  -28.489368
88.73054  -34.87881  -25.825022
78.01687  -25.58572  -21.419104
70.03435  -20.702862  -18.175533
57.109566  -15.46886  -13.071582
48.030655  -13.382617  -9.700317
33.94349  -12.218145  -5.121435
24.34228  -12.554862  -2.6770706
9.761468  -14.340945  -0.39443207
0.0  -16.02302  0.0
0.0  5.3410068  0.0
0.0  -5.3410068  0.0
76.89899  -6.61851  -20.926939
77.17502  -16.11184  -21.052315
77.01594  6.6476226  -20.97364
77.17836  16.091772  -21.052372
10.24535  -0.02863268  -0.5397272
54.590813  6.339112  -12.160713
54.301075  -6.3993707  -12.050963
68.984764  -10.887968  -17.754921
68.933846  10.693506  -17.734676
41.87593  -0.12638849  -7.67699
31.51073  -0.10202244  -4.5691767
16.090576  -0.05753914  -1.2858534
65.58592  0.8612436  -16.410137
