9.770095  14.341611  -0.01730442
24.520939  12.555107  -0.516181
34.38391  12.217363  -1.4489188
48.98861  13.380926  -3.9262624
58.407074  15.46706  -6.1882467
71.751434  20.700922  -10.06845
79.95231  25.582655  -12.715809
90.92456  34.87165  -16.445168
0.0  16.02302  0.0
97.511185  41.910744  -18.739143
95.84245  27.482155  -17.899216
92.38434  18.45297  -16.611368
88.67825  9.521898  -15.303789
86.88806  -0.0006955069  -14.69169
88.67826  -9.523339  -15.303638
92.38401  -18.454515  -16.610754
95.8419  -27.483784  -17.898577
97.51042  -41.912407  -18.738472
90.92358  -34.873165  -16.443947
79.952126  -25.583876  -12.714565
71.75113  -20.701916  -10.067256
58.407093  -15.467669  -6.1867123
48.988567  -13.381335  -3.9249368
34.383736  -12.217527  -1.4484015
24.521006  -12.555173  -0.5168576
9.769638  -14.341681  -0.015989304
0.0  -16.02302  0.0
0.0  5.3410068  0.0
0.0  -5.3410068  0.0
78.83143  -6.6174097  -12.201712
79.10462  -16.110556  -12.345528
78.95139  6.6487403  -12.2393675
79.10681  16.092718  -12.346787
10.265606  -0.028609142  -0.059384346
55.79457  6.3396378  -5.590929
55.49436  -6.398646  -5.5154133
70.67535  -10.88712  -9.716869
70.622375  10.69455  -9.701384
42.606525  -0.12604989  -2.7978325
31.893559  -0.10185744  -1.2709584
16.157509  -0.05747151  -0.195158
67.17022  0.8621261  -8.679899
