9.726551  14.337299  0.92188644
23.582645  12.551577  5.983856
32.014435  12.21617  11.210941
43.412727  13.381914  20.684544
50.324844  15.468679  27.476128
59.878235  20.702953  37.57707
65.71211  25.585104  43.92462
73.52317  34.874752  52.49106
0.0  16.02302  0.0
78.21658  41.914047  57.652817
77.01457  27.483353  56.245308
74.548416  18.453833  53.501644
71.910324  9.523243  50.58879
70.63808  0.0017380919  49.188454
71.91407  -9.519703  50.586
74.555725  -18.450163  53.495667
77.026115  -27.479597  56.235844
78.23466  -41.910267  57.638115
73.536896  -34.87117  52.479294
65.72096  -25.581871  43.917683
59.88413  -20.699987  37.57233
50.328896  -15.466162  27.473013
43.415413  -13.379847  20.682508
32.015892  -12.214925  11.209955
23.585396  -12.550737  5.9807644
9.725925  -14.337342  0.9233799
0.0  -16.02302  0.0
0.0  5.3410068  0.0
0.0  -5.3410068  0.0
64.91083  -6.615063  42.996387
65.11068  -16.10816  43.2269
64.993996  6.6507773  43.090332
65.106705  16.094746  43.23275
10.173379  -0.02860061  1.1913586
48.391327  6.341329  25.619743
48.173737  -6.3974338  25.400087
59.106903  -10.885227  36.74778
59.065765  10.696561  36.70978
38.48158  -0.1250844  16.480164
29.850887  -0.1012739  9.9627
15.826862  -0.05738672  2.83951
56.595932  0.86398643  34.0887
