9.767966  14.341426  0.1930685
24.472921  12.555504  1.443357
34.27491  12.218355  2.8718643
48.818447  13.382289  5.6789904
58.267906  15.468174  7.8001266
71.782684  20.701702  11.036351
80.15143  25.584312  13.089496
91.39963  34.877014  15.864465
0.0  16.02302  0.0
98.16777  41.919262  17.536507
96.381996  27.48743  17.07977
92.80619  18.455963  16.19008
88.99425  9.52343  15.2453
87.1588  0.00035474155  14.790282
88.99567  -9.522706  15.240475
92.80842  -18.455227  16.180614
96.38561  -27.486687  17.065495
98.17337  -41.918507  17.514725
91.40382  -34.876286  15.84678
80.154526  -25.583618  13.077396
71.78486  -20.701038  11.027358
58.26931  -15.467525  7.7942495
48.819416  -13.381711  5.675005
34.275356  -12.217932  2.8700008
24.473583  -12.555189  1.441442
9.7676  -14.341443  0.19399929
0.0  -16.02302  0.0
0.0  5.3410068  0.0
0.0  -5.3410068  0.0
78.967545  -6.616436  12.786329
79.26263  -16.109743  12.85758
79.08874  6.6496406  12.819204
79.26267  16.09379  12.865623
10.26045  -0.02857948  0.28025246
55.650604  6.3402486  7.2276497
55.349472  -6.398094  7.1567807
70.68363  -10.886184  10.768091
70.6285  10.695235  10.759876
42.4601  -0.12565479  4.432396
31.801044  -0.10160591  2.5553718
16.14001  -0.057396658  0.6788831
67.127754  0.8628657  9.918877
