9.767912  14.341167  -0.2289381
24.437658  12.554443  -1.8459616
34.144184  12.217113  -3.8364716
48.364788  13.380986  -7.9861403
57.47814  15.466942  -11.267088
70.375114  20.700397  -16.444082
78.306816  25.582514  -19.81229
88.927536  34.87366  -24.444494
0.0  16.02302  0.0
95.30569  41.914665  -27.262392
93.68061  27.48416  -26.370642
90.32891  18.453592  -24.834114
86.73968  9.52161  -23.237244
85.0065  -0.0013572107  -22.479671
86.73895  -9.524403  -23.23847
90.32719  -18.456547  -24.836174
93.67797  -27.48725  -26.37382
95.30183  -41.917797  -27.267252
88.92405  -34.876534  -24.447834
78.30493  -25.58491  -19.814226
70.373634  -20.702423  -16.445023
57.477703  -15.468313  -11.26628
48.3646  -13.381933  -7.98479
34.144093  -12.217504  -3.8350039
24.437881  -12.5545845  -1.8446608
9.767471  -14.341251  -0.22763157
0.0  -16.02302  0.0
0.0  5.3410068  0.0
0.0  -5.3410068  0.0
77.217  -6.617999  -19.248856
77.48275  -16.111258  -19.399546
77.33343  6.6481605  -19.296663
77.48592  16.09225  -19.399084
10.257479  -0.028617758  -0.33843422
54.947945  6.3393826  -10.3847275
54.65741  -6.399089  -10.27754
69.33295  -10.887586  -16.00204
69.28231  10.694004  -15.980587
42.15609  -0.12625101  -6.1300206
31.685764  -0.101957805  -3.4010754
16.128107  -0.057496745  -0.84520435
65.94469  0.8616523  -14.6305275
