9.753504  14.339809  0.57553864
24.078856  12.552591  4.1131725
33.15104  12.215959  8.116145
45.71135  13.380738  15.9756155
53.33879  15.467216  21.950441
63.736374  20.700857  31.173538
69.98916  25.58236  37.10509
78.26855  34.87134  45.215324
0.0  16.02302  0.0
83.21413  41.91059  50.134804
82.08295  27.482197  48.645325
79.52656  18.45294  45.98326
76.75318  9.521674  43.197662
75.40539  -0.0013477504  41.86914
76.75578  -9.524559  43.193848
79.5314  -18.456242  45.975613
82.0901  -27.485918  48.634125
83.22512  -41.91463  50.117706
78.27767  -34.874657  45.200653
69.99608  -25.58451  37.094418
63.74159  -20.70221  31.16518
53.342915  -15.467507  21.944002
45.71434  -13.380615  15.970779
33.15246  -12.215615  8.113553
24.080254  -12.5522785  4.1102734
9.753281  -14.339826  0.57598495
0.0  -16.02302  0.0
0.0  5.3410068  0.0
0.0  -5.3410068  0.0
69.21054  -6.6179323  36.145752
69.39369  -16.111176  36.393806
69.3008  6.6484776  36.233917
69.390884  16.092518  36.401875
10.223465  -0.028592559  0.7835541
51.207924  6.340165  20.325127
50.968174  -6.3988376  20.128996
62.920273  -10.887428  30.388126
62.876408  10.694574  30.355215
40.27095  -0.12582253  12.454955
30.830751  -0.10167595  7.184986
16.003664  -0.057432905  1.9074669
60.197643  0.86210436  27.94986
