9.768241  14.341254  -0.18931675
24.495466  12.555435  -1.1604915
34.356243  12.218011  -2.0973277
49.081043  13.381411  -3.7083836
58.700375  15.4670515  -4.8342237
72.49644  20.700333  -6.513136
81.04687  25.582436  -7.589741
92.53812  34.87334  -9.080627
0.0  16.02302  0.0
99.45119  41.91402  -9.99431
97.631096  27.482954  -9.6713295
93.9796  18.4525  -9.163456
90.08562  9.520949  -8.644319
88.2101  -0.0013242667  -8.398594
90.08593  -9.523683  -8.640304
93.97971  -18.455423  -9.155053
97.63154  -27.486067  -9.6584835
99.451935  -41.917248  -9.974659
92.53831  -34.876244  -9.06489
81.047104  -25.584803  -7.5794764
72.4964  -20.702326  -6.505644
58.70025  -15.468398  -4.829525
49.080936  -13.382348  -3.7048163
34.35616  -12.218402  -2.0946622
24.4957  -12.555567  -1.15832
9.767809  -14.341345  -0.1880722
0.0  -16.02302  0.0
0.0  5.3410068  0.0
0.0  -5.3410068  0.0
79.83873  -6.617824  -7.3820353
80.13833  -16.111015  -7.436284
79.96332  6.64804  -7.399807
80.140236  16.092056  -7.4426775
10.262741  -0.028609833  -0.2511301
56.038647  6.339207  -4.5238333
55.731316  -6.398882  -4.485974
71.374504  -10.887453  -6.3557997
71.31944  10.693914  -6.352585
42.63927  -0.12623455  -3.0015445
31.872055  -0.10194225  -1.8813105
16.147608  -0.057481427  -0.57874775
67.74522  0.8616561  -5.914556
