9.766124  14.341357  0.26078606
24.453205  12.55571  1.7046828
34.252052  12.218589  3.1480584
48.84487  13.382376  5.680665
58.364285  15.468218  7.4545765
72.0101  20.701801  10.073585
80.46489  25.58447  11.728609
91.82576  34.877354  13.988873
0.0  16.02302  0.0
98.65982  41.919758  15.361589
96.86503  27.487991  14.940321
93.2564  18.456467  14.197581
89.4068  9.523817  13.42425
87.55192  0.0006628806  13.057251
89.40635  -9.522434  13.429197
93.25496  -18.45495  14.206533
96.86336  -27.486338  14.952618
98.657875  -41.917976  15.379595
91.82342  -34.875854  14.0054245
80.463005  -25.58335  11.743005
72.00813  -20.700914  10.086057
58.36296  -15.467626  7.4631968
48.843887  -13.381944  5.6869907
34.251617  -12.218356  3.1512904
24.453445  -12.555596  1.7051725
9.765656  -14.341454  0.2633276
0.0  -16.02302  0.0
0.0  5.3410068  0.0
0.0  -5.3410068  0.0
79.272026  -6.616234  11.466927
79.56663  -16.109516  11.541221
79.39582  6.6498327  11.486818
79.570015  16.093964  11.532453
10.256724  -0.02861212  0.35851955
55.729317  6.340198  6.9721966
55.424667  -6.398103  6.9186397
70.899796  -10.886065  9.859548
70.84624  10.695306  9.842482
42.461304  -0.1257209  4.572444
31.780699  -0.101674944  2.818912
16.131168  -0.057452556  0.83575535
67.310555  0.8629245  9.16609
