9.755997  14.340037  0.5251379
24.23126  12.554779  3.400217
33.71154  12.218351  6.2808027
47.646248  13.382449  11.306937
56.692616  15.468275  14.763949
69.68288  20.701773  19.699722
77.763916  25.58398  22.689707
88.66605  34.874958  26.611725
0.0  16.02302  0.0
95.23995  41.915672  28.93602
93.4396  27.485489  28.486477
89.945915  18.45514  27.308086
86.23993  9.523323  26.00584
84.459755  0.0006184183  25.36674
86.24073  -9.522047  26.004807
89.94654  -18.453777  27.306595
93.440575  -27.484043  28.484966
95.24166  -41.914143  28.934423
88.667465  -34.873615  26.609255
77.76588  -25.582863  22.686222
69.68461  -20.700792  19.695675
56.694378  -15.467435  14.759727
47.647675  -13.381682  11.303322
33.712593  -12.217761  6.277996
24.232828  -12.554361  3.3961143
9.755532  -14.340105  0.52722263
0.0  -16.02302  0.0
0.0  5.3410068  0.0
0.0  -5.3410068  0.0
76.57944  -6.616182  22.367336
76.87951  -16.10932  22.432251
76.69631  6.649787  22.412825
76.880165  16.093777  22.435791
10.232712  -0.028600607  0.7056227
54.184788  6.3403425  13.8213005
53.89653  -6.39799  13.708912
68.61327  -10.886009  19.329517
68.56013  10.695359  19.312584
41.554783  -0.12556212  9.099113
31.310228  -0.1015338  5.609227
16.048489  -0.057410814  1.6537342
65.19163  0.86299795  18.041653
