9.72159  14.337787  -0.9610634
23.306583  12.5496645  -6.66786
30.974512  12.213238  -12.969795
39.821144  13.378392  -24.852571
44.14804  15.465575  -33.527035
49.063576  20.699482  -46.52832
51.672535  25.579237  -54.7443
54.906456  34.86216  -65.87958
0.0  16.02302  0.0
56.77498  41.89649  -72.60582
56.662216  27.473211  -70.7
55.801544  18.447596  -67.1019
54.781387  9.51872  -63.30066
54.263557  -0.0035811882  -61.47831
54.78338  -9.5262375  -63.298286
55.805603  -18.455845  -67.09721
56.66854  -27.482199  -70.69284
56.784798  -41.905952  -72.594955
54.91449  -34.87031  -65.87048
51.678463  -25.58526  -54.737698
49.068012  -20.703962  -46.523075
44.152664  -15.467861  -33.522663
39.825066  -13.379608  -24.84879
30.97705  -12.213331  -12.966574
23.309425  -12.549423  -6.6635685
9.72159  -14.33779  -0.9606819
0.0  -16.02302  0.0
0.0  5.3410068  0.0
0.0  -5.3410068  0.0
51.546402  -6.619958  -53.49356
51.548702  -16.112928  -53.812447
51.58488  6.646733  -53.614223
51.545807  16.090487  -53.818558
10.163282  -0.02861795  -1.229599
42.9299  6.3395553  -31.139418
42.79908  -6.40003  -30.858019
48.73716  -10.889335  -45.441628
48.716442  10.693446  -45.39199
36.14924  -0.12631173  -19.511974
29.01555  -0.10189095  -11.409964
15.768248  -0.05749256  -3.027153
47.48706  0.8607965  -42.00853
