9.7316675  14.337994  0.8719692
23.561752  12.550459  5.9865093
31.766201  12.213864  11.56802
42.18586  13.378176  22.106697
48.00146  15.464263  29.86227
55.484756  20.696827  41.581924
59.83632  25.57702  49.0263
65.50634  34.862976  59.143658
0.0  16.02302  0.0
68.86656  41.899933  65.26287
68.233376  27.473072  63.489624
66.541534  18.44538  60.203392
64.669014  9.515393  56.74293
63.75039  -0.0069911336  55.085564
64.67381  -9.529919  56.73702
66.55113  -18.461103  60.191204
68.24867  -27.490042  63.4713
68.890755  -41.917713  65.23487
65.524734  -34.87858  59.12085
59.84778  -25.589094  49.01116
55.492264  -20.706371  41.570374
48.007034  -15.469965  29.853762
42.1901  -13.381725  22.099611
31.76908  -12.214963  11.562141
23.565266  -12.550598  5.979357
9.73118  -14.338152  0.8718586
0.0  -16.02302  0.0
0.0  5.3410068  0.0
0.0  -5.3410068  0.0
59.381126  -6.6227565  47.867325
59.478546  -16.115917  48.161644
59.44323  6.64366  47.978836
59.47281  16.087572  48.17301
10.178538  -0.028654477  1.1336575
46.36811  6.3378444  27.735546
46.188225  -6.401431  27.481789
54.923603  -10.8915415  40.59327
54.89058  10.690754  40.55191
37.74561  -0.12715755  17.3839
29.660995  -0.102293536  10.215176
15.83749  -0.057552844  2.7602215
52.977097  0.8585224  37.49981
