9.76362  14.340624  -0.3666277
24.393473  12.554894  -2.3192801
34.109573  12.217812  -4.254108
48.5359  13.381403  -7.6188264
57.935005  15.467117  -9.953416
71.4101  20.70051  -13.351341
79.76566  25.582657  -15.457279
91.004196  34.87365  -18.274918
0.0  16.02302  0.0
97.76873  41.914387  -19.964935
95.97057  27.483078  -19.54636
92.392166  18.452593  -18.662045
88.58117  9.521097  -17.711323
86.746346  -0.0010415693  -17.251734
88.58163  -9.523242  -17.709278
92.39269  -18.454845  -18.656761
95.97189  -27.485424  -19.537437
97.77142  -41.916733  -19.950329
91.00566  -34.875854  -18.26418
79.766426  -25.584545  -15.451871
71.410126  -20.702127  -13.348154
57.93489  -15.46824  -9.951653
48.535774  -13.382172  -7.6172523
34.109566  -12.21813  -4.252417
24.393946  -12.555044  -2.3167448
9.763335  -14.3407135  -0.36477757
0.0  -16.02302  0.0
0.0  5.3410068  0.0
0.0  -5.3410068  0.0
78.57382  -6.617578  -15.177755
78.871  -16.110739  -15.24198
78.69542  6.6482444  -15.209679
78.872826  16.092237  -15.24534
10.250759  -0.028627895  -0.4889574
55.33183  6.339318  -9.317803
55.0315  -6.3987823  -9.242324
70.30998  -10.88727  -13.081961
70.25607  10.69408  -13.069902
42.22561  -0.1261728  -6.1440353
31.656113  -0.10191524  -3.8076134
16.108833  -0.05751523  -1.1398621
66.764145  0.86181366  -12.191849
