9.745134  14.338648  -0.7095909
23.991306  12.552893  -4.562752
33.09455  12.21666  -8.489837
46.13288  13.3807535  -15.531654
54.420937  15.46652  -20.547459
66.16122  20.699686  -27.990248
73.40044  25.581264  -32.66926
83.1136  34.870308  -38.99463
0.0  16.02302  0.0
88.95272  41.9093  -42.811058
87.43645  27.478678  -41.7492
84.3593  18.44929  -39.714905
81.07282  9.518858  -37.560303
79.488655  -0.0025123951  -36.524925
81.07631  -9.524082  -37.553493
84.365906  -18.454924  -39.700756
87.446655  -27.484724  -41.72798
88.968605  -41.915565  -42.778873
83.12616  -34.87586  -38.968163
73.40925  -25.585615  -32.65116
66.167496  -20.70316  -27.976458
54.42507  -15.468611  -20.538054
46.135826  -13.382001  -15.524425
33.09631  -12.21698  -8.484779
23.9934  -12.552909  -4.5572243
9.74501  -14.3387  -0.7074261
0.0  -16.02302  0.0
0.0  5.3410068  0.0
0.0  -5.3410068  0.0
72.39208  -6.618721  -31.968662
72.64421  -16.111834  -32.138893
72.495575  6.6470237  -32.04109
72.64081  16.090956  -32.15113
10.209551  -0.028630864  -0.93148994
52.116673  6.339018  -19.177904
51.854065  -6.399334  -19.013025
65.21126  -10.888275  -27.370085
65.16115  10.693311  -27.34726
40.447292  -0.12632617  -12.420815
30.774372  -0.10194136  -7.5700474
15.96312  -0.057528205  -2.1998997
62.12123  0.8610579  -25.41564
