9.758373  14.340384  0.47221756
24.242743  12.553863  3.2997408
33.651337  12.217107  6.4152203
47.195393  13.381491  12.41798
55.764698  15.467645  16.933992
67.80413  20.701317  23.876553
75.17712  25.583578  28.33794
85.02515  34.87492  34.443832
0.0  16.02302  0.0
90.93179  41.916054  38.150608
89.46356  27.485794  37.015594
86.37126  18.455172  35.006973
83.049065  9.523019  32.909794
81.44237  -0.00017333738  31.911549
83.04913  -9.523376  32.90985
86.37137  -18.455559  35.00653
89.463974  -27.486208  37.01448
90.93285  -41.916504  38.148506
85.02547  -34.875305  34.442387
75.17702  -25.583878  28.33792
67.80364  -20.701563  23.87703
55.76482  -15.467781  16.933548
47.195694  -13.381572  12.417264
33.65172  -12.217081  6.4143047
24.243582  -12.553765  3.2974777
9.758105  -14.340436  0.4725361
0.0  -16.02302  0.0
0.0  5.3410068  0.0
0.0  -5.3410068  0.0
74.18564  -6.617007  27.614626
74.42544  -16.110281  27.804958
74.29365  6.649231  27.678734
74.42736  16.09335  27.805893
10.237047  -0.028602706  0.6493492
53.380924  6.340046  15.710493
53.108322  -6.3986425  15.564104
66.83715  -10.886749  23.289364
66.78947  10.694907  23.26114
41.29143  -0.12593704  9.748217
31.257393  -0.10179092  5.7054033
16.056149  -0.057463195  1.5599518
63.67545  0.8624532  21.45432
