9.769725  14.341596  -0.035121292
24.528288  12.555885  -0.07353631
34.432373  12.218604  0.007517159
49.240707  13.382499  0.33402434
58.91989  15.46854  0.65862477
72.80562  20.702446  1.224783
81.414314  25.585041  1.6137198
92.987785  34.876877  2.1660366
0.0  16.02302  0.0
99.95189  41.91822  2.5076003
98.11123  27.486786  2.371073
94.430695  18.455917  2.1757932
90.50781  9.523983  1.9807897
88.61896  0.0014678139  1.890664
90.50842  -9.520942  1.9824297
94.43133  -18.45267  2.1790223
98.112434  -27.483337  2.3757064
99.953835  -41.914658  2.5143633
92.98903  -34.873688  2.171904
81.41545  -25.582447  1.6182536
72.80639  -20.700293  1.2285919
58.92044  -15.467006  0.66120154
49.241173  -13.38138  0.33616683
34.432682  -12.217995  0.0092829615
24.528795  -12.555514  -0.07251918
9.769422  -14.341584  -0.03396213
0.0  -16.02302  0.0
0.0  5.3410068  0.0
0.0  -5.3410068  0.0
80.19407  -6.6154437  1.5318953
80.49752  -16.108658  1.557506
80.31922  6.6504807  1.5361148
80.498856  16.094553  1.554769
10.266495  -0.028571172  -0.032946438
56.241974  6.340549  0.5738504
55.933  -6.3976007  0.5641169
71.675644  -10.885458  1.1730251
71.61977  10.695948  1.1687951
42.762684  -0.12546448  0.1839268
31.939175  -0.101523176  -0.002358511
16.160473  -0.057379182  -0.057676017
68.0224  0.86350226  1.0204866
