9.754456  14.3390465  -0.5919876
24.07829  12.552076  -4.145607
33.176292  12.215571  -8.093207
45.875282  13.380421  -15.732678
53.663723  15.467099  -21.498402
64.355896  20.701275  -30.382996
70.80971  25.582409  -36.09918
79.367874  34.86849  -43.922295
0.0  16.02302  0.0
84.48274  41.904842  -48.670258
83.293304  27.477377  -47.219803
80.64288  18.44998  -44.646828
77.77304  9.5206585  -41.95824
76.37907  -0.00057355926  -40.677402
77.774055  -9.521891  -41.95671
80.64468  -18.451397  -44.643444
83.29584  -27.478992  -47.21517
84.48647  -41.906586  -48.663452
79.371  -34.869907  -43.91581
70.812805  -25.583298  -36.09414
64.35833  -20.7018  -30.378761
53.66611  -15.46711  -21.49464
45.877087  -13.380256  -15.729668
33.17721  -12.215349  -8.091289
24.079468  -12.5518675  -4.1434307
9.754081  -14.339093  -0.5911312
0.0  -16.02302  0.0
0.0  5.3410068  0.0
0.0  -5.3410068  0.0
69.99251  -6.6171308  -35.168736
70.18483  -16.110117  -35.41213
70.08666  6.6488237  -35.252274
70.18457  16.092648  -35.416595
10.223747  -0.028609255  -0.79942703
51.489014  6.3400865  -19.930792
51.243156  -6.3985233  -19.742626
63.51147  -10.887045  -29.626513
63.467896  10.694967  -29.592731
40.364544  -0.12583263  -12.320482
30.85035  -0.101719886  -7.17725
16.003044  -0.057465408  -1.9383621
60.71045  0.86241955  -27.276587
