9.753919  14.339976  -0.56132126
24.173145  12.554106  -3.701806
33.527634  12.217665  -6.9739933
47.084915  13.3818  -12.946443
55.762623  15.46752  -17.248472
68.093864  20.700628  -23.658337
75.71156  25.58286  -27.68674
85.94499  34.87479  -33.120358
0.0  16.02302  0.0
92.10146  41.91646  -36.393326
90.4834  27.484812  -35.507706
87.23312  18.45371  -33.770294
83.76674  9.521549  -31.923082
82.09706  -0.0012866305  -31.034264
83.76818  -9.524234  -31.919506
87.23474  -18.456648  -33.764206
90.48528  -27.487984  -35.50023
92.103905  -41.919727  -36.383263
85.94819  -34.877644  -33.10889
75.71637  -25.58497  -27.674316
68.09869  -20.702173  -23.646008
55.766907  -15.46815  -17.238016
47.088184  -13.381916  -12.938047
33.529438  -12.21739  -6.96887
24.17458  -12.55385  -3.69767
9.753629  -14.340008  -0.5604973
0.0  -16.02302  0.0
0.0  5.3410068  0.0
0.0  -5.3410068  0.0
74.63829  -6.617787  -27.099705
74.90643  -16.111082  -27.24113
74.74795  6.6482754  -27.16181
74.90514  16.092392  -27.250374
10.227737  -0.028604373  -0.7504463
53.352783  6.3397856  -16.076897
53.077763  -6.398754  -15.934219
67.092545  -10.887294  -23.129145
67.040665  10.694215  -23.110107
41.168106  -0.12588385  -10.305382
31.150196  -0.10169002  -6.2166176
16.028849  -0.057462137  -1.7798853
63.847244  0.861932  -21.446583
