9.765444  14.340824  0.3295021
24.331203  12.553184  2.7083454
33.781826  12.215926  5.7042894
47.147808  13.380501  12.097298
55.359367  15.46734  17.240892
66.568214  20.701637  25.45801
73.292755  25.582703  30.849133
82.17515  34.86905  38.297264
0.0  16.02302  0.0
87.474014  41.906002  42.837387
86.290985  27.480492  41.36029
83.56095  18.452976  38.870193
80.59052  9.522658  36.292557
79.144585  -0.00020008499  35.070843
80.59258  -9.523163  36.289474
83.564766  -18.453726  38.863945
86.29649  -27.481503  41.351234
87.48241  -41.90726  42.823757
82.1821  -34.869884  38.285538
73.29813  -25.582891  30.840591
66.57213  -20.701414  25.45148
55.362404  -15.466678  17.235947
47.149857  -13.379861  12.093884
33.782536  -12.215521  5.703253
24.331745  -12.552951  2.7077084
9.76523  -14.340831  0.32980537
0.0  -16.02302  0.0
0.0  5.3410068  0.0
0.0  -5.3410068  0.0
72.47128  -6.6170125  29.91375
72.66127  -16.110102  30.163572
72.569016  6.649473  29.993092
72.65959  16.093372  30.170162
10.248763  -0.028586725  0.48303032
53.068756  6.3404765  15.849408
52.80995  -6.3983183  15.679699
65.69244  -10.886718  24.740513
65.64615  10.69539  24.710438
41.345154  -0.12566589  9.210152
31.3729  -0.101646736  5.0311403
16.092869  -0.057426758  1.2164364
62.760406  0.8627909  22.55861
