9.752285  14.338813  0.6312866
24.007523  12.551804  4.4475117
32.96924  12.21556  8.698835
45.279884  13.381387  16.950718
52.69805  15.469166  23.18708
62.736164  20.705051  32.80494
68.73215  25.58672  39.000015
76.63053  34.87216  47.491234
0.0  16.02302  0.0
81.33409  41.90765  52.64955
80.32372  27.482193  51.05031
77.9131  18.455654  48.24794
75.27855  9.526518  45.327003
73.99273  0.0051206574  43.93818
75.27842  -9.515838  45.330208
77.91301  -18.44407  48.2531
80.324554  -27.469776  51.057785
81.335754  -41.89474  52.66095
76.6301  -34.860806  47.501854
68.72988  -25.577911  39.01007
62.732727  -20.69808  32.814327
52.695858  -15.464878  23.19374
45.27831  -13.378734  16.955921
32.96865  -12.214597  8.701918
24.008362  -12.55138  4.4475327
9.751662  -14.338934  0.63334465
0.0  -16.02302  0.0
0.0  5.3410068  0.0
0.0  -5.3410068  0.0
68.02153  -6.6125255  37.982143
68.179504  -16.105328  38.256485
68.11096  6.6535234  38.068413
68.18275  16.097267  38.251556
10.216745  -0.02862151  0.8533859
50.623695  6.342048  21.49012
50.388336  -6.3967013  21.290806
61.954666  -10.883528  31.988754
61.91697  10.698643  31.944801
39.95196  -0.124998584  13.260466
30.673994  -0.10139945  7.7065735
15.980532  -0.057441093  2.070137
59.332485  0.86560065  29.43864
