9.75359  14.339788  0.5661926
24.18539  12.554598  3.650138
33.6023  12.218244  6.73368
47.41477  13.38234  12.087683
56.382034  15.468129  15.7466135
69.27022  20.70164  20.946293
77.29197  25.583937  24.095192
88.112335  34.875153  28.24065
0.0  16.02302  0.0
94.63531  41.916058  30.70554
92.85808  27.485395  30.184172
89.393974  18.454859  28.92191
85.716705  9.523014  27.539719
83.94961  0.0003738223  26.865318
85.71617  -9.522251  27.541819
89.392235  -18.45408  28.926346
92.85566  -27.484615  30.191036
94.63178  -41.91529  30.715782
88.10928  -34.87442  28.248497
77.29041  -25.583267  24.099865
69.2692  -20.701036  20.949112
56.381958  -15.467596  15.747036
47.41501  -13.381869  12.087372
33.602806  -12.21786  6.732585
24.186913  -12.554238  3.6466484
9.753045  -14.339852  0.5675144
0.0  -16.02302  0.0
0.0  5.3410068  0.0
0.0  -5.3410068  0.0
76.12125  -6.616388  23.729668
76.41577  -16.109587  23.811707
76.23824  6.6495786  23.775076
76.41853  16.093616  23.8098
10.228605  -0.028594013  0.75625515
53.896862  6.340194  14.745199
53.6104  -6.3981433  14.6284485
68.210144  -10.8862  20.54943
68.15891  10.695195  20.527834
41.377014  -0.12569186  9.736879
31.215464  -0.101620086  6.0122585
16.031681  -0.057417616  1.773529
64.816086  0.8628309  19.189795
