9.770243  14.341397  0.03827262
24.530195  12.555608  0.06777823
34.434216  12.218338  -0.089755654
49.234688  13.382262  -0.696923
58.899662  15.468377  -1.3189348
72.7531  20.702354  -2.4228983
81.33778  25.58465  -3.1743884
92.87872  34.87515  -4.2119713
0.0  16.02302  0.0
99.82352  41.91526  -4.840378
97.98488  27.48417  -4.6601458
94.31397  18.454096  -4.321765
90.40209  9.523009  -3.9646707
88.51853  0.0012194284  -3.794116
90.40276  -9.520506  -3.9626691
94.314575  -18.451468  -4.3185325
97.985985  -27.481411  -4.656148
99.825424  -41.91241  -4.835011
92.8801  -34.872562  -4.2055845
81.3393  -25.582428  -3.1669674
72.754234  -20.700386  -2.415298
58.90057  -15.466792  -1.3122869
49.23534  -13.380963  -0.6913605
34.43464  -12.217561  -0.08636451
24.530584  -12.555195  0.0689162
9.769813  -14.34138  0.03977871
0.0  -16.02302  0.0
0.0  5.3410068  0.0
0.0  -5.3410068  0.0
80.11898  -6.615538  -3.0601695
80.42242  -16.108667  -3.0855765
80.24364  6.6502385  -3.0731666
80.423615  16.094213  -3.0906267
10.266402  -0.02857526  0.038375735
56.224773  6.3405404  -1.1598103
55.91639  -6.397506  -1.1361902
71.624794  -10.885565  -2.331404
71.568825  10.695884  -2.3310006
42.760414  -0.12537263  -0.41545254
31.940632  -0.1014544  -0.06815672
16.161509  -0.057385523  0.060635567
67.980156  0.86345506  -2.0398502
