9.753973  14.339757  -0.57146835
24.134329  12.553172  -3.8836517
33.379707  12.216359  -7.4601154
46.556923  13.380189  -14.2333
54.83314  15.465813  -19.268011
66.4191  20.6986  -26.945747
73.50709  25.580252  -31.84867
82.97917  34.870644  -38.525574
0.0  16.02302  0.0
88.662895  41.911102  -42.566948
87.236534  27.480526  -41.384167
84.25729  18.45025  -39.21046
81.06114  9.518644  -36.924976
79.51631  -0.0040649464  -35.832275
81.06195  -9.527075  -36.921574
84.258896  -18.459312  -39.203117
87.23912  -27.490202  -41.372902
88.667175  -41.921127  -42.549572
82.98213  -34.87955  -38.51094
73.509285  -25.587317  -31.838696
66.42057  -20.704327  -26.937822
54.83478  -15.469445  -19.26137
46.55842  -13.382545  -14.227369
33.38084  -12.217207  -7.455056
24.13575  -12.553393  -3.8785458
9.753599  -14.339852  -0.56975555
0.0  -16.02302  0.0
0.0  5.3410068  0.0
0.0  -5.3410068  0.0
72.54646  -6.6202497  -31.08321
72.780846  -16.113543  -31.277046
72.649704  6.6459084  -31.156544
72.78138  16.089998  -31.284325
10.225874  -0.028632019  -0.7693958
52.527752  6.3384776  -17.900892
52.26529  -6.400216  -17.735415
65.48618  -10.889429  -26.30119
65.439316  10.69228  -26.274364
40.81889  -0.12675248  -11.221397
31.022472  -0.102168985  -6.634304
16.01762  -0.05753909  -1.842926
62.443226  0.8600671  -24.276531
