9.749058  14.339094  0.65937424
23.94182  12.551679  4.688673
32.77124  12.215211  9.208008
44.732216  13.380121  17.95503
51.86505  15.466604  24.514008
61.49832  20.7002  34.534378
67.27328  25.581772  40.93284
74.920204  34.871082  49.64231
0.0  16.02302  0.0
79.48964  41.910576  54.91296
78.43907  27.481335  53.37384
76.076355  18.451836  50.539505
73.515045  9.520633  47.55819
72.270065  -0.0021190501  46.13289
73.51532  -9.525071  47.556767
76.07631  -18.456688  50.536922
78.43851  -27.486578  53.37053
79.48856  -41.91603  54.908165
74.9202  -34.87581  49.637184
67.27499  -25.5853  40.927757
61.500313  -20.702839  34.529613
51.868015  -15.4679165  24.509092
44.734787  -13.380749  17.950747
32.772797  -12.215182  9.204834
23.943619  -12.55146  4.684799
9.748787  -14.339129  0.65984154
0.0  -16.02302  0.0
0.0  5.3410068  0.0
0.0  -5.3410068  0.0
66.550255  -6.618603  39.934467
66.71896  -16.111837  40.191185
66.63468  6.6477313  40.028313
66.719086  16.091782  40.196022
10.212309  -0.028602315  0.8858547
49.868553  6.339717  22.725641
49.64455  -6.399322  22.51146
60.739323  -10.888065  33.693134
60.700005  10.693937  33.655388
39.569626  -0.12610123  14.037744
30.509487  -0.1018099  8.141037
15.960217  -0.057458263  2.1633968
58.21954  0.8615043  31.045599
