9.765769  14.340874  -0.31599045
24.379099  12.554072  -2.3815784
33.988194  12.216896  -4.8032284
47.979492  13.380722  -9.672648
56.90401  15.466532  -13.437719
69.499695  20.699715  -19.31043
77.235405  25.58171  -23.107094
87.589584  34.872803  -28.307861
0.0  16.02302  0.0
93.80729  41.913807  -31.464245
92.22368  27.48307  -30.5043
88.95694  18.452469  -28.795177
85.45816  9.5205345  -27.008595
83.76837  -0.0023918008  -26.158092
85.4576  -9.525479  -27.008318
88.95526  -18.457767  -28.794395
92.22145  -27.488699  -30.503159
93.804245  -41.919586  -31.462269
87.58708  -34.877987  -28.30527
77.23442  -25.585865  -23.10418
69.499146  -20.703098  -19.307076
56.904453  -15.468646  -13.4335165
47.98004  -13.382057  -9.668444
33.988598  -12.217353  -4.79982
24.379456  -12.554243  -2.3788471
9.7652445  -14.340965  -0.31438732
0.0  -16.02302  0.0
0.0  5.3410068  0.0
0.0  -5.3410068  0.0
76.17213  -6.6188416  -22.496086
76.43192  -16.112123  -22.654684
76.285416  6.647318  -22.551487
76.434555  16.091415  -22.65738
10.251053  -0.028623402  -0.44921207
54.423714  6.339077  -12.422888
54.139698  -6.399433  -12.29877
68.48115  -10.888236  -18.814854
68.4312  10.693356  -18.7929
41.874176  -0.12637156  -7.499839
31.55039  -0.10199173  -4.2628517
16.107151  -0.057520647  -1.1052818
65.17218  0.8610864  -17.262438
