9.745771  14.338468  0.70495224
23.986286  12.552994  4.580559
33.070892  12.217086  8.552282
46.04507  13.382056  15.711952
54.27381  15.468442  20.82495
65.924995  20.702562  28.406437
73.11576  25.58482  33.15954
82.776306  34.87496  39.56373
0.0  16.02302  0.0
88.58878  41.914722  43.419197
87.05571  27.483753  42.386147
83.98561  18.453907  40.342937
80.71268  9.523067  38.169167
79.136635  0.00149812  37.123116
80.71451  -9.519995  38.167385
83.988976  -18.45067  40.339096
87.06113  -27.480366  42.379887
88.59739  -41.91126  43.40937
82.78245  -34.871784  39.55615
73.1198  -25.582106  33.15541
65.92751  -20.700182  28.403847
54.275654  -15.466563  20.823137
46.046318  -13.380557  15.710781
33.071697  -12.216197  8.551577
23.988152  -12.552388  4.5777664
9.745197  -14.338511  0.70637894
0.0  -16.02302  0.0
0.0  5.3410068  0.0
0.0  -5.3410068  0.0
72.097466  -6.615284  32.47855
72.35223  -16.108372  32.646038
72.20136  6.6504602  32.54869
72.3515  16.094412  32.649788
10.209932  -0.028596802  0.93255234
51.984104  6.340827  19.431997
51.722675  -6.3975286  19.266905
64.975075  -10.885398  27.790161
64.92717  10.696132  27.761263
40.38922  -0.1253043  12.548801
30.75418  -0.10141197  7.6238117
15.962297  -0.05739663  2.203249
61.909103  0.86365753  25.796717
