9.768859  14.341485  -0.14490199
24.510817  12.555755  -0.8499894
34.39336  12.218498  -1.5086267
49.16414  13.382301  -2.608343
58.818962  15.468259  -3.356621
72.672035  20.70204  -4.443853
81.26125  25.584545  -5.122773
92.80981  34.876343  -6.0406623
0.0  16.02302  0.0
99.75923  41.91769  -6.5952997
97.921295  27.486166  -6.4384265
94.24803  18.455305  -6.1425695
90.33345  9.523405  -5.82983
88.44829  0.0009458815  -5.680836
90.33384  -9.521448  -5.8316927
94.24813  -18.4532  -6.1461554
97.921684  -27.48391  -6.444233
99.76027  -41.915318  -6.604479
92.810326  -34.874287  -6.0474043
81.261986  -25.582918  -5.1264696
72.67239  -20.70069  -4.4459963
58.8193  -15.467285  -3.3571699
49.164394  -13.3815565  -2.6081824
34.39354  -12.218069  -1.5080316
24.511204  -12.555538  -0.8492608
9.76863  -14.341504  -0.14317846
0.0  -16.02302  0.0
0.0  5.3410068  0.0
0.0  -5.3410068  0.0
80.04305  -6.6158967  -5.021901
80.3458  -16.109102  -5.0488777
80.16802  6.6500077  -5.030873
80.34756  16.094059  -5.0467043
10.2637615  -0.028595304  -0.1875813
56.147724  6.340292  -3.1517973
55.83935  -6.397842  -3.128031
71.54421  -10.885842  -4.3550987
71.488594  10.695545  -4.349685
42.702267  -0.12559953  -2.1285136
31.90492  -0.101598024  -1.3558573
16.153553  -0.057427134  -0.42849422
67.899536  0.86314404  -4.0685086
