9.742249  14.338193  0.7516384
23.904345  12.55269  4.9021587
32.85447  12.216996  9.170765
45.51207  13.38223  16.87754
53.48934  15.468689  22.375118
64.769646  20.702808  30.498592
71.7406  25.58504  35.568554
81.12479  34.875015  42.37153
0.0  16.02302  0.0
86.77827  41.914604  46.457024
85.2556  27.483747  45.407364
82.260315  18.45402  43.255898
79.07644  9.523273  40.953384
77.54617  0.0017555321  39.84126
79.0805  -9.519671  40.94879
82.2681  -18.450233  43.24609
85.267815  -27.47979  45.39236
86.79741  -41.91051  46.433777
81.13937  -34.871258  42.35338
71.74997  -25.581789  35.55758
64.775894  -20.699913  30.491173
53.4932  -15.466321  22.370749
45.514484  -13.380287  16.874891
32.85575  -12.215827  9.16962
23.906464  -12.551943  4.8988934
9.741596  -14.338225  0.75318146
0.0  -16.02302  0.0
0.0  5.3410068  0.0
0.0  -5.3410068  0.0
70.7366  -6.615024  34.866425
70.992195  -16.108088  35.03331
70.835785  6.6507144  34.94307
70.988174  16.09465  35.041344
10.20171  -0.028592683  0.99150467
51.26752  6.3411016  20.876274
51.014935  -6.397339  20.697927
63.84613  -10.885154  29.843246
63.79774  10.696396  29.814686
40.000916  -0.12512283  13.468775
30.56886  -0.101297505  8.167622
15.93446  -0.05738173  2.3486538
60.87543  0.8639118  27.710354
