9.72406  14.337584  0.9464569
23.394238  12.550094  6.460684
31.310192  12.213633  12.446751
41.003418  13.37822  23.655296
46.19864  15.464502  31.839157
52.684296  20.697289  44.136868
56.392056  25.57766  51.920506
61.193375  34.86408  62.47496
0.0  16.02302  0.0
64.03228  41.901375  68.85069
63.53085  27.473976  67.040665
62.113922  18.446018  63.628708
60.536537  9.515914  60.025375
59.7597  -0.006500646  58.29785
60.53916  -9.529467  60.021355
62.118797  -18.460712  63.620457
63.538586  -27.489841  67.02846
64.0445  -41.91793  68.8318
61.203182  -34.878532  62.458992
56.399227  -25.588749  51.909206
52.68977  -20.705948  44.127693
46.204117  -15.469506  31.831732
41.008068  -13.381184  23.648842
31.313244  -12.214354  12.441471
23.398066  -12.549952  6.454159
9.723546  -14.337673  0.9464607
0.0  -16.02302  0.0
0.0  5.3410068  0.0
0.0  -5.3410068  0.0
56.024178  -6.6223216  50.733494
56.098587  -16.115509  51.03392
56.07775  6.6441455  50.849194
56.09509  16.0881  51.04294
10.166696  -0.028623572  1.2169952
44.735794  6.338232  29.59198
44.57635  -6.4011507  29.325085
52.202377  -10.891149  43.10793
52.17424  10.69122  43.063263
36.906754  -0.126919  18.632309
29.280773  -0.10212939  10.982008
15.786615  -0.057499863  2.9688969
50.522736  0.8589392  39.86257
