9.756723  14.339403  -0.5571079
24.10244  12.551877  -4.017618
33.19634  12.215136  -7.975527
45.776897  13.37999  -15.808244
53.392906  15.466944  -21.801115
63.73276  20.701674  -31.093191
69.93414  25.58344  -37.08123
78.14227  34.871193  -45.268997
0.0  16.02302  0.0
83.04627  41.90896  -50.233147
81.91115  27.480715  -48.74645
79.37266  18.452436  -46.065147
76.62209  9.522288  -43.255833
75.28389  0.00037017692  -41.917614
76.61912  -9.521443  -43.25972
79.36655  -18.45138  -46.07202
81.90251  -27.47946  -48.756836
83.03351  -41.90749  -50.248837
78.13182  -34.870083  -45.281235
69.92743  -25.582869  -37.089703
63.727886  -20.701422  -31.09918
53.39137  -15.466954  -21.803335
45.77652  -13.380113  -15.808834
33.196583  -12.2152195  -7.974886
24.103197  -12.551922  -4.0157356
9.756355  -14.339493  -0.55561256
0.0  -16.02302  0.0
0.0  5.3410068  0.0
0.0  -5.3410068  0.0
69.14644  -6.616594  -36.132812
69.32814  -16.109652  -36.3836
69.23939  6.649574  -36.216972
69.3341  16.093521  -36.379692
10.226619  -0.028628362  -0.7574158
51.261497  6.340128  -20.175034
51.020275  -6.3986363  -19.981277
62.909927  -10.886735  -30.316101
62.87152  10.695346  -30.27545
40.32793  -0.12598331  -12.29774
30.869965  -0.10185226  -7.0570564
16.014252  -0.057526592  -1.855856
60.207657  0.86266416  -27.853254
