9.765388  14.341197  0.28808403
24.43333  12.55559  1.9133801
34.201523  12.218478  3.5544152
48.73857  13.382058  6.392846
58.231045  15.467683  8.310233
71.86432  20.700993  11.002651
80.32781  25.583487  12.62105
91.71661  34.875946  14.746709
0.0  16.02302  0.0
98.57292  41.918026  16.010056
96.74745  27.486404  15.742714
93.119576  18.45505  15.095718
89.25663  9.522575  14.386744
87.39771  -0.00048364548  14.039272
89.25739  -9.523558  14.383207
93.12051  -18.456076  15.088814
96.74913  -27.487463  15.732185
98.57559  -41.919064  15.99374
91.71841  -34.87692  14.733539
80.32925  -25.584326  12.6120615
71.865265  -20.701723  10.995794
58.23169  -15.468136  8.305404
48.739075  -13.382322  6.3891196
34.20185  -12.218477  3.5517454
24.434095  -12.5554695  1.9098396
9.764935  -14.341262  0.28891945
0.0  -16.02302  0.0
0.0  5.3410068  0.0
0.0  -5.3410068  0.0
79.12039  -6.6171904  12.4272785
79.42182  -16.110485  12.467049
79.24329  6.6488657  12.45346
79.42292  16.093002  12.473081
10.25558  -0.028596034  0.39499664
55.60427  6.33971  7.7826977
55.301235  -6.3985696  7.7197676
70.7528  -10.886845  10.790438
70.69778  10.694527  10.783525
42.3799  -0.12597248  5.147696
31.737738  -0.1017794  3.172669
16.12435  -0.05743841  0.9283438
67.16467  0.8622145  10.090238
