9.723591  14.33714  0.9516449
23.513115  12.551249  6.1891994
31.8223  12.215666  11.610905
42.88907  13.380994  21.470566
49.487732  15.467466  28.56822
58.476074  20.701065  39.176014
63.9033  25.582333  45.875534
71.11371  34.86986  54.95627
0.0  16.02302  0.0
75.42723  41.90754  60.44209
74.41528  27.478313  58.87847
72.17808  18.449911  55.94171
69.75919  9.5201025  52.841988
68.58671  -0.0011375269  51.355682
69.76358  -9.522555  52.83747
72.185875  -18.452753  55.932938
74.42647  -27.481577  58.86606
75.44409  -41.91108  60.42341
71.12805  -34.8727  54.939964
63.914974  -25.584044  45.86309
58.48539  -20.70197  39.165764
49.49493  -15.467207  28.560461
42.89413  -13.38026  21.464771
31.825008  -12.214798  11.607422
23.516518  -12.550494  6.184164
9.722895  -14.33718  0.95271873
0.0  -16.02302  0.0
0.0  5.3410068  0.0
0.0  -5.3410068  0.0
63.21789  -6.6174507  44.84977
63.382725  -16.110508  45.108368
63.294613  6.6484194  44.950066
63.376617  16.092299  45.11803
10.167075  -0.02860267  1.2266922
47.64147  6.340352  26.624403
47.43551  -6.398457  26.392889
57.770973  -10.887154  38.286892
57.73036  10.69477  38.24967
38.11529  -0.12553215  17.087193
29.688717  -0.10143881  10.31039
15.804961  -0.057401937  2.9286137
55.412685  0.86235076  35.492424
