9.758822  14.339391  -0.5112686
24.223902  12.55324  -3.4484224
33.63481  12.216818  -6.561557
47.293613  13.381465  -12.306543
56.03957  15.467891  -16.47224
68.46219  20.70217  -22.708628
76.12869  25.58418  -26.64853
86.41445  34.87292  -31.992878
0.0  16.02302  0.0
92.596825  41.911343  -35.22401
90.99583  27.481108  -34.290062
87.73904  18.452154  -32.5576
84.258606  9.522112  -30.733126
82.57964  0.0011580687  -29.861294
84.25788  -9.519684  -30.736149
87.73747  -18.449486  -32.562195
90.994484  -27.478218  -34.295975
92.59539  -41.908302  -35.23237
86.41228  -34.87032  -32.000847
76.12625  -25.582247  -26.656624
68.459564  -20.700705  -22.715992
56.03788  -15.467067  -16.477177
47.292545  -13.380984  -12.309877
33.634544  -12.216677  -6.5627823
24.224459  -12.553211  -3.4474564
9.758388  -14.339495  -0.51039505
0.0  -16.02302  0.0
0.0  5.3410068  0.0
0.0  -5.3410068  0.0
75.06004  -6.615634  -26.045647
75.322136  -16.108637  -26.203835
75.172714  6.649996  -26.100296
75.32593  16.093868  -26.19921
10.2353525  -0.028627755  -0.69015884
53.610775  6.3402433  -15.339125
53.33122  -6.397968  -15.2069845
67.45349  -10.885912  -22.193703
67.40539  10.6957035  -22.164616
41.33114  -0.1257424  -9.76705
31.243786  -0.10173171  -5.84603
16.050117  -0.05750772  -1.6479292
64.18751  0.8631744  -20.548199
