9.766291  14.341386  0.25440645
24.453001  12.555773  1.6999898
34.247803  12.218752  3.1702414
48.83325  13.382644  5.7443233
58.35619  15.468507  7.4986405
72.03057  20.70213  9.963249
80.518715  25.584818  11.437022
91.94116  34.877686  13.361342
0.0  16.02302  0.0
98.81788  41.920067  14.50103
96.98746  27.48839  14.275301
93.3489  18.456888  13.696341
89.47457  9.524232  13.058086
87.60971  0.0010479729  12.745646
89.47437  -9.522078  13.062401
93.34762  -18.454609  13.705799
96.98565  -27.486  14.290487
98.81547  -41.917618  14.524917
91.939064  -34.875504  13.379297
80.51798  -25.583014  11.447073
72.03003  -20.700588  9.969416
58.356144  -15.467362  7.501258
48.833237  -13.381761  5.7460485
34.247868  -12.218244  3.1710954
24.453512  -12.555498  1.699255
9.765893  -14.341444  0.25676346
0.0  -16.02302  0.0
0.0  5.3410068  0.0
0.0  -5.3410068  0.0
79.30786  -6.615881  11.274595
79.60909  -16.109175  11.313121
79.43164  6.6501956  11.294129
79.611626  16.094326  11.307849
10.256912  -0.02859911  0.35220098
55.721066  6.340458  7.0175457
55.416737  -6.3978496  6.9625907
70.915146  -10.885735  9.778088
70.86062  10.69563  9.765551
42.453564  -0.12554228  4.6149783
31.777987  -0.101562575  2.8312612
16.131554  -0.05742038  0.8263855
67.31683  0.863237  9.133231
