9.723538  14.337633  -0.953537
23.392277  12.550015  -6.4702206
31.304266  12.2136755  -12.461987
40.96083  13.378702  -23.701902
46.090416  15.465596  -31.927113
52.409508  20.699415  -44.31024
55.974075  25.57973  -52.160507
60.545036  34.86434  -62.818047
0.0  16.02302  0.0
63.23237  41.89989  -69.26075
62.830833  27.474575  -67.41016
61.512684  18.447958  -63.955845
60.0241  9.518668  -60.313454
59.28505  -0.0033781556  -58.569595
60.023888  -9.525692  -60.312218
61.512077  -18.45553  -63.953083
62.829826  -27.482727  -67.406235
63.230927  -41.908337  -69.25477
60.544327  -34.871742  -62.812447
55.974773  -25.585466  -52.156113
52.410557  -20.703894  -44.306404
46.093292  -15.468171  -31.923306
40.963768  -13.380252  -23.698292
31.306648  -12.214046  -12.458485
23.395182  -12.549916  -6.4656105
9.723317  -14.337687  -0.95215607
0.0  -16.02302  0.0
0.0  5.3410068  0.0
0.0  -5.3410068  0.0
55.662117  -6.6197386  -50.951637
55.715332  -16.112745  -51.26213
55.715496  6.646708  -51.066406
55.715874  16.09053  -51.266697
10.166214  -0.028628817  -1.2208443
44.646263  6.3392816  -29.6684
44.488125  -6.4000597  -29.401548
51.950413  -10.889208  -43.27269
51.92552  10.693292  -43.224773
36.88405  -0.12646987  -18.662966
29.275082  -0.10200511  -10.996521
15.784846  -0.05752351  -2.977951
50.320534  0.86072546  -40.001423
