9.769957  14.341191  -0.046017393
24.529722  12.555402  -0.23649949
34.43434  12.218153  -0.39455897
49.24599  13.3820915  -0.6643589
58.929554  15.468222  -0.8807792
72.82331  20.702255  -1.2735538
81.437386  25.584436  -1.5722752
93.01781  34.874302  -2.0379272
0.0  16.02302  0.0
99.98607  41.91386  -2.3413267
98.143166  27.4834  -2.1515508
94.46014  18.453703  -1.9574937
90.534805  9.522895  -1.781403
88.64479  0.0013001232  -1.7036988
90.53537  -9.520221  -1.7801565
94.46092  -18.45087  -1.9550999
98.1444  -27.480402  -2.1477804
99.98804  -41.9108  -2.3358736
93.019226  -34.871532  -2.0334167
81.438644  -25.58215  -1.5690348
72.82419  -20.700335  -1.2710809
58.930172  -15.466853  -0.87925947
49.246494  -13.381088  -0.6633118
34.434715  -12.217618  -0.3938317
24.530165  -12.555101  -0.23600864
9.76984  -14.3411665  -0.045682713
0.0  -16.02302  0.0
0.0  5.3410068  0.0
0.0  -5.3410068  0.0
80.21532  -6.6154666  -1.4606563
80.519394  -16.108517  -1.4958445
80.340515  6.650215  -1.4651972
80.520676  16.094126  -1.4978131
10.267818  -0.02857134  -0.05778092
56.25032  6.3403606  -0.8202747
55.941223  -6.397559  -0.81264347
71.69229  -10.88554  -1.2188493
71.636345  10.695808  -1.2181789
42.76626  -0.1255119  -0.5457359
31.941097  -0.1015574  -0.3592864
16.16127  -0.057391245  -0.1262486
68.036835  0.8633978  -1.111877
