9.764724  14.340854  -0.3344431
24.372862  12.554633  -2.4320488
33.995125  12.217937  -4.7963486
48.0846  13.382589  -9.370525
57.146664  15.468911  -12.788517
70.04125  20.70299  -17.9706
78.01058  25.585909  -21.24739
88.71926  34.879025  -25.668022
0.0  16.02302  0.0
95.16278  41.921528  -28.328918
93.462654  27.48962  -27.618254
90.05861  18.45803  -26.208122
86.43015  9.525361  -24.706608
84.68265  0.0022058748  -23.984978
86.43098  -9.5208025  -24.707008
90.06009  -18.453167  -26.208118
93.46501  -27.48446  -27.617903
95.166626  -41.916214  -28.328274
88.72177  -34.874268  -25.667744
78.012375  -25.582037  -21.248346
70.042244  -20.699762  -17.97196
57.147278  -15.466668  -12.789868
48.0849  -13.381007  -9.372029
33.99517  -12.217208  -4.798003
24.373293  -12.554271  -2.4330235
9.764375  -14.340869  -0.3344574
0.0  -16.02302  0.0
0.0  5.3410068  0.0
0.0  -5.3410068  0.0
76.88193  -6.6149054  -20.782354
77.163055  -16.108202  -20.897444
76.997734  6.6512055  -20.829659
77.16402  16.09536  -20.897387
10.250443  -0.028591316  -0.47097778
54.63142  6.341038  -11.86626
54.34262  -6.3974595  -11.7564535
68.99042  -10.884971  -17.554457
68.93846  10.696505  -17.532896
41.931366  -0.12531815  -7.3419046
31.556984  -0.10148497  -4.2656765
16.103981  -0.05741331  -1.1439629
65.598564  0.863986  -16.189545
