9.733741  14.337984  -0.85154533
23.606062  12.550374  -5.855486
31.869068  12.213967  -11.350916
42.377018  13.3789215  -21.800137
48.21359  15.465827  -29.538378
55.64847  20.699856  -41.283848
59.93024  25.580196  -48.766296
65.47588  34.864204  -58.94959
0.0  16.02302  0.0
68.75289  41.899082  -65.1129
68.175804  27.473902  -63.309307
66.53937  18.447681  -59.994072
64.71596  9.518852  -56.507698
63.816902  -0.0027306671  -54.840866
64.716125  -9.524551  -56.50634
66.53963  -18.453861  -59.991356
68.17626  -27.480555  -63.30513
68.753815  -41.906006  -65.10661
65.47679  -34.87026  -58.94407
59.931458  -25.584831  -48.76202
55.649597  -20.703442  -41.28025
48.216072  -15.467845  -29.534723
42.379456  -13.380097  -21.796711
31.870964  -12.214178  -11.347725
23.608482  -12.550235  -5.8511734
9.73366  -14.337997  -0.85061073
0.0  -16.02302  0.0
0.0  5.3410068  0.0
0.0  -5.3410068  0.0
59.501713  -6.619136  -47.594296
59.586136  -16.112097  -47.89747
59.565296  6.6471763  -47.703434
59.586483  16.090956  -47.90191
10.18379  -0.028615931  -1.1074257
46.573196  6.3394527  -27.417927
46.391796  -6.3997126  -27.166437
55.093014  -10.888754  -40.294758
55.063507  10.693699  -40.2492
37.899853  -0.12631749  -17.11332
29.748253  -0.101926155  -10.022043
15.851733  -0.057494134  -2.6995583
53.1659  0.86110365  -37.189373
