9.754831  14.339237  -0.55814266
24.205076  12.553704  -3.5720253
33.648582  12.217102  -6.58013
47.510628  13.380845  -11.813721
56.50392  15.466538  -15.413866
69.41013  20.699938  -20.577545
77.43159  25.581526  -23.735085
88.23989  34.869854  -27.925251
0.0  16.02302  0.0
94.751564  41.908127  -30.428968
92.9935  27.47789  -29.841024
89.54067  18.448957  -28.540827
85.87096  9.519  -27.133366
84.10654  -0.0019070683  -26.449474
85.87123  -9.522938  -27.131443
89.54084  -18.453138  -28.537174
92.99383  -27.482279  -29.835506
94.75209  -41.912613  -30.420698
88.24022  -34.87392  -27.918037
77.43227  -25.584888  -23.729343
69.41076  -20.702776  -20.572382
56.50475  -15.468485  -15.409153
47.511494  -13.382166  -11.809395
33.649563  -12.217593  -6.575862
24.206566  -12.553802  -3.566597
9.754612  -14.33931  -0.55745125
0.0  -16.02302  0.0
0.0  5.3410068  0.0
0.0  -5.3410068  0.0
76.27143  -6.618184  -23.329311
76.56289  -16.1112  -23.42182
76.38798  6.6473866  -23.377144
76.564354  16.091248  -23.426247
10.232186  -0.028615221  -0.74272156
54.011356  6.3388996  -14.427381
53.724457  -6.3991146  -14.310402
68.35227  -10.887912  -20.167955
68.300285  10.693541  -20.150248
41.45114  -0.12637615  -9.513681
31.255384  -0.10199995  -5.8768883
16.039043  -0.057501424  -1.7399502
64.95392  0.8612779  -18.817717
