9.768025  14.340833  -0.21268845
24.485624  12.555033  -1.3492336
34.32854  12.217811  -2.472311
49.014893  13.381573  -4.4186563
58.607983  15.467528  -5.758954
72.373604  20.701319  -7.6848726
80.91232  25.583418  -8.861794
92.39719  34.87336  -10.418305
0.0  16.02302  0.0
99.310005  41.913044  -11.345837
97.47174  27.482157  -11.144027
93.81492  18.452332  -10.667303
89.9203  9.521545  -10.146945
88.04571  4.5647903e-05  -9.892924
89.920685  -9.521456  -10.145373
93.8153  -18.452236  -10.664463
97.47236  -27.482033  -11.139854
99.31095  -41.91291  -11.339975
92.39781  -34.87325  -10.41304
80.913086  -25.583342  -8.857399
72.37413  -20.701271  -7.681032
58.60838  -15.467481  -5.7560434
49.015217  -13.3815155  -4.4163585
34.328808  -12.217732  -2.4705105
24.486057  -12.554955  -1.3472679
9.767838  -14.340858  -0.212399
0.0  -16.02302  0.0
0.0  5.3410068  0.0
0.0  -5.3410068  0.0
79.69435  -6.6165423  -8.721294
79.99809  -16.10961  -8.750555
79.81853  6.6491146  -8.739792
79.99965  16.093039  -8.753656
10.262823  -0.028590648  -0.28692365
55.95283  6.33975  -5.393456
55.64655  -6.398153  -5.349434
71.25061  -10.886447  -7.5355954
71.195335  10.694886  -7.529966
42.59016  -0.1258664  -3.5655375
31.848248  -0.10174954  -2.2135425
16.144249  -0.057440083  -0.6659899
67.62844  0.86255646  -7.033093
