9.768402  14.341858  0.0
24.526978  12.555982  0.0
34.43048  12.218584  0.0
49.2417  13.382171  0.0
58.9263  15.467912  0.0
72.82385  20.701365  0.0
81.4415  25.58398  0.0
93.02765  34.876804  0.0
0.0  16.02302  0.0
100.0  41.919193  0.0
98.15689  27.487305  0.0
94.4718  18.455746  0.0
90.54428  9.523124  0.0
88.653015  0.0  0.0
90.54428  -9.523124  0.0
94.4718  -18.455744  0.0
98.15689  -27.487303  0.0
100.0  -41.919193  0.0
93.02765  -34.876804  0.0
81.4415  -25.58398  0.0
72.82385  -20.701365  0.0
58.9263  -15.467912  0.0
49.2417  -13.382171  0.0
34.43048  -12.218584  0.0
24.526978  -12.555982  0.0
9.768402  -14.341858  0.0
0.0  -16.02302  0.0
0.0  5.3410068  0.0
0.0  -5.3410068  0.0
80.21942  -6.616777  0.0
80.52292  -16.110092  0.0
80.34488  6.649297  0.0
80.525024  16.093458  0.0
10.265259  -0.028593007  0.0
56.24704  6.339893  0.0
55.937653  -6.398351  0.0
71.692535  -10.886485  0.0
71.637024  10.6948805  0.0
42.762085  -0.12590188  0.0
31.937347  -0.101788156  0.0
16.159027  -0.057453964  0.0
68.03635  0.86253315  0.0
