9.76982  14.341313  0.09184502
24.52451  12.555612  0.47663492
34.425865  12.218318  0.75449467
49.235096  13.382157  1.0816158
58.91901  15.468195  1.2283684
72.816055  20.702118  1.3752708
81.43382  25.584387  1.4457725
93.021706  34.87483  1.5288895
0.0  16.02302  0.0
99.99499  41.914883  1.5756992
98.14729  27.483818  1.58024
94.46049  18.453768  1.5611033
90.53227  9.522704  1.536789
88.64103  0.00096156885  1.5241449
90.532745  -9.520726  1.538106
94.46098  -18.451668  1.5639123
98.14807  -27.481586  1.5842893
99.99637  -41.91258  1.5817626
93.022316  -34.87277  1.5341281
81.434654  -25.582685  1.4496657
72.81651  -20.700672  1.3785328
58.91936  -15.467117  1.2307565
49.235313  -13.381317  1.0836016
34.425995  -12.217829  0.7557666
24.524937  -12.555311  0.4767002
9.769442  -14.34132  0.09315254
0.0  -16.02302  0.0
0.0  5.3410068  0.0
0.0  -5.3410068  0.0
80.20925  -6.615791  1.4481481
80.51395  -16.108923  1.4477364
80.334625  6.6499677  1.4482841
80.51554  16.093948  1.4454287
10.266275  -0.02858286  0.11632222
56.23973  6.340293  1.1860013
55.930477  -6.397739  1.1825346
71.68397  -10.885825  1.368372
71.628204  10.695627  1.366221
42.756184  -0.12555952  0.9459728
31.93344  -0.101569995  0.6846561
16.159163  -0.05739802  0.252159
68.02768  0.86319566  1.330363
