9.743046  14.338881  -0.734478
23.862408  12.551672  -5.010355
32.625156  12.215164  -9.655697
44.573097  13.379514  -18.421078
51.79793  15.465407  -24.877811
61.705406  20.698233  -34.62892
67.71434  25.579887  -40.808594
75.72575  34.87048  -49.18425
0.0  16.02302  0.0
80.528984  41.911163  -54.24189
79.350136  27.480415  -52.813347
76.84219  18.450014  -50.1091
74.14527  9.5183115  -47.250824
72.84032  -0.004528412  -45.880104
74.148254  -9.52766  -47.246002
76.84874  -18.460016  -50.098206
79.36151  -27.491087  -52.796013
80.547165  -41.922222  -54.215103
75.7386  -34.880367  -49.163467
67.72067  -25.587826  -40.796795
61.708443  -20.70475  -34.62108
51.799778  -15.469674  -24.87246
44.574688  -13.382389  -18.416288
32.626606  -12.216287  -9.651215
23.86422  -12.552049  -5.00502
9.742738  -14.339011  -0.732254
0.0  -16.02302  0.0
0.0  5.3410068  0.0
0.0  -5.3410068  0.0
66.91888  -6.6207194  -39.87301
67.11233  -16.114033  -40.107224
67.00568  6.6455283  -39.965267
67.110565  16.089642  -40.115623
10.2019005  -0.028656544  -0.96806526
49.777367  6.3383336  -23.1164
49.549305  -6.4006877  -22.905846
60.91267  -10.88989  -33.817944
60.872017  10.691964  -33.782543
39.404907  -0.12697351  -14.510992
30.38015  -0.102303594  -8.556528
15.928785  -0.05761003  -2.3421593
58.314167  0.8597116  -31.247345
