1  -9.55054496762e-08  -0.0127070100587  -0.00224096917804
2  -0.0118984895051  -0.000762632205651  0.0115714375208
3  -0.00952308813218  0.00262376038629  -0.00081459021967
4  0.00116823078922  -0.00453988376849  -0.00343387783649
5  -0.000226285909682  -0.00217331460155  0.00389765641718
6  -2.2406360107e-05  0.000238561883865  0.000131585770021
7  0.000147658151357  0.000232610009264  0.0005925233816
8  0.000206298902937  0.00043169468663  -0.000489578684454
9  0.000110505705633  0.000530804773263  -0.000358261931167
10  0.0003006214272  5.46362775537e-05  -0.000471496211802
11  0.000224675144566  0.000109867523808  0.00063962757174
12  0.000101923137061  0.000118474847774  -0.00035463832331
13  6.56958640922e-05  -5.36004728116e-05  4.77130331643e-05
14  0.000494290702123  0.00012008260866  -0.000138540587438
15  0.00024519449687  -2.23735391348e-05  0.000220609838271
16  -4.5026082918e-05  3.48820178872e-05  0.000107207377156
17  9.95442773807e-05  0.000112063692855  0.000483955600674
18  0.000241176810439  0.00018898668477  -0.000579397196517
19  0.000101974064157  0.000107733696346  -0.000499626161351
20  0.000501408568218  -0.000108295706139  7.27780126229e-05
21  0.000304288109142  0.000129882824317  5.13667300451e-05
22  -0.00150393001656  -0.000105816019633  -0.00179779169533
23  -0.00495273919958  0.00161612746058  -0.000966049601431
24  0.00117114515334  -0.00634885874422  0.00417869134411
25  -0.000992674192805  -0.00936415096629  -0.0105584748047
26  -9.78417790819e-08  -0.0126730046938  0.00222657915425
27  -0.0118733766756  -0.00318317934769  -0.0122955433102
28  0.000149463304698  0.000308835169736  -0.00038505473609
29  -5.68963469775e-06  0.000218387550894  -0.000398396391595
30  -6.39070947243e-05  0.000520146490194  0.000118547562042
31  0.00027864792213  0.000291474808521  -0.000756145831264
32  -1.96858080388e-05  0.000552104538385  -0.000455913920269
33  0.000125754774716  0.000209580256776  0.000415607827788
34  0.000270561218161  7.14989862576e-05  0.000598032394208
35  -8.79438821103e-05  0.000428237897613  1.76476409837e-05
36  -0.000965896038062  -0.00870312543711  0.0107690414701
37  0.00147282352857  -0.0139607872973  -0.00357407775247
38  5.42044439511e-05  -0.000518259935321  0.000815413327578
39  3.27836327464e-05  0.0001151960469  0.000293888740166
40  -6.40934925251e-05  -0.000393275970248  0.000939994186071
41  -0.00153826058959  0.000577947917091  0.00101581431067
42  0.000152654642795  0.000461242321072  0.000279622874068
43  0.000208831510141  -6.84759039045e-05  -0.000179095301985
44  0.000199300289262  0.000240499275141  -0.000391025328814
45  0.000250284471913  0.000166909828991  0.000159323147352
46  -1.64451875963e-05  -0.0023968395846  0.0036433812355
47  -0.000197961641644  -0.00072273996955  -0.00226424394909
48  -0.00156539056281  -0.00806524135542  0.0116263551847
49  -0.00018967508222  -0.00501982006728  0.00707884136786
50  -0.0117548503299  0.00152403406263  -0.000638565504351
51  -0.00156075362233  -0.00546807807826  -0.0114341947168
52  0.000282800649927  0.000359213207094  -8.86586336281e-05
53  0.000251296005248  -2.93614712738e-05  7.53990568457e-05
