1  9.16448979566e-08  -0.00171838236459  -0.000672333362625
2  -0.00192265793299  0.000210394438809  0.00173700144627
3  -0.00495174232439  0.00136178840163  0.000572788005145
4  0.00116739797429  -0.00516402443522  -0.00281370434256
5  -0.000143682797351  -0.00385499331323  0.00526853415228
6  -0.00213149536269  -0.000611135789452  0.0024040361097
7  -0.00026317225747  -0.000684596459506  -0.00154477002736
8  -0.000478393487897  -0.000704010301883  0.00081280940377
9  -0.000248192382148  -0.000943920895618  0.00045628272601
10  -0.000418997910291  -0.000203604485515  0.000892183259565
11  -0.00042295852846  -0.000174435529277  -0.00105282096188
12  -0.000136503315322  -0.000240407252826  0.000492866730431
13  -6.07447439552e-05  7.52533484762e-05  -9.78043088697e-05
14  -0.00127668459842  -0.000166922615755  -0.000159079191154
15  -0.00035768887032  -9.39850601679e-06  -0.000365634200635
16  5.06567479455e-05  -4.72154102466e-05  -0.000129343259112
17  -0.000136023517589  -0.000101434330543  -0.000679788564981
18  -0.000415829875638  -0.000265495740247  0.000977910344691
19  -0.000136421976545  -0.000117816352334  0.00067423260733
20  -0.00127047078071  0.000313060577585  2.07860693742e-06
21  -0.00113080228378  4.52407152732e-05  0.000591906732573
22  -0.00371760630141  -0.000316251971856  -0.00426119230279
23  -0.00545231665509  0.00146971285614  -9.56620204571e-05
24  0.00117197187747  -0.00493114802774  0.00216152882581
25  -0.000347424748826  -0.00265940688209  -0.00319599943008
26  9.50514124044e-08  -0.00171437463018  0.000661906752629
27  -0.00192908103776  -0.000514473895748  -0.00199245201108
28  -0.00026405626829  -0.00204169666282  0.00192432600899
29  -0.00189146759725  -0.000185247013942  -0.00305620870565
30  0.000144943365033  -0.000816078246529  -0.000210400100156
31  -0.000455419635391  -0.000603467764362  0.00137081495279
32  -3.83228327945e-05  -0.00101692438459  0.000985383511644
33  -0.000239237597339  -0.000343526743175  -0.00043300372538
34  -0.000455800524443  -0.000133569807253  -0.00103869465995
35  0.000134213212038  -0.000764002076785  0.000213527134974
36  -0.000328288894131  -0.00292203742414  0.0040737583607
37  0.000435989434745  -0.00214159272142  -0.00094826310185
38  -0.00099430306326  -0.00220747751749  0.00468350312514
39  -0.00267703174528  0.000994096784918  -0.000214858727154
40  -5.59743412786e-05  -0.00315268871233  0.00374150528565
41  -0.00374166984221  0.000676740616929  0.00388136676066
42  -0.000541612817546  -0.000883602105801  -0.00106380873539
43  -0.00152796245096  -0.00014481448515  -0.00345435811231
44  -0.00148509779826  -0.000818055592023  0.00255700100727
45  -0.00042077208288  -0.000700302706756  -0.00135575002481
46  -0.000646527061124  -0.00335172145279  0.00584490320919
47  -0.000108669640721  -0.00293031511614  -0.00513661292108
48  -0.000345975443005  -0.00292048034133  0.00410027970177
49  -0.000470653580344  -0.0032876214782  0.00583068077088
50  -0.003445598056  0.000455644049181  -0.000335513186094
51  -0.000322818978094  -0.00325601199574  -0.00561677871798
52  -0.00124420621313  -0.000659897162031  -0.000654874388972
53  -0.000327484435025  -0.00244337113539  0.00191944177022
