1  3.24096307317e-07  0.0137477744712  0.00288497860125
2  0.0110854646569  0.000934017522653  -0.0122768075125
3  0.0081997544264  -0.00192440122951  0.000497106495151
4  -0.00143288687906  0.00488124553099  0.00292986408725
5  0.000208285085336  0.00320262371882  -0.0049896504922
6  0.00040851321444  -6.45023803005e-05  -0.00057314171053
7  -5.6315668294e-05  -4.76166261538e-05  -0.000135396539273
8  -9.27642114572e-05  -0.000464614395605  0.000517773233328
9  -9.07523439516e-05  -0.000471657259109  0.000505715831766
10  -0.000216204205369  1.08803419363e-06  0.000254031410936
11  -9.80358309921e-05  -5.70471645069e-05  -0.00033195883531
12  -0.000105577956601  -0.00017777973436  0.000299798088641
13  -1.56592937615e-05  2.61124008971e-05  -0.000101030001423
14  -0.000114913751544  -0.000140957994689  0.000177665753871
15  -0.000241564255492  -3.92682160136e-05  -0.000232083661437
16  4.99301549087e-06  3.27786583169e-06  -0.000107243607477
17  -0.000104771256678  6.49123085795e-05  -0.000159381343039
18  -9.03044194606e-05  -0.000291129442082  0.000475323875691
19  -0.000105522693987  5.77920907087e-05  0.000158205562204
20  -0.000116121381572  1.43779839811e-05  -4.32596897346e-05
21  -4.83112296466e-05  -0.000112439273029  -9.93346544045e-05
22  0.00194741137002  0.000158073778423  0.00228013054046
23  0.00520418722847  -0.00176520202497  0.000244225011006
24  -0.00142713327942  0.00840111399301  -0.00514007288893
25  0.000943272259461  0.00909835346056  0.0113734038858
26  3.21732071168e-07  0.0137377385805  -0.00288729534634
27  0.0111350245072  0.00298683484151  0.0115340330115
28  -5.38151978356e-05  0.000189844875125  -0.000248456717017
29  0.000341900225111  -0.000146100044041  0.000860729711251
30  5.55486875159e-05  -0.000434712681346  0.000168323923996
31  -0.000142918967191  -9.92503192839e-06  0.000111087793028
32  2.21999129615e-06  -0.000163761903764  -2.27384388762e-05
33  -9.12710194829e-05  -0.000160364449743  -0.000316066737929
34  -0.000142323897374  -5.93106810559e-06  -0.000308146426804
35  5.06236256724e-05  -0.000271949751263  -7.41102873327e-05
36  0.00091498989363  0.00924477083643  -0.0118175031072
37  -0.00186816954847  0.0138874839595  0.00241029078678
38  0.000202651508132  0.00100603604772  -0.00186136134127
39  0.000489795663553  -0.000281548123505  -0.00021544386131
40  7.83971179017e-05  0.00112902796895  -0.00174822575697
41  0.00198141379008  -0.000559008487733  -0.00161933815456
42  -4.81587571804e-05  -0.000202527608626  0.000106850784748
43  0.000119598404868  9.97563884257e-05  0.000821161107378
44  0.000115971125718  1.61771065615e-05  -0.000336446204067
45  -0.000109162977714  -4.40836344199e-05  9.39658375615e-05
46  0.000309240038563  0.0031146208624  -0.00508218053454
47  0.000184027229928  0.00119850079844  0.00280144838614
48  0.00146709159489  0.00867093619063  -0.0126534266542
49  0.000495076676815  0.00650967370783  -0.00925966964989
50  0.0119710432431  -0.00193870749736  0.00136252700268
51  0.0014776878347  0.00489045581571  0.00945328082584
52  -3.33927869634e-05  -0.000226779372803  0.000248210935114
53  -0.000124566610367  0.000486593235907  -0.000449086658535
