1  5.42119409745e-08  -0.0113326185256  -0.00219854844275
2  -0.0109122702893  -0.000487592694067  0.0104821134239
3  -0.0116587399098  0.00312994867233  -0.000212160371755
4  0.00167600072725  -0.00759989612064  -0.004939749828
5  -0.00032111641014  -0.00458182572999  0.00685004919815
6  -0.00168455139488  -0.000349031187434  0.00192508674109
7  -0.000139569524549  -0.000379764451062  -0.000870621883905
8  -0.000243715378702  -0.000302404703604  0.000347303143263
9  -0.00011436400241  -0.000439731833767  0.000152112795523
10  -0.000176044274987  -0.000111775867374  0.000457607090661
11  -0.000196470564208  -8.7889951315e-05  -0.000499214223259
12  -5.54707316386e-05  -0.0001022451947  0.000201587004409
13  -2.06134240965e-05  2.98397818817e-05  -4.19951859877e-05
14  -0.000711393279299  -6.32432858913e-05  -0.000174191702212
15  -0.000143886805492  -1.12458613339e-05  -0.000153305309866
16  1.80327663529e-05  -1.37713060019e-05  -5.1336695329e-05
17  -5.36313808171e-05  -2.72844476085e-05  -0.000280085619782
18  -0.000187483717135  -0.000101539766899  0.000435379895711
19  -5.533837853e-05  -3.51168358041e-05  0.000284944122291
20  -0.00071897145655  0.000182144270416  -3.03104823106e-06
21  -0.000705793278726  0.000112491193158  0.000439052713067
22  -0.00406343617753  -0.000368444897805  -0.00466867901462
23  -0.0081850983374  0.00228667536684  -0.000949601318081
24  0.00167116948053  -0.00845877656542  0.004669133792
25  -0.00107114811518  -0.00948685339985  -0.0107133516415
26  5.37169541705e-08  -0.0113213794406  0.00219285078567
27  -0.0109629098645  -0.00293894187033  -0.0113524198583
28  -0.000147876212643  -0.00138097541674  0.0013065116312
29  -0.001470286353  -7.83384950457e-06  -0.00262392589507
30  7.68109676935e-05  -0.000362023994883  -0.000117203715986
31  -0.000220091359456  -0.000296487871854  0.000685929766728
32  -1.47673735196e-05  -0.000492719460821  0.000491516441158
33  -0.000115959287345  -0.00014306067211  -0.00014243790082
34  -0.000215056547308  -5.58534345999e-05  -0.000477888607749
35  6.74084878852e-05  -0.000357444193847  0.000147728074578
36  -0.00103967620652  -0.00908469750339  0.0114088126788
37  0.00147515884936  -0.0128825901154  -0.00358192297932
38  -0.000738374758677  -0.00208434926635  0.00418555345766
39  -0.0020688475385  0.000851821942292  6.84069999668e-05
40  -0.000114260793533  -0.00271387576255  0.00356785985536
41  -0.00410989843857  0.000959582391771  0.00374911987749
42  -0.000308610960554  -0.000453412488021  -0.000663007424337
43  -0.00102943854697  -0.000188343775797  -0.00284751083183
44  -0.00100653933234  -0.000515134955748  0.00174243856504
45  -0.000197798971356  -0.0004246123153  -0.000939659050495
46  -0.000568186425559  -0.00434580266946  0.00712826717684
47  -0.000272218686515  -0.00282676437681  -0.00572373904284
48  -0.00158513371205  -0.00850209900265  0.0121626000394
49  -0.000592261495603  -0.0062272669185  0.00961625577274
50  -0.0120809548565  0.00152071147658  -0.000718660601797
51  -0.00157639665561  -0.00704596924505  -0.0136401091664
52  -0.000783396304678  -0.000325711552816  -0.00053776393487
53  -0.000132608575736  -0.00191592285613  0.00153538081834
