1  5.92885245862e-07  0.0219487763582  0.00414033381952
2  0.0166227666471  0.00201723348012  -0.0192062744908
3  0.0164863534637  -0.00164212967331  0.000128498614168
4  -0.00312632881012  0.015603001823  0.00654450819622
5  0.000900134634596  0.0134234021789  -0.0167336462197
6  0.00494583868465  0.00115045798256  -0.00438340943277
7  0.000342412192581  0.00138680736778  0.0026164066885
8  0.000782084418904  0.00116934545237  -0.00122107944451
9  0.000460561136243  0.0015000667478  -0.000732153588898
10  0.000686260754212  0.000364243134079  -0.00137177226005
11  0.000676721378265  0.000253368701312  0.00162363350508
12  0.000169941089719  0.000349147659434  -0.000673417326024
13  9.12731995487e-05  -0.000103076519155  9.9148720224e-05
14  0.00226744578358  0.00045769658488  0.000657965464909
15  0.000474749271354  2.18345495263e-05  0.000520725396193
16  -8.1081707097e-05  6.25655941574e-05  0.000167862572514
17  0.000168091489493  0.000195601606937  0.00102555877541
18  0.000670952809576  0.000380198245093  -0.0014050867565
19  0.000169945146935  0.000204342015866  -0.00102008030718
20  0.00227242899806  -0.000510760153025  -0.000317688005172
21  0.00214823378788  0.000139874017138  -0.00121991035674
22  0.00888934556793  0.00124304155597  0.00974751852905
23  0.0161118175661  -0.00369853241585  -0.00126158876035
24  -0.00314056595677  0.0235034718718  -0.0120124673004
25  0.00216308904332  0.0176808879763  0.0202074095176
26  5.92272894399e-07  0.0219501479918  -0.00413988887212
27  0.0166705934923  0.00448835219158  0.0173001150825
28  0.000352534089186  0.0048647390134  -0.00372851307905
29  0.00440051126011  0.000785953994493  0.00650976040541
30  -0.000170696504363  0.00121558854017  0.000396456056264
31  0.000690034345171  0.00125443595105  -0.00231859663078
32  0.000225972737655  0.00167919241875  -0.00188046341875
33  0.000460079746942  0.000638687745186  0.000762120431564
34  0.000684681315968  0.000238254804658  0.001611423974
35  -0.000160965674055  0.00121098218514  -0.000318725575688
36  0.00211280656392  0.0181009220872  -0.0206872803235
37  -0.00267964999922  0.0213118791881  0.00267038138236
38  0.00340319983837  0.00614779172025  -0.0138997988098
39  0.00550878143522  -0.00166211169928  0.001590534221
40  -7.88637070209e-05  0.00963194900954  -0.0104231447811
41  0.00901734899151  -0.000474542844867  -0.00913788232326
42  0.00124494186507  0.00145458678798  0.00192324689564
43  0.00380715340234  8.18799942422e-05  0.00631222954672
44  0.00371988608906  0.00147317092864  -0.00543119470968
45  0.000809307832028  0.00151255046224  0.00233450577398
46  0.00310483852653  0.0112554915217  -0.0191658536288
47  0.000801169533462  0.00766774538799  0.0110574520717
48  0.0040894724484  0.0161229948461  -0.0234044176471
49  0.0029685694614  0.0174375704624  -0.0252274016074
50  0.0225966769717  -0.00277949015406  0.00166761188928
51  0.00399351000742  0.0109215400196  0.0166733220278
52  0.00233389194259  0.00123498782285  0.00128201180127
53  0.000672874621402  0.00543220684082  -0.00330840530452
