1  -2.11153567065e-07  -0.0165913646181  -0.00288048526668
2  -0.0161798128509  -0.000904794089002  0.0152444278052
3  -0.0233388811464  0.00545016741651  0.000510387625995
4  0.00256149691489  -0.0170476664074  -0.0101651204984
5  -0.000959147007616  -0.0109716831483  0.014302298976
6  -0.0049609105261  -0.00117047831835  0.00531858109502
7  -0.000376000325427  -0.00131333276148  -0.00266582506464
8  -0.00079798854332  -0.00112966023392  0.00125872995166
9  -0.000428704573854  -0.00151609119549  0.000683990499886
10  -0.000622098588347  -0.000384561635414  0.00140448604998
11  -0.000669185998716  -0.000237790140103  -0.00158888352993
12  -0.000180177725849  -0.000337259626436  0.000687090643808
13  -7.04650465585e-05  0.00010498185531  -0.000136142328328
14  -0.00225103523646  -0.000322679971648  -0.000580363147526
15  -0.000498997585408  -4.05513255447e-05  -0.000544710323292
16  7.42123444226e-05  -3.90462352291e-05  -0.000191199852529
17  -0.000181453423889  -0.000174543606847  -0.00091784277564
18  -0.000668803849192  -0.000400096692954  0.00146190092413
19  -0.000180185711279  -0.000171914347581  0.000918553184822
20  -0.00225232216473  0.000537958427704  0.000205322413155
21  -0.00221071709057  0.00010082838157  0.00128022691067
22  -0.0104113928793  -0.0013922863896  -0.0113272356048
23  -0.0182237314842  0.00380631855018  -0.00177235870868
24  0.00255911515713  -0.01621419403  0.00754078303562
25  -0.00204913050166  -0.0159593511782  -0.0170650323075
26  -2.10057788574e-07  -0.0165750874609  0.00286623068241
27  -0.0162242662205  -0.00435677455637  -0.0168149321465
28  -0.000381745012483  -0.00424879684116  0.00358581024409
29  -0.00440469509228  -0.000646391339482  -0.00675423024875
30  0.000180249600433  -0.00125076188375  -0.000374158020583
31  -0.000665921160476  -0.0011126812135  0.00216337308679
32  -0.000177735840664  -0.00159049742899  0.00171467538003
33  -0.000424399494381  -0.0005621622967  -0.000591214402613
34  -0.000667565008042  -0.000242769820063  -0.00159853968426
35  0.000173702224777  -0.00119080981861  0.000424548191075
36  -0.00199730831812  -0.0159180763469  0.0189406706517
37  0.00191749471942  -0.0189562343218  -0.00527986980004
38  -0.00246871349656  -0.00494943453113  0.0104979234674
39  -0.00598003369679  0.00229484547467  -0.000216835062992
40  -0.000199805083622  -0.00721344596834  0.00821232417581
41  -0.0104795501291  0.0018535791481  0.00974718853188
42  -0.00112281574648  -0.00143821421883  -0.00200061649058
43  -0.00324513537435  -0.000409086399842  -0.00793596284518
44  -0.00319167841417  -0.00144003917353  0.0050210228433
45  -0.000753306371144  -0.00141835420145  -0.00269380333698
46  -0.00231933633547  -0.0096558142157  0.0158537927728
47  -0.000861809062731  -0.0076735119758  -0.0140913088242
48  -0.00331205209896  -0.0145413767231  0.0206782204026
49  -0.0021775442505  -0.0115507652573  0.0179386560959
50  -0.0199285979502  0.00198474180224  -0.000764074461018
51  -0.00321454016067  -0.0148121449794  -0.0261690195925
52  -0.00242501386228  -0.00113791523406  -0.00149311213133
53  -0.000572562364262  -0.00564427826363  0.00416696087759
