1  6.73819010017e-07  0.0234280641588  0.0043158822232
2  0.017645352903  0.0022468434849  -0.0204565353322
3  0.016910657932  -0.00155998765652  0.000211200613704
4  -0.00313962191936  0.0158289460796  0.00660803991731
5  0.000922848358495  0.0135757128322  -0.0168484136456
6  0.00494533556018  0.00119611486871  -0.00435524503103
7  0.000388265526695  0.00138257760242  0.00269979430156
8  0.000805150542884  0.00126132108428  -0.0013264715706
9  0.000472898577898  0.00160316996725  -0.000825677026921
10  0.000755901474422  0.000357469453187  -0.00146405866982
11  0.000702723852915  0.000287591481438  0.00174413435042
12  0.000199216554533  0.000377962682731  -0.000750910757191
13  0.000102295086708  -0.000111593663699  0.000118371020648
14  0.002323092484  0.000476875906912  0.000574849029967
15  0.000534110857249  1.7618786341e-05  0.000562668183585
16  -8.54340340041e-05  6.90450616989e-05  0.000192768103867
17  0.000197076325387  0.000196716565478  0.00110967255093
18  0.000695244745309  0.000434918919185  -0.0015297713629
19  0.00019922011822  0.000205819774132  -0.00110629074267
20  0.00233040350228  -0.00052484142253  -0.000238657401619
21  0.00217755274495  0.000148758220803  -0.0011553062515
22  0.00891898782915  0.00126993990301  0.00976448630358
23  0.016340699912  -0.00371727085333  -0.00128213231571
24  -0.00315412959229  0.0241123259247  -0.0122816833876
25  0.00230418279176  0.0186872004505  0.0212907600961
26  6.77651881869e-07  0.023439021571  -0.0043138938688
27  0.0176967409915  0.00476742121805  0.0183703913737
28  0.0004027486066  0.00485467746523  -0.00378138433961
29  0.00439714898743  0.000801926400943  0.00648702974994
30  -0.000198913046972  0.00132095383156  0.000378023243523
31  0.000753966028116  0.00125201258644  -0.0024243685674
32  0.000198257122038  0.00176754140143  -0.00189652611729
33  0.000478694698434  0.000675112302693  0.000867438187985
34  0.000745535296735  0.000234211341805  0.00170637827187
35  -0.000184488486397  0.00129531113467  -0.000288983765193
36  0.00224634708821  0.0188089267382  -0.0213603666769
37  -0.00279309228133  0.0226722257911  0.00271545698359
38  0.00341275849771  0.00616099167359  -0.0138947395112
39  0.00551493117637  -0.00166476210368  0.00155780593034
40  -5.74769521651e-05  0.00963487024501  -0.0104342157237
41  0.00905432299788  -0.000475534363973  -0.00913704160152
42  0.00123019214154  0.00154210051898  0.00192308194618
43  0.00378910789121  0.000103961929541  0.006339612101
44  0.00370498700262  0.00152584213496  -0.00544415834346
45  0.000856956074674  0.00150372208197  0.00233469666568
46  0.00318136120584  0.0113536419706  -0.0193421040741
47  0.000816554290305  0.00768728687949  0.0110850101652
48  0.00431414384016  0.0167464248469  -0.0242144023768
49  0.0031121112221  0.0178897623705  -0.0258218413123
50  0.0238592370665  -0.00289818369414  0.0017234899225
51  0.00421888975335  0.0112115324012  0.0170065018609
52  0.00235459853709  0.00130405847099  0.00122875628638
53  0.000725316887311  0.00542370162902  -0.00330267627764
