1  -1.56311361181e-08  -0.0127344684383  -0.00249782051984
2  -0.0125937168345  -0.000468496052169  0.0118681838474
3  -0.017702454722  0.00440122258817  0.000381512223384
4  0.00230940577331  -0.0130959322638  -0.00794779068265
5  -0.000643175160416  -0.0083200062181  0.0113041425422
6  -0.00369578052062  -0.00082389018021  0.00405077410287
7  -0.000266012376925  -0.000967324093825  -0.00196956786239
8  -0.000589347608589  -0.000749306555794  0.000846430064809
9  -0.000297798288322  -0.0010486450117  0.000402547634327
10  -0.00041064970909  -0.000286888867571  0.00102152761285
11  -0.000477563892705  -0.000164346947946  -0.00112791655475
12  -0.000116443548056  -0.000251989873322  0.000465753478963
13  -4.83800310877e-05  7.04779576031e-05  -8.62373411821e-05
14  -0.001655077823  -0.000202691863403  -0.000472478420172
15  -0.000336983335089  -3.6874407261e-05  -0.00038623991622
16  4.97202906828e-05  -3.16469738462e-05  -0.000120381054298
17  -0.000116918218459  -0.000100040291972  -0.000650363642299
18  -0.00047348914716  -0.000250764645406  0.00101558804654
19  -0.000116305983747  -0.000104997123725  0.000645342484488
20  -0.00165859458902  0.000402779965953  0.000159775277422
21  -0.0016346862436  0.000134488134063  0.00101372663327
22  -0.00785420218799  -0.000905038770492  -0.0087436212198
23  -0.0140275053268  0.0032775821601  -0.00134961191239
24  0.0022978232644  -0.0127977162541  0.00618783760033
25  -0.0015288496999  -0.0123370050132  -0.0135770055303
26  -1.67826478501e-08  -0.0127244266079  0.002489101709
27  -0.0126532803652  -0.00339369728661  -0.0131059394472
28  -0.000272558605126  -0.00314599091629  0.00269902226381
29  -0.00326128970051  -0.00033955758281  -0.00525677715773
30  0.000134539815138  -0.000856040055031  -0.000296220301876
31  -0.000468374128605  -0.000795591290563  0.00156499082384
32  -0.000115531644592  -0.00113779068713  0.00124226931024
33  -0.000293681634354  -0.000375952053896  -0.000346246950968
34  -0.000469605865456  -0.000170185691919  -0.00113852513415
35  0.000135113359797  -0.000837332508785  0.000346767113477
36  -0.00148659046125  -0.0121710660368  0.0149497689937
37  0.00167591417549  -0.0147444403909  -0.00432934582015
38  -0.0017733078237  -0.00386310328896  0.00812751387164
39  -0.00447803260557  0.00175379961902  -0.000132923335089
40  -0.000149334558969  -0.00548683367432  0.00649600016244
41  -0.00791882270188  0.00153100734751  0.00742948003782
42  -0.000813135729697  -0.00102495457601  -0.00151786271903
43  -0.00239759266523  -0.000305020694011  -0.00597721891644
44  -0.00235163790449  -0.00106479448478  0.00376345245666
45  -0.000505905240491  -0.00104874588361  -0.00206699621344
46  -0.00154014779325  -0.00745088231387  0.0123291713403
47  -0.00056173691616  -0.00575133233846  -0.0107807930413
48  -0.0023216808145  -0.0112978247389  0.0160624071422
49  -0.00144115066483  -0.00910212042491  0.0144050732927
50  -0.0155945512599  0.00173068096041  -0.000803546692731
51  -0.0022715466466  -0.0111362530844  -0.0201304380048
52  -0.001810665582  -0.000785052589834  -0.00119120351606
53  -0.000364113600806  -0.00420032804677  0.0031829735318
