1  3.49171411386e-07  0.0195239710579  0.00384009856867
2  0.0150132066086  0.00163823280801  -0.0171632284327
3  0.0135915076421  -0.00203747944243  0.000243270711992
4  -0.00265489573007  0.0112761798676  0.00519334014018
5  0.000504182186309  0.00929375440177  -0.0122781056988
6  0.00295435453649  0.000557609680286  -0.00293054144236
7  0.000145279024991  0.000741439708592  0.00138099550895
8  0.000393836678667  0.00044325684727  -0.000466099059323
9  0.000203690087883  0.00062315540464  -0.000200540329097
10  0.000240832393579  0.00019612140556  -0.000632463449668
11  0.000308660293807  9.94635598216e-05  0.00072284847309
12  4.7631780643e-05  0.000147148402586  -0.000238533334615
13  3.48603258313e-05  -3.96686757864e-05  2.08191260191e-05
14  0.00118512046668  0.000164280467266  0.000477979205716
15  0.000163569041684  1.52591738782e-05  0.000207675375787
16  -3.42726718788e-05  3.01022706289e-05  4.70943237e-05
17  4.78346915338e-05  7.50575008524e-05  0.00044482851923
18  0.000312791330048  9.65853155572e-05  -0.000565498735539
19  4.74115705078e-05  7.06605274452e-05  -0.000437593649245
20  0.00118787222054  -0.00028251682412  -0.000212994340093
21  0.00117049032278  -4.27867243461e-05  -0.000822374343105
22  0.00604234467852  0.000669967631721  0.00683098611342
23  0.0117136209806  -0.00313551582112  -0.000635348527418
24  -0.00266848633255  0.0177336319029  -0.00943558299324
25  0.00171949204411  0.0146152841176  0.0172837692285
26  3.52086311659e-07  0.0195310480681  -0.00384589732711
27  0.0150147733839  0.00403849924589  0.0155739720435
28  0.000151452046919  0.00277235377496  -0.0022308625305
29  0.00260749438692  0.000252268028137  0.00422966821848
30  -6.80362524585e-05  0.000475321723015  0.000261568960167
31  0.00029493427398  0.000638068249617  -0.00113890329148
32  0.000112859764718  0.000796311591187  -0.00096998149373
33  0.000203514123067  0.000253547451834  0.00019021824757
34  0.000295793330533  0.000116144604358  0.000732761904229
35  -7.75921548398e-05  0.000516673944052  -0.000238536296918
36  0.00168139698573  0.0150458407904  -0.0181203663636
37  -0.00246213279005  0.0190038328724  0.00264968002217
38  0.00191833869338  0.00396063397583  -0.00870424009383
39  0.00338635777172  -0.0011693673541  0.000678261330497
40  -9.38720547023e-06  0.00588457726432  -0.00678609540456
41  0.00612843460892  -0.000720813741274  -0.00610789091196
42  0.000659615876535  0.000673951674584  0.00113260837329
43  0.00214399717146  9.50632341279e-05  0.00413499142705
44  0.00209555577264  0.000818413982776  -0.00322084072787
45  0.000330459912335  0.000822877732789  0.00143279032294
46  0.00182698567594  0.00800172329211  -0.0137352153741
47  0.000433946912276  0.00491101458845  0.00789927661201
48  0.00296565940175  0.0137508572669  -0.0199298376044
49  0.001898848711  0.0132070705507  -0.0193158120186
50  0.0188066527257  -0.00256550870021  0.00169992846693
51  0.00290596550986  0.00871309344818  0.0143972103162
52  0.00129249095099  0.000531686949783  0.000890941327206
53  0.000235952595666  0.00329120518016  -0.0022429863757
