1  3.28928121081e-07  0.0193464543923  0.00381985025496
2  0.01486910559  0.00161538215683  -0.0170132928884
3  0.0140344050017  -0.00199298480527  0.000178826887588
4  -0.00275994831543  0.012078371107  0.00544645940783
5  0.000576546298087  0.0100858132898  -0.0131710272013
6  0.0033295957078  0.000715626792785  -0.00320007079117
7  0.000229985861813  0.000842496246268  0.00167613089282
8  0.000478182400697  0.000670438404254  -0.000708561255404
9  0.000262205913729  0.00087646026178  -0.00040916619405
10  0.000389380762932  0.000210389533326  -0.000839381937482
11  0.000385333318805  0.000162651554585  0.000985323385214
12  9.63411045665e-05  0.00020870577817  -0.000378825221474
13  5.24822750546e-05  -5.54753835245e-05  5.23008681191e-05
14  0.00142340367796  0.000236969637928  0.000421787473701
15  0.000269113486155  1.42814017046e-05  0.000294952508839
16  -4.31284611029e-05  4.13949530513e-05  8.67686252706e-05
17  9.55846510816e-05  8.05285064295e-05  0.000608881195006
18  0.000388012814843  0.000202852172608  -0.000822320567729
19  9.61418118745e-05  7.71166209595e-05  -0.000604483028457
20  0.00142885903268  -0.000332529211819  -0.00014680060867
21  0.00137543971297  -5.58360118498e-07  -0.000829801641781
22  0.006604065552  0.000786336537794  0.00740344145439
23  0.0125280779133  -0.00325614057043  -0.000754989941761
24  -0.00277425540647  0.0187193006089  -0.00986818826514
25  0.00175954474653  0.0148487230365  0.0174441391106
26  3.31407043529e-07  0.0193553919095  -0.00382430335805
27  0.0148716123629  0.00399960795082  0.0154247359399
28  0.00023950595434  0.00315198473297  -0.0025711405416
29  0.00294779318446  0.000355086434612  0.00465860157465
30  -0.000110171536887  0.000698449614236  0.000250225956948
31  0.000424965909211  0.000730216995462  -0.00142608615596
32  0.000100298262182  0.00102582625326  -0.00112030197815
33  0.000266969741944  0.000361600648462  0.0004014622593
34  0.000422716102213  0.000125583436799  0.000961092983498
35  -0.000116008655464  0.000717232439801  -0.000210429743855
36  0.00171918320339  0.0153902504265  -0.018379396155
37  -0.0024502698217  0.018825962213  0.0026245894523
38  0.0021890504224  0.00440957900649  -0.0096902183928
39  0.00380236718989  -0.00127499440537  0.000789235232343
40  3.56751224694e-06  0.00659335898724  -0.00751632432073
41  0.00669899475545  -0.000696767348604  -0.00669834000783
42  0.000749708161355  0.000894372164167  0.00126147459519
43  0.00243358705486  0.000119730765969  0.00459901776772
44  0.00238042408038  0.000998363233199  -0.00365757561323
45  0.000467459725036  0.000935531432552  0.00159870521156
46  0.00205549956053  0.00863714963617  -0.0148016611357
47  0.000498833758509  0.00543832371091  0.00854514777294
48  0.00310615493867  0.0139933258385  -0.0203131419865
49  0.00206732278285  0.0139174236355  -0.0203509318174
50  0.0190667154809  -0.00255277551984  0.00165886883991
51  0.00303732062523  0.00906176305286  0.0147438556968
52  0.00150135937628  0.000727917600491  0.000903693346396
53  0.000366515495149  0.00369459726473  -0.00245548174891
