1  8.33121468899e-08  -0.00776719641592  -0.00181773635742
2  -0.00782927051005  -4.77662117282e-05  0.00735166748849
3  -0.0121633280502  0.00319838570783  0.000568248403801
4  0.00200622253999  -0.0101893647132  -0.00598797103451
5  -0.000421419472097  -0.00680469694431  0.00932474376473
6  -0.00354366718617  -0.000972852575255  0.00393972661624
7  -0.000394177889311  -0.00106220325908  -0.00235660808291
8  -0.000728597736742  -0.0011868748305  0.0013591338695
9  -0.000390759205055  -0.00153342988363  0.00084402824579
10  -0.000658752348987  -0.000301162297752  0.00137130850645
11  -0.000624289916704  -0.000259763340385  -0.0016051705894
12  -0.000224495538549  -0.000399362592935  0.000786104011508
13  -8.49963647297e-05  0.000108540566527  -0.000170069155326
14  -0.00195069002917  -0.000296213202031  -0.000266196270208
15  -0.000582395853588  -4.37777271521e-05  -0.000602786673614
16  7.03236765683e-05  -4.97310966969e-05  -0.000226131120509
17  -0.000224379456416  -0.000104424308725  -0.000963771393043
18  -0.0006199862845  -0.000485739764586  0.00154915717308
19  -0.000224392862099  -0.000110896310629  0.000957709516381
20  -0.00195064999028  0.000472086993456  3.10927617839e-05
21  -0.00179484670002  7.02316263243e-05  0.000946256453761
22  -0.00670644834411  -0.000715360266335  -0.00751638867805
23  -0.0108679084886  0.00270818321227  -0.000769077220856
24  0.00199615250151  -0.00968793046034  0.00459596062511
25  -0.00098262295293  -0.00802372184462  -0.00915837791386
26  8.53236267152e-08  -0.00775394732487  0.00181604136952
27  -0.00786584571752  -0.00210754321685  -0.00814312240002
28  -0.000397264143519  -0.00322095794566  0.00294414485402
29  -0.0031377171091  -0.000364199277256  -0.00497659933254
30  0.000212761820012  -0.00131558410387  -0.000242341107568
31  -0.000687305711708  -0.000890185982884  0.00197717005818
32  -7.11168826754e-05  -0.001494980765  0.00140748912545
33  -0.000386461491929  -0.000548645596437  -0.000690104255807
34  -0.00068912826709  -0.00019168834206  -0.00157867526884
35  0.000212334986484  -0.00118131659655  0.000302230073813
36  -0.000956279079212  -0.00805698773358  0.0103659079473
37  0.00121439271654  -0.00909780408969  -0.00290956020506
38  -0.00163747971632  -0.00357435465422  0.00751850872622
39  -0.00439952658471  0.00166835799091  -0.00021241123175
40  -0.000132702322135  -0.00507348500372  0.00600184152536
41  -0.00675185705699  0.00127148157134  0.00662326673548
42  -0.000872353504467  -0.00135406618671  -0.00160627945875
43  -0.00242215388726  -0.000282914394324  -0.00577693720376
44  -0.00236736185106  -0.00124756667863  0.00395823567144
45  -0.000662200462392  -0.00111607909591  -0.00215463439734
46  -0.00119600130202  -0.00605359200139  0.0102189813734
47  -0.000354415412005  -0.005071976845  -0.00922931703166
48  -0.00133688369615  -0.00766199652529  0.0108705611187
49  -0.000977791761646  -0.00674217617847  0.011166242659
50  -0.0102625012754  0.00125880183049  -0.000735525061319
51  -0.00129426237564  -0.00772061976293  -0.0139026872935
52  -0.00196735357371  -0.0010526556529  -0.00103116408149
53  -0.000515987456077  -0.00404546564645  0.00312838161735
