1  -4.74598616106e-07  -0.0215062003174  -0.00325784631163
2  -0.0206209720125  -0.00158377062857  0.0195349708121
3  -0.0309672413378  0.00671954086366  0.000646694709302
4  0.00270391870413  -0.0218895818442  -0.012803638556
5  -0.00140259308261  -0.0143033304887  0.0178973306611
6  -0.00620717485091  -0.00150065950403  0.0064820725783
7  -0.000475141958502  -0.00158052164483  -0.00320936754612
8  -0.000949764042916  -0.00145259747096  0.00157276183412
9  -0.000532532511349  -0.00189289229154  0.000936513550211
10  -0.00081225896373  -0.000438263462324  0.00169007155031
11  -0.000818391731296  -0.000308208479977  -0.00195003273658
12  -0.000229215457236  -0.000354093810147  0.000849627244372
13  -8.49919189451e-05  0.000133411498178  -0.000176332916975
14  -0.00272708839964  -0.000441557157299  -0.000667013799649
15  -0.000606230216581  -1.76277879478e-05  -0.000622098852345
16  9.19255717597e-05  -4.52073705059e-05  -0.000239919967713
17  -0.000229973007099  -0.000218845359794  -0.00111836294959
18  -0.00082819509375  -0.000523280157693  0.00177323215847
19  -0.000229515007201  -0.00023779723583  0.00113449095422
20  -0.00273335696632  0.000643234644032  0.00021269398281
21  -0.00270039546001  4.76280398053e-05  0.00145034681429
22  -0.0132749011332  -0.00203607595793  -0.0141178299268
23  -0.0234036968536  0.00428958262398  -0.00231108754967
24  0.00270995167936  -0.0207586076489  0.00934674291879
25  -0.00275107465477  -0.0205863701144  -0.0213859687405
26  -4.73722342502e-07  -0.0214932459731  0.0032403819717
27  -0.0206225858867  -0.00554773875689  -0.0213924056221
28  -0.000486564727755  -0.00526928336527  0.00439929535608
29  -0.00551148564348  -0.00101203890696  -0.00809008771247
30  0.0001942642394  -0.00155561173755  -0.000439774698831
31  -0.000832675908218  -0.00137306923963  0.00266066872627
32  -0.000231670465364  -0.00195880247564  0.00209820111449
33  -0.000542750461637  -0.000725601601941  -0.00083553527672
34  -0.00082986296295  -0.000299360794231  -0.00194044322889
35  0.000199923555917  -0.00145852179503  0.00043149875363
36  -0.00267337265558  -0.0211360471101  0.0242977143108
37  0.00215064478951  -0.0241852119184  -0.00627625301546
38  -0.00326531141086  -0.0060813893758  0.012963244258
39  -0.00738824474548  0.00279432560281  -0.00026272288614
40  -0.000278571630205  -0.00905313568614  0.00995820540866
41  -0.0133786751176  0.00215835764396  0.0122120010464
42  -0.00139004638734  -0.0017892466989  -0.00238483090615
43  -0.00402088669805  -0.00053960444934  -0.00980353647498
44  -0.00397553992859  -0.00177737986737  0.00615906327184
45  -0.00099438551207  -0.00173208734659  -0.0031815356234
46  -0.00339128832535  -0.0123900237881  0.0201587578999
47  -0.00129107803302  -0.00979635150586  -0.0177082234774
48  -0.0047533412967  -0.0189580983439  0.0270207678762
49  -0.00326363572304  -0.0148860919627  0.0224326030381
50  -0.0254286995064  0.00223389693291  -0.000657287914646
51  -0.00458740350349  -0.0198442557022  -0.0341971838506
52  -0.00292651026536  -0.00145737035288  -0.00172011679062
53  -0.000786346914133  -0.0070388910449  0.00506066164892
