1  -1.13510274693e-07  0.00686635402961  0.00163153945435
2  0.00585973121522  0.000273925360152  -0.00627676328827
3  0.00609080438273  -0.00151805873678  -2.46564514128e-05
4  -0.00137164163011  0.00499159977219  0.00267865331986
5  0.00015355962095  0.00385302501373  -0.00559442256155
6  0.00146486453659  0.000334633608095  -0.00157456381032
7  0.000137475285359  0.000395248059759  0.000868048433167
8  0.000253374561671  0.000374583876372  -0.000425804718608
9  0.000127162980985  0.000499423449443  -0.000245826486884
10  0.00021356572912  0.000104577070185  -0.00047712724452
11  0.000199981485224  9.37352555722e-05  0.0005591145807
12  6.8784838284e-05  0.000105444108192  -0.000245305512066
13  2.9037137688e-05  -3.54256944815e-05  4.91584541002e-05
14  0.000718844402403  9.99469472471e-05  0.000151422138718
15  0.000178713313209  9.78144662159e-06  0.000182215489516
16  -2.63734237099e-05  1.18964397726e-05  7.70355241312e-05
17  6.91686086904e-05  4.09439319612e-05  0.000329434199765
18  0.000206670138106  0.000138595750981  -0.00049998403839
19  6.8729665018e-05  2.6742185567e-05  -0.000333129307852
20  0.000724757309266  -0.00017604383271  -1.9078719687e-05
21  0.00066936653072  -4.32213901101e-05  -0.000404486328953
22  0.00291152024308  0.000227085272857  0.00340287019187
23  0.00525261855897  -0.00164242158655  -1.0906786222e-05
24  -0.00137174562475  0.00688541981096  -0.00384050619481
25  0.000581286675952  0.0053554136277  0.00663399763469
26  -1.08574674647e-07  0.00689683824498  -0.00163858331048
27  0.0058630700078  0.00157015999368  0.00606826473451
28  0.000143227205692  0.00137489501454  -0.00124669794464
29  0.00127052845083  4.70975257504e-05  0.00219739429356
30  -6.19310867288e-05  0.000425459390794  0.000120936677052
31  0.000241149852072  0.000335495927056  -0.000731308089664
32  2.38675785782e-05  0.000539326996514  -0.000526755081743
33  0.000134627830171  0.000178159031537  0.000206861736487
34  0.000240943124009  6.17870975672e-05  0.00053951707021
35  -8.47976329354e-05  0.00039387485616  -0.000109100294157
36  0.000557353174578  0.00582536153586  -0.0076262676944
37  -0.00104861315854  0.00713127203409  0.00158636334095
38  0.000777173758128  0.00188510227134  -0.00399888640358
39  0.00176652222946  -0.000645771973648  0.000212524700106
40  3.24986822207e-05  0.00261805900157  -0.00325528236794
41  0.00295414791774  -0.000529739380529  -0.00296755729418
42  0.000339630340936  0.000477565894593  0.000630748357356
43  0.0010303719138  9.26841719331e-05  0.00224633531845
44  0.00101440790276  0.000498325052569  -0.00168565678849
45  0.000212304835241  0.000420062363074  0.000819883272311
46  0.000524487521032  0.00349938932368  -0.00601959944701
47  0.000117688644592  0.00226927697351  0.00399322528483
48  0.000850220638144  0.00551252891782  -0.00802480124896
49  0.000442744464819  0.00508507604505  -0.00782062735271
50  0.00699278955809  -0.00109790562906  0.000770896752218
51  0.000838111585828  0.0037620455218  0.00697832821237
52  0.000717893054593  0.000358530044699  0.000420457387362
53  0.000158022417273  0.00164622467339  -0.00124239954969
