1  -3.65278938714e-07  -0.0208819009407  -0.00318613418414
2  -0.0200155412353  -0.00151978465898  0.0189821102783
3  -0.025886906485  0.00591408603346  8.19619502994e-05
4  0.00253640397979  -0.0171949817496  -0.0104860044951
5  -0.000977233304933  -0.0107584659249  0.0141176259828
6  -0.00437587051495  -0.000997083809444  0.00466961706556
7  -0.00033426777796  -0.00106832999008  -0.00223379170974
8  -0.0006503452974  -0.000938989873222  0.00104605018427
9  -0.000351531309106  -0.00125561531971  0.000575492072542
10  -0.000522940211496  -0.000309195942061  0.00116955107247
11  -0.000534829012686  -0.000211533269943  -0.00131344093604
12  -0.000154323793136  -0.000265050556224  0.00056269151966
13  -5.42834757897e-05  8.36305294749e-05  -0.000118771148309
14  -0.00187323641478  -0.00026449684939  -0.00046690150258
15  -0.000413176081923  -3.17538684963e-05  -0.000436414627931
16  5.70397134848e-05  -2.63730639616e-05  -0.000162158611994
17  -0.000155837052586  -0.000131816201001  -0.000735424353109
18  -0.000533959322447  -0.000339534280777  0.00121301182639
19  -0.000154362820905  -0.000126553328154  0.000739289346779
20  -0.00187588529492  0.000449062848123  0.000119640991816
21  -0.00186756924892  0.00011701743197  0.00106989795631
22  -0.009831715051  -0.00131076571234  -0.0107191391301
23  -0.0184296387365  0.00384370501067  -0.00203202831257
24  0.0025366114566  -0.0170966848779  0.00811402155658
25  -0.00242656524157  -0.0187760634254  -0.0197261288366
26  -3.66232142536e-07  -0.0208703881869  0.00316647314785
27  -0.0200734060416  -0.00539755225218  -0.0208180007903
28  -0.000341994683808  -0.0036420013622  0.00310768769229
29  -0.00387756926034  -0.00050316702414  -0.00605781129265
30  0.00015632477477  -0.00103394148243  -0.000285217300364
31  -0.000563146416755  -0.000888571596375  0.00177623888811
32  -0.000129109974606  -0.00131398834066  0.0013765468193
33  -0.000350104587974  -0.000463219410298  -0.000500008986977
34  -0.000563791154991  -0.000186177019885  -0.0013036954484
35  0.000149664163394  -0.000990078529696  0.000338976855455
36  -0.00236325699994  -0.0185199964916  0.0217105996151
37  0.00212257697485  -0.023596535514  -0.00613065975697
38  -0.00219323232314  -0.00459563697911  0.00961850540616
39  -0.00524975352125  0.00205177244385  -6.67009795702e-05
40  -0.000218063981731  -0.00656558011086  0.00763191653959
41  -0.00990732858828  0.00183386521139  0.00899901970033
42  -0.000922581798198  -0.00120574590622  -0.00166509278678
43  -0.00277348924198  -0.000404447648012  -0.00705061039126
44  -0.0027336643441  -0.00125300904903  0.00432808991605
45  -0.000631651611125  -0.00117437526314  -0.00230354419156
46  -0.0022466883686  -0.00953317813977  0.0155603006874
47  -0.000883944593522  -0.00709246537321  -0.0133448762722
48  -0.00397957707239  -0.0168122330794  0.0238579699418
49  -0.00232290606685  -0.0123231245732  0.0187444079562
50  -0.0233227500572  0.00219164823913  -0.000674621467671
51  -0.00388483379036  -0.0162708927066  -0.0290566264086
52  -0.00204602159606  -0.000953992331455  -0.00127101596539
53  -0.000475848230338  -0.00497122003909  0.00366483426565
