1  2.13805578314e-08  -0.0082632369412  -0.00155793930887
2  -0.00758302043378  -0.000452817365384  0.00750186227061
3  -0.00561790644422  0.00161894468212  -0.000518295347547
4  0.000792891546253  -0.00280483921143  -0.0020691504894
5  -0.000126856826601  -0.00145262491039  0.00262706653173
6  -0.000322181836822  -0.000128688617936  0.000409063711439
7  -9.98792594872e-05  -3.0520961249e-05  -0.000259665432292
8  -6.71948811423e-05  -0.000183744194168  0.00022615702786
9  -4.06436127992e-05  -0.000205985215461  0.000179356547178
10  -0.000122222486463  -3.03496131088e-06  0.000179698336274
11  -6.3563315864e-05  -6.67096558334e-05  -0.000222230467255
12  -5.1568256059e-05  -7.09787858232e-05  0.000130434761346
13  -1.05929829745e-05  1.70542229275e-05  -4.71929806466e-05
14  -0.000175981790562  -2.10177787016e-05  0.000133917137164
15  -0.000113292255063  -1.41404599037e-06  -8.65081722167e-05
16  3.02916958907e-06  -2.09523723228e-05  -3.26833645499e-05
17  -5.46341983501e-05  7.41862437088e-06  -0.000157808343592
18  -4.35958952098e-05  -9.90104269192e-05  0.000260391708292
19  -5.14445441828e-05  5.64934853433e-06  0.000142177893755
20  -0.000170155474769  4.76832106531e-05  -0.000141093986308
21  -0.000138172721676  2.78626074613e-05  -1.72150208614e-05
22  -0.00114185808444  -9.98939287896e-05  -0.001342002263
23  -0.00304706636354  0.00105541442404  -0.000533054843222
24  0.000792753491971  -0.00395782371527  0.00269247995625
25  -0.000565504008978  -0.00575491552062  -0.00671416047434
26  2.23999286462e-08  -0.00822452338295  0.00155071629378
27  -0.00757010047203  -0.00202859454564  -0.00783751612813
28  -9.98549275914e-05  -0.000208136857994  0.000353524832758
29  -0.000289360020984  4.96410372178e-05  -0.000611745587449
30  7.27820691139e-05  -0.000185014287505  5.80299785605e-05
31  -0.00012206108581  -8.75070342592e-06  0.000221403649063
32  3.86114402276e-05  -0.000207185991346  8.63450922155e-05
33  -3.5900921849e-05  -7.81693311736e-05  -0.000164974920673
34  -0.000128516063277  8.42831849682e-06  -0.000199556487946
35  4.22331782941e-05  -0.000181934198384  -1.71033273287e-05
36  -0.000554558987827  -0.00539458644207  0.00683578645955
37  0.00101853594371  -0.0089515918193  -0.00223205512051
38  -6.81792222171e-05  -0.000602983589512  0.00100189599408
39  -0.000432766313683  0.000197805716364  0.000163647450838
40  -8.63326370946e-05  -0.000581941206932  0.00102788762254
41  -0.00116716914245  0.000376816738406  0.000919813212719
42  -1.197085412e-05  -0.000184918024586  -8.52021507819e-05
43  -0.00013484385448  -0.000102166591314  -0.000661860229971
44  -0.000132265551932  -0.000192380138005  0.000383027310931
45  -9.27157277713e-05  -4.04311183525e-05  -0.000174712492525
46  -1.21246059568e-06  -0.00158625703639  0.00247226256595
47  -9.80200098159e-05  -0.000673214297101  -0.00168788300146
48  -0.000891034874652  -0.00504038980461  0.00733311820851
49  -4.86836423503e-05  -0.00313410095455  0.00447125410364
50  -0.00730392858072  0.00105448899793  -0.000519061793319
51  -0.000886815635041  -0.00319344482315  -0.00681996997897
52  -0.000163699648221  -0.000139600306618  -5.32447038e-06
53  -7.79696553138e-05  -0.00037581160344  0.000351862066323
