1  1.12251102178e-07  0.0137228402004  0.00303004626219
2  0.0109345837024  0.000852335139928  -0.0122539747553
3  0.0119546544977  -0.00210403086108  -0.000121292790131
4  -0.00263015855633  0.0110829038637  0.00508087380932
5  0.000489964355611  0.00949682646971  -0.0126860665785
6  0.00390210473631  0.00105225242765  -0.00374992344286
7  0.000408924245043  0.00121412887552  0.00254731856716
8  0.000774698469647  0.00113748982879  -0.00125518254765
9  0.000412875013619  0.00149306495467  -0.000733149285849
10  0.000714742596488  0.000321348451253  -0.00143088495907
11  0.000681826522503  0.000284211996191  0.00172991239151
12  0.000198045005412  0.000350151444462  -0.000758697175628
13  0.000115394397286  -0.000120489266997  0.00011062997732
14  0.00214357715739  0.000363179507911  0.000370421156404
15  0.000537064541815  -3.30830673418e-07  0.00055541170051
16  -9.38153134508e-05  8.81624364097e-05  0.000189964565897
17  0.000198604531143  0.000226521852643  0.00116775290933
18  0.00068716949194  0.000387087686252  -0.00151013955859
19  0.00019801189609  0.000218985179537  -0.00116350114733
20  0.00214952415962  -0.00049955290689  -0.000106452379681
21  0.00190700001545  7.96949972598e-05  -0.000978378719944
22  0.00676170786416  0.000748943260909  0.00763344656923
23  0.0115098789276  -0.00309056002783  -0.000667433618684
24  -0.00263712881549  0.0158903228307  -0.00842157014929
25  0.00127408589492  0.0111126093071  0.0132619145762
26  1.1674677882e-07  0.0137401074356  -0.00303373158214
27  0.0109403424102  0.00293520638448  0.0113335193607
28  0.00041614403196  0.00394046654379  -0.00338684647865
29  0.00345886158755  0.00047114032387  0.00536588198534
30  -0.000202338162914  0.00127746359461  0.000416109927553
31  0.000745616939661  0.00113812082076  -0.0023866603468
32  0.000116541497917  0.00173736785769  -0.00179648642909
33  0.000419577857037  0.000606778289367  0.000805302007321
34  0.000744850889362  0.000224350872481  0.00169631361915
35  -0.000213211710548  0.0012491174764  -0.000285862860279
36  0.00123832837846  0.0121764395411  -0.0149845793975
37  -0.00194169728928  0.0136496739749  0.00236142935894
38  0.00236881327467  0.00478867959586  -0.0105493744441
39  0.00454606250954  -0.00143319357092  0.0010685480188
40  -4.43028343163e-06  0.00715232024831  -0.00818095817402
41  0.00685089615773  -0.000665203240191  -0.00709063585739
42  0.00102452372799  0.00146870375997  0.00177776388021
43  0.00300698336888  0.000132426506201  0.00535193799512
44  0.00294306725346  0.00140266310481  -0.0046685325578
45  0.000759677421958  0.00126229911552  0.00210135141113
46  0.0017988380493  0.00821464151022  -0.0141367114233
47  0.000409165241943  0.00572154717261  0.00874965032496
48  0.00224403054952  0.0111549842395  -0.0163498830306
49  0.00155074649037  0.0117258908439  -0.0175446329507
50  0.0143402981929  -0.00202590747535  0.00133536260741
51  0.00218195108474  0.0076985363081  0.0128629874183
52  0.0020589530709  0.00116048988749  0.00103177985008
53  0.000628818869608  0.00434047521199  -0.00291936236438
