1  -3.13981809856e-07  -0.0196177751043  -0.0030933633442
2  -0.0188500645157  -0.00134582924853  0.0178746560837
3  -0.0237939561596  0.00555815929326  4.57140349176e-05
4  0.0024808382015  -0.015901759566  -0.00976150897321
5  -0.000868739442337  -0.00991506665608  0.0131977124998
6  -0.00409489010369  -0.00095005666021  0.00441519216719
7  -0.0003314680015  -0.00101916251565  -0.00216488803871
8  -0.000634411890557  -0.000912727054627  0.00102560249466
9  -0.000339043432833  -0.0012245509431  0.000562589548867
10  -0.000512964481237  -0.000297009272797  0.00114657783849
11  -0.000523718707739  -0.000210046629807  -0.00129430504458
12  -0.000154996316522  -0.000265024743998  0.000561358118511
13  -5.62103383886e-05  8.31265859343e-05  -0.000118030305956
14  -0.00180876279222  -0.000247459183506  -0.000421189081887
15  -0.00041137176859  -2.90125312948e-05  -0.000431719059883
16  5.65861241819e-05  -2.92353081542e-05  -0.000160417142172
17  -0.000155734914147  -0.000127178916342  -0.000736004461134
18  -0.00052253372977  -0.000332206655478  0.00119706115762
19  -0.000155015533053  -0.000125031037664  0.000739019007343
20  -0.00180958032409  0.000436222989679  9.47961967225e-05
21  -0.00178090622456  0.000118040158112  0.0010157064625
22  -0.00912371392121  -0.00116637447824  -0.0100077561101
23  -0.0170515659961  0.00369562819388  -0.00187891460082
24  0.00248075039306  -0.0158728630226  0.00764222045932
25  -0.0022246882272  -0.0174982858441  -0.0185364690589
26  -3.14543619723e-07  -0.0196037865705  0.00307591849019
27  -0.0189075756588  -0.00508205959755  -0.0196050453403
28  -0.000337919210925  -0.0034368532014  0.00298170359461
29  -0.00362672980403  -0.000432934990278  -0.00572857825968
30  0.000158454141708  -0.00101659344145  -0.00027709742469
31  -0.00055617750442  -0.000850966030831  0.00173811779233
32  -0.000111972183466  -0.00128683577138  0.00132900359326
33  -0.000336004914425  -0.000448907135219  -0.000491129690686
34  -0.000556853712576  -0.000179312356193  -0.00128218170139
35  0.000151718050395  -0.000970267585819  0.000328175731327
36  -0.00216774961177  -0.0171040896449  0.0202430761504
37  0.00206302136234  -0.022207372861  -0.0058479275741
38  -0.00201155382489  -0.00433334961573  0.00903363245712
39  -0.00494234382457  0.00193473477083  -5.5137973962e-05
40  -0.000205659598739  -0.00613421645866  0.00721638042879
41  -0.00919382794227  0.00174345632079  0.00839745539849
42  -0.000871809286888  -0.001174113823  -0.00159929025551
43  -0.00260825091884  -0.000380779462909  -0.00663646170335
44  -0.00256761074038  -0.00120977686103  0.00412322447451
45  -0.000604104544139  -0.00111340230992  -0.00220414007989
46  -0.00198022250813  -0.00884319118377  0.0144627576886
47  -0.000781443928343  -0.00657820616556  -0.0124364522296
48  -0.00359075072963  -0.0155983248888  0.0221382361355
49  -0.00203169692134  -0.0114399451919  0.0175175676218
50  -0.0217919748968  0.00213049905645  -0.000702697872265
51  -0.00350950157312  -0.0148956574531  -0.0268425375937
52  -0.00195400124697  -0.000918147727375  -0.00119969441736
53  -0.000453312053032  -0.00465894877247  0.00347315876626
