1  3.5979498052e-08  -0.0108223767507  -0.00228935263406
2  -0.0108246025657  -0.000256776232586  0.0101609298424
3  -0.0164343481338  0.00413076255938  0.000582988039069
4  0.00229950760534  -0.012921350469  -0.00769991643194
5  -0.00062741401474  -0.00839502688702  0.0113285247382
6  -0.00399455823078  -0.000983725723982  0.00438424701867
7  -0.00035221992803  -0.00110013640788  -0.00232638298407
8  -0.000700387927102  -0.000994645504095  0.00112844977759
9  -0.000364932235381  -0.00133908155727  0.000617790420425
10  -0.000560486696354  -0.000317362735627  0.00125972411295
11  -0.000585602258006  -0.000224461124557  -0.00143742325827
12  -0.000169019267827  -0.000323561052248  0.00063445528479
13  -7.08710305766e-05  9.38035422378e-05  -0.000121314857397
14  -0.00194347128582  -0.000260633691871  -0.000420586630906
15  -0.000461195983669  -3.56361773678e-05  -0.000499500263714
16  6.52925691731e-05  -4.60261109275e-05  -0.00016943680586
17  -0.000168812138532  -0.00012686006231  -0.000858945321136
18  -0.000581995295054  -0.000359614762034  0.00132205486116
19  -0.000168883624874  -0.000132252800798  0.000853757870574
20  -0.00194515345555  0.000468643337172  0.000113724870748
21  -0.00185824328395  0.000106024446543  0.00105480567852
22  -0.00810441241516  -0.000948448124376  -0.00899139247745
23  -0.0138130019049  0.00322457981526  -0.00118538370663
24  0.00228753370159  -0.0123032977567  0.00582680036332
25  -0.00136601086801  -0.010983786765  -0.0122191511087
26  3.55835284026e-08  -0.0108108979136  0.00228282602476
27  -0.0108754995103  -0.00291556554824  -0.0112620135311
28  -0.000357520352028  -0.00348750774681  0.00307424694175
29  -0.00353472163097  -0.000422927285864  -0.00559283314815
30  0.000177773815375  -0.00111773679791  -0.000315352107967
31  -0.000609504864703  -0.000924745184636  0.00191754376923
32  -0.000107343887596  -0.00141378682777  0.00145534172477
33  -0.000359873572906  -0.000488807855536  -0.000541510441463
34  -0.000610921578259  -0.000196866088631  -0.00143132323905
35  0.000179039068946  -0.0010627711986  0.000350450433467
36  -0.00132848888887  -0.0109563962222  0.0136310203658
37  0.00153358386361  -0.0126215877689  -0.00386582368337
38  -0.001906209687  -0.00408020664336  0.00858366740774
39  -0.0048826678959  0.00188096171324  -0.000172874579024
40  -0.000162820931825  -0.00582066258134  0.00682888626858
41  -0.00816401745968  0.00153127749141  0.00777148967574
42  -0.000913944083341  -0.00126991112332  -0.00170138085063
43  -0.00264238031432  -0.000331629647757  -0.00647290460052
44  -0.00258799046999  -0.00125392587554  0.00421887246823
45  -0.000638787869313  -0.00117201285027  -0.00228323696452
46  -0.0015803984107  -0.0074712646629  0.0124215535023
47  -0.000545897949047  -0.00601616819421  -0.0110985899053
48  -0.00202055315553  -0.0102374737617  0.0145483312931
49  -0.00139321902394  -0.00866104137307  0.0139358658865
50  -0.0139332832435  0.00158618984984  -0.000807680965332
51  -0.00196661550365  -0.0104211221443  -0.0186566903216
52  -0.0020470742996  -0.000980698108989  -0.00122552367606
53  -0.000482482684193  -0.00454915712411  0.00345578563318
