1  7.38574769784e-08  0.000591129247671  -0.000164575151598
2  0.000244617750299  0.000281230774553  -0.000406980522772
3  -0.00270022575332  0.000714426595513  0.000532694914216
4  0.000750976619497  -0.00333546733871  -0.00171659182284
5  -7.54217252365e-05  -0.00262999682366  0.00350368823034
6  -0.00134943846648  -0.000232559520892  0.00152207467955
7  -3.46799400932e-05  -0.000391620828673  -0.000669879861366
8  -0.000219744252581  -0.000172195608653  0.000208172818519
9  -0.000104671269491  -0.000284496244288  2.27706725937e-05
10  -6.26826670715e-05  -0.00013497997678  0.000297393655148
11  -0.0001740231301  -1.45028346586e-05  -0.000287242723268
12  -1.01541747651e-05  -0.00010604308638  9.32985612655e-05
13  1.61082761274e-06  1.99707518854e-05  -2.48445207985e-05
14  -0.000574306407033  -4.83354068972e-05  -0.000287082556765
15  -7.38421387127e-05  -3.4420557932e-05  -0.00012785166639
16  1.0154774771e-05  -1.45204309477e-05  -7.52520856755e-06
17  -1.35378705206e-05  -2.94073743586e-05  -0.000158476594531
18  -0.000153278873942  -3.45203260992e-05  0.000275631350392
19  -1.00274189098e-05  -3.11433361752e-05  0.000138380117649
20  -0.000567884587176  0.000147986524015  0.000175193151753
21  -0.000586047202427  7.50318388653e-05  0.000512494900804
22  -0.00240469139124  -0.000160533663525  -0.00281140444132
23  -0.00348801846655  0.000921595640163  3.93136053019e-05
24  0.000759413778078  -0.00315385560975  0.00123292784825
25  -0.000162081303362  -0.000865049280741  -0.00103947942038
26  7.61298273771e-08  0.000607675493043  0.000148960455531
27  0.000221717600781  6.24133954536e-05  0.000235344488042
28  -2.91919626227e-05  -0.00122334555718  0.000927658063082
29  -0.00120220880549  -7.70494871991e-05  -0.0020237853786
30  4.67348118261e-05  -0.000204030859841  -0.000111866340428
31  -9.72019341316e-05  -0.000309232535053  0.000469740505389
32  -9.85933597828e-05  -0.000343466073891  0.000491999116649
33  -8.7855500657e-05  -9.74765087787e-05  2.7051373254e-05
34  -0.00010785007082  -7.37818940703e-05  -0.000343663053371
35  2.0282721871e-05  -0.00023627970729  0.000208916208379
36  -0.000151548491444  -0.00119197089462  0.00178231976693
37  9.66712682677e-05  0.000401996562125  -0.000247705701586
38  -0.000668215125631  -0.00138566637931  0.00309686793245
39  -0.0016183428164  0.000619878708489  -0.00023008771283
40  2.63140923494e-05  -0.00208281642849  0.00239453002085
41  -0.00242005695112  0.000419279551229  0.00257144914352
42  -0.000340255650584  -0.000279500569533  -0.000598110003665
43  -0.000967775514951  -2.53873797512e-05  -0.00206015246581
44  -0.000939110765362  -0.000327401909857  0.00141145029527
45  -0.000109966276911  -0.000433145816308  -0.000814135662737
46  -0.000472219002142  -0.00223129598083  0.00395342033581
47  -5.09816620202e-05  -0.00193632878147  -0.00332298902033
48  -0.000104464167843  -0.00126601988612  0.00172106742173
49  -0.000357485990178  -0.00201854188408  0.00373355299231
50  -0.00113515222505  0.000104965056133  -0.000124248025656
51  -8.48112051507e-05  -0.00188288462285  -0.00298247273342
52  -0.000687703465037  -0.000202240719148  -0.000545041277873
53  -4.90538142308e-05  -0.00154354662485  0.00117306978458
