1  -1.76591465652e-08  0.00614121941773  0.00138929914281
2  0.00523829914096  0.000282722695861  -0.00557945240793
3  0.00408318158954  -0.00109959571719  0.000288267236243
4  -0.000666097062011  0.00219124520077  0.00150430108833
5  0.000101708675036  0.00123722391682  -0.00212349121834
6  -9.55362714619e-05  -0.000242552902379  2.54862171067e-06
7  -0.000166401962108  -0.000149721311068  -0.000524956646199
8  -0.000205869389975  -0.000669719338262  0.000771081789513
9  -0.000154188552565  -0.000714969585816  0.000681434806244
10  -0.000355205874349  -2.67863037348e-05  0.000481333991452
11  -0.000196873947388  -0.000127516034021  -0.000615713498446
12  -0.000153705653761  -0.000249596672585  0.000439668328517
13  -3.74495220671e-05  4.44893751924e-05  -0.000129596426613
14  -0.000406447772553  -0.000173227409243  0.000264030974267
15  -0.000358875429228  -3.43660625083e-05  -0.000328413849677
16  1.7159270077e-05  -2.32319119724e-05  -0.000141363814559
17  -0.00015742635632  4.49841491045e-05  -0.00037870513976
18  -0.000182511002129  -0.000379871534199  0.000770994356116
19  -0.000153750610258  3.29525851778e-05  0.000355167089264
20  -0.000389712497476  8.59328464911e-05  -0.00014826385707
21  -0.000282294497881  -9.98883698985e-05  -5.02961850178e-05
22  0.000695955457718  3.23878328308e-05  0.000844582410798
23  0.00236825384217  -0.000849550817411  0.00026077068216
24  -0.000671793315294  0.00376196445338  -0.00245668943716
25  0.000408863067002  0.00430636867011  0.00535609250779
26  -2.390106199e-08  0.00614372349367  -0.00139236188383
27  0.00521689123867  0.00139642877968  0.00539815439104
28  -0.000159556759769  -0.00024946413076  0.000269857604787
29  -0.000114819833242  -0.000155610973516  6.20783249619e-05
30  0.000122889586754  -0.00064836723183  0.000170020831837
31  -0.000286855479066  -0.000108327439745  0.000460194508429
32  3.2502160882e-05  -0.000456833572134  0.000180973292675
33  -0.000143445721332  -0.000266166859144  -0.00049039486531
34  -0.000296751785339  -1.69977194961e-05  -0.000587020261149
35  9.72626466873e-05  -0.000501675487179  -6.11214520738e-05
36  0.000395486597919  0.00437381908786  -0.00563267759234
37  -0.000895656578603  0.00634322486948  0.00137604026409
38  -4.72521275839e-05  0.000215249862455  -0.000346517042052
39  -0.000159744782026  -2.63777731969e-05  -0.000162619842578
40  2.05373436429e-05  0.000150821171392  -0.00042447970562
41  0.0007099441268  -0.000284144484736  -0.000443890854316
42  -0.000126128655138  -0.000444461869825  -8.76937135058e-05
43  -0.000192771568891  2.12019990007e-05  -5.40838949205e-05
44  -0.000184312582958  -0.000240518775047  0.000304036893463
45  -0.000239094071826  -0.000153264121748  -0.000183617451818
46  3.31499175675e-05  0.00130547326188  -0.00203213387938
47  0.000100078655531  0.00029380953554  0.00105036847115
48  0.000658332026218  0.00408935012103  -0.00602572963917
49  0.000120476890256  0.00298490555984  -0.00415646533352
50  0.00558525599279  -0.000931400785914  0.000598347740226
51  0.000665607378818  0.00235992514216  0.00485389856389
52  -0.00030194424633  -0.000407708996145  0.000178268785297
53  -0.000229659588898  -9.51508181021e-05  1.849651932e-05
