1  1.05339598799e-07  0.0099350532699  0.0021411689766
2  0.00822544670081  0.000593976429906  -0.00894676150678
3  0.00643869163079  -0.00162425791038  0.000285184318021
4  -0.0012501910843  0.00427724256022  0.00250104361751
5  0.000142189631835  0.00300166432285  -0.00460022748387
6  0.000903170791287  0.000204607084642  -0.00104845203627
7  9.36946278133e-05  0.000221646119471  0.000536153370487
8  0.000142923338181  0.000115933897768  -0.000142489359289
9  5.80285056167e-05  0.000201328176178  -1.72704440977e-05
10  9.8454363496e-05  6.54517009837e-05  -0.000260120052361
11  0.000125209037773  5.7058957123e-05  0.000309633161276
12  2.30341542095e-05  2.54031416681e-05  -0.000101426123317
13  2.41448222413e-05  -2.22854477101e-05  3.5358782099e-06
14  0.000433391775643  1.45872313384e-05  8.48088868489e-05
15  6.4864511867e-05  -1.60797382324e-05  6.12127394856e-05
16  -2.01268241822e-05  2.20076565326e-05  1.99913337176e-05
17  2.30143843487e-05  6.86371952469e-05  0.000231998803542
18  0.000125467171008  7.08983185367e-06  -0.000225320073516
19  2.30223592563e-05  6.85880323595e-05  -0.000231793443602
20  0.00043391121917  -0.000111358240518  1.76414047878e-05
21  0.000384906380798  -5.32161647839e-05  -0.00022249802237
22  0.00214605266631  0.000161859636265  0.00251428571124
23  0.00454559657044  -0.00152620358621  0.000148860212319
24  -0.00124437992591  0.00659405119453  -0.00397395771641
25  0.000681547616778  0.00666887627779  0.0083710677854
26  1.05802561435e-07  0.00993395438087  -0.0021419654346
27  0.00826281458489  0.00221463174884  0.00855548764425
28  9.62704382894e-05  0.00081415097224  -0.000841214299347
29  0.000788606981048  -2.44389259393e-05  0.00144794289354
30  -4.18919534271e-05  0.000173877742056  0.000134389957266
31  0.000139447668769  0.000214893384706  -0.000505278352979
32  1.36329305348e-07  0.000348300661687  -0.000375276583493
33  5.76758295268e-05  7.76765830525e-05  8.32204475844e-05
34  0.000139119368215  4.29751130503e-05  0.000302298864918
35  -4.12326170729e-05  0.000205849268388  -8.7758383186e-05
36  0.000656146919565  0.00687784701873  -0.00892501556849
37  -0.00138963350096  0.0102082701761  0.00196735572753
38  0.00043102876033  0.00131527950325  -0.00263709127743
39  0.00112437636382  -0.000443665538599  7.15702715039e-06
40  5.79052767196e-05  0.00168598809188  -0.00226995092226
41  0.00217414830104  -0.000488887818494  -0.00205387065562
42  0.000168469227579  0.000275782456349  0.000416744370997
43  0.000590492762498  9.69032994001e-05  0.00150382608328
44  0.000576194944881  0.00033225494007  -0.0010891603485
45  0.000122098833985  0.000226227764671  0.000505404413816
46  0.000306981538718  0.00284640992382  -0.00477536825211
47  0.000115926092468  0.00153992792455  0.00301540572029
48  0.00102512694407  0.00649098808699  -0.00947955738324
49  0.000337844692624  0.00503200583077  -0.00739247805883
50  0.00878528027154  -0.00144289126042  0.00100693990944
51  0.00103314987216  0.00384503598368  0.00749824418588
52  0.000426233405861  0.000176726457168  0.000289685957655
53  8.47079341626e-05  0.00103449877936  -0.000840222263751
