1  -1.61174574586e-07  -0.0120902160374  -0.00219677254765
2  -0.0115584133069  -0.000623297901468  0.011075908211
3  -0.011464077207  0.00307900478365  -0.000372929719555
4  0.00158910295732  -0.00713894789117  -0.00472309754311
5  -0.000294352818734  -0.00421083210218  0.00638460903713
6  -0.00154671486764  -0.00029753116987  0.00172074753252
7  -0.000114665465207  -0.000307974843574  -0.000715951810125
8  -0.000228398213195  -0.000512772887839  0.000572047616135
9  -0.000145002595588  -0.00060041429671  0.000440648476385
10  -0.000206756796707  -9.17188748935e-05  0.000446442111228
11  -0.00014682128864  -7.91399969197e-05  -0.000458229383245
12  -9.90941746563e-05  -0.000208728034807  0.000279638121821
13  3.45805566987e-06  1.53789105611e-05  -0.000108034621723
14  -0.000584272554946  -0.000135387428751  -0.000128944578565
15  -0.000235107079451  -6.79404630932e-05  -0.000248419041963
16  -5.28758700987e-06  1.96015263033e-05  -0.000100988546808
17  -9.91351800924e-05  0.000116554344367  -0.000121708734243
18  -0.0001415840686  -0.000278747525024  0.000566203801718
19  -9.91362923935e-05  0.000103486794323  0.000118220741053
20  -0.000581134387684  0.000148275543767  -3.64346894091e-06
21  -0.000650326860188  9.99272618194e-05  0.000446626302551
22  -0.003747587628  -0.000332636097621  -0.0043116337691
23  -0.00770244574796  0.00217848543257  -0.000970133251103
24  0.0015863029599  -0.00805454940696  0.00455981061846
25  -0.0011055973291  -0.00974403607982  -0.0109169610464
26  -1.55347153256e-07  -0.0120600768634  0.00219657277261
27  -0.0115857631761  -0.00310807214442  -0.0120015645557
28  -0.00011999610719  -0.00121261440742  0.000999470243406
29  -0.0013568459648  -4.98010034968e-07  -0.00242924935632
30  8.56408440575e-05  -0.000493270505799  0.000103381571491
31  -0.000198798416251  -0.000149448683182  0.000357270728338
32  -1.80648782697e-05  -0.000329255323671  0.000192322000535
33  -0.000142628044547  -0.000183308551586  -0.000182804508824
34  -0.000197737897245  -2.21245663718e-05  -0.000431236418936
35  6.84294243592e-05  -0.000379306885694  0.000103583905923
36  -0.00108355562312  -0.00920511522632  0.0115055529983
37  0.00146747617554  -0.0136227557144  -0.00368077132875
38  -0.000666817707409  -0.00187415900934  0.00379226723685
39  -0.00186661306716  0.000776494843886  4.94486805212e-05
40  -8.92665274881e-05  -0.00245598162817  0.00322123995738
41  -0.00378844095577  0.000896342937573  0.00345464127777
42  -0.000308474669798  -0.000397689340703  -0.000460954649689
43  -0.000936012075457  -0.000155778731317  -0.00257170041395
44  -0.000921622051012  -0.000414233586305  0.00141684730612
45  -0.000163104450981  -0.000413770113857  -0.000870508542564
46  -0.000487320951066  -0.00403024980643  0.00660115002149
47  -0.000247653095071  -0.00259589887287  -0.0052909806488
48  -0.00164409223081  -0.00859561023572  0.0122777178119
49  -0.000527556270997  -0.0059899473353  0.00916505668422
50  -0.0123279796003  0.00151729825998  -0.000700727571148
51  -0.00162405794823  -0.00685953040273  -0.0134570926666
52  -0.000726841838971  -0.000350521228809  -0.00042156932642
53  -0.000103356024655  -0.00174939447806  0.00135954363139
