1  7.41553432487e-08  0.000185594873129  -0.000289785423212
2  -0.000172858370071  0.0002974673001  -1.54891990869e-06
3  -0.0035096285546  0.000942872820578  0.000642220995414
4  0.000951186328818  -0.00426324618496  -0.0022116553394
5  -0.000112957939787  -0.00335074652821  0.00447211348096
6  -0.00187465511407  -0.000545333605181  0.00209752360421
7  -0.000236423882402  -0.00058806153815  -0.00134692993377
8  -0.000416316265194  -0.000650442073936  0.000749526456318
9  -0.00021832446526  -0.000854123585432  0.000451759479419
10  -0.000385695502162  -0.000173111280282  0.00079253793707
11  -0.000375085373939  -0.000160211425741  -0.000937258777636
12  -0.000130439531557  -0.000238115532485  0.0004517853184
13  -5.08057633019e-05  6.82903062632e-05  -0.000102112777192
14  -0.00110119693849  -0.000152287336077  -0.000100333695395
15  -0.000329389483567  -1.95353079239e-05  -0.00033590121929
16  3.98195578668e-05  -4.70020656422e-05  -0.000110538883971
17  -0.000127909499321  -8.09205184315e-05  -0.000591796257159
18  -0.000347818529627  -0.000255371519951  0.00088524117749
19  -0.000130333513425  -8.54699120786e-05  0.00059304515169
20  -0.00110834981604  0.000274649129217  -1.7192434401e-05
21  -0.000984237386095  3.48270554474e-05  0.000500715071501
22  -0.00319647556519  -0.000269199353923  -0.00365956447821
23  -0.00446190797852  0.00117233705149  3.71660443852e-05
24  0.000962036067791  -0.00394223944355  0.00155061426203
25  -0.000216749205631  -0.00131754813925  -0.00159488514061
26  7.71194882048e-08  0.00018696534303  0.000278670371789
27  -0.000193552710111  -4.91223041611e-05  -0.000195085960152
28  -0.000238817428772  -0.00179078403217  0.00167983159864
29  -0.00167668217518  -0.000175857310164  -0.00268764029915
30  0.000150906442444  -0.000737271085312  -0.000134916822941
31  -0.000409989325572  -0.0005154704536  0.00119516363258
32  -4.30603059206e-05  -0.000896151365773  0.000855038243314
33  -0.000214906399794  -0.000312337612437  -0.000406356994316
34  -0.000408140540771  -0.000106684065979  -0.000908907310644
35  0.00011774950848  -0.000685293121067  0.000174378226393
36  -0.000200926275256  -0.00167366303914  0.00246565175192
37  0.00017774039316  -7.06899305041e-05  -0.000417388588317
38  -0.000884654350288  -0.00194301824947  0.00412802790476
39  -0.00233770331308  0.000862290939912  -0.000201228718754
40  -4.24564214289e-05  -0.00279020525228  0.00327611859597
41  -0.00321310161762  0.000552316620495  0.00338673906413
42  -0.000474723376946  -0.000787261943685  -0.000911425663068
43  -0.00134916976451  -0.000118820209851  -0.0030032359639
44  -0.00130653188372  -0.000721143182334  0.0022327772736
45  -0.000376275046203  -0.000611262248483  -0.0011751131405
46  -0.000598577744936  -0.00286759475809  0.00503382372437
47  -8.54107187538e-05  -0.00255855508472  -0.00440305890449
48  -0.000149917543336  -0.00174165519849  0.00238619289434
49  -0.000434080586826  -0.00253869131484  0.00469088510819
50  -0.0017195052156  0.00019204292792  -0.000184982909421
51  -0.00013102119441  -0.00241704855908  -0.00390406165983
52  -0.00109051128312  -0.000594247045034  -0.000550760029691
53  -0.000297503537497  -0.00215263224396  0.00167170578586
