1  -1.35120398166e-07  -0.000782250541259  8.65546039311e-05
2  -0.000469179977619  -0.000250036354065  0.000574058921643
3  0.0018214702592  -0.000467907034001  -0.000390799303646
4  -0.000601166383507  0.00249024878501  0.00119457361913
5  4.98457455923e-05  0.00215456785447  -0.00290059536829
6  0.00121242011681  0.000393026783308  -0.00132246782026
7  0.000183103100256  0.000436146535964  0.00100198014524
8  0.000300442091385  0.000371086341314  -0.000445788573852
9  0.00014074091374  0.000530292320473  -0.000206991587599
10  0.000270116680075  0.00011978961674  -0.000558272684813
11  0.000273897921254  0.000115978941209  0.000696174558555
12  7.25448458771e-05  8.08235541648e-05  -0.000293274567523
13  5.47983845553e-05  -5.71376853338e-05  3.33198197855e-05
14  0.00082790559848  8.74056333109e-05  7.61072538504e-05
15  0.000199378029335  -2.32856627601e-05  0.000193813810227
16  -4.94600786178e-05  3.75476061993e-05  8.16070604826e-05
17  7.39228515041e-05  0.000145392619573  0.000515885150685
18  0.00028320059843  0.000105046370603  -0.000581953513036
19  7.25372237683e-05  0.000133440671299  -0.000517531117918
20  0.00082749511003  -0.000196945369315  4.63310193991e-06
21  0.000676252146056  1.06590500653e-05  -0.000314803018929
22  0.00192590694157  0.000144055754933  0.00222457878506
23  0.00259688505255  -0.00070918001322  -0.000129026945047
24  -0.00060350533763  0.00248423863567  -0.0010019336544
25  9.17654951264e-05  0.000500846178407  0.000585871446624
26  -1.34477742941e-07  -0.000786047940316  -8.37206593231e-05
27  -0.00046644851564  -0.000126229663442  -0.000485309479381
28  0.000179103495741  0.00127348780436  -0.00125592155805
29  0.00106817823729  0.000104083954197  0.00169980013292
30  -6.9073666851e-05  0.000479275588647  0.000235076547492
31  0.00030146599642  0.000450726107868  -0.00100779235425
32  1.7420210407e-05  0.00072309412373  -0.000742640731065
33  0.000140079136298  0.000214678491721  0.000300181506683
34  0.000306170040274  9.83029061251e-05  0.000691734473963
35  -0.000100946346821  0.00048266722875  -0.000115113552964
36  9.18571124093e-05  0.00080399531362  -0.00122426576309
37  -5.72161755652e-05  -0.000655275748419  0.000104352184574
38  0.00061280137744  0.00135229371274  -0.00289312752361
39  0.00151984340591  -0.000514685623942  0.000223366157498
40  1.76491101534e-05  0.00193806204605  -0.00229335318429
41  0.00194095415119  -0.000279214182405  -0.00210292997651
42  0.00034184185419  0.000578801270949  0.000702463974312
43  0.00093325876627  6.76263326907e-05  0.00186286368026
44  0.000906715202929  0.000539260747256  -0.0016289092466
45  0.000289296914453  0.000405293977471  0.000773631779175
46  0.000374836534188  0.00183506508084  -0.00326788385746
47  4.0819042301e-05  0.00159991450854  0.00260411873212
48  6.63930087264e-05  0.000841947627676  -0.00117779101419
49  0.000265614777384  0.00160121239941  -0.00294465555398
50  0.000649711082087  -5.93989172857e-05  8.1163043221e-05
51  4.31564152365e-05  0.00128570735536  0.00198237049156
52  0.000723956064514  0.000409704977221  0.000350475043136
53  0.000229879584064  0.00138114759073  -0.0010475131542
