1  -1.35319250077e-07  -0.00178114995026  -0.000216855716749
2  -0.00145489922367  -0.000209468973253  0.00151996907684
3  7.25371695803e-05  1.33575728323e-05  -0.000241613116052
4  -0.000111868315289  0.000614624901676  0.00023600014949
5  1.98965158308e-05  0.000581221000709  -0.000691226324863
6  0.000299172463611  8.81463696673e-05  -0.000343212281035
7  3.5043762355e-05  0.000108316540326  0.000223941441772
8  5.12314269241e-05  -5.65143103198e-05  5.34681401781e-05
9  5.06761612937e-06  -1.149714613e-05  0.000117267059049
10  1.68342620005e-05  2.78318715321e-05  -7.36135349409e-05
11  5.37745766733e-05  1.55808600691e-05  0.000104221168685
12  -1.70711948266e-05  -6.39939873086e-05  1.24841673678e-05
13  1.63085821423e-05  -1.44965046573e-05  -3.00928684179e-05
14  0.000190904270547  -2.04620441138e-05  5.7643721509e-05
15  -2.77528661896e-05  -3.22306553759e-05  -3.07106499774e-05
16  -2.07126826817e-05  1.29155512481e-05  -7.50629837632e-06
17  -1.6259933001e-05  9.62053544482e-05  0.00013087513812
18  6.12981455257e-05  -7.86107043861e-05  -3.36459384036e-06
19  -1.71092524704e-05  8.32682607636e-05  -0.000136414380664
20  0.000194718436979  -4.44329002596e-05  -1.69305245134e-05
21  0.000141787309481  -8.83973474898e-07  -6.43518951096e-05
22  0.000519132522957  4.85713757799e-05  0.000584106452431
23  0.000628984149729  -0.000126193100818  -8.19920495551e-05
24  -0.000112487753308  0.000463735743859  -2.33073687409e-05
25  -3.42845423733e-05  -0.000598726058392  -0.000743073907505
26  -1.35030445582e-07  -0.00176605317677  0.000219039058374
27  -0.0014520388167  -0.0003904194697  -0.0015058642569
28  3.44031717538e-05  0.000317130259366  -0.000355536853184
29  0.000254272744686  2.50359575434e-05  0.000399560723487
30  1.09915123904e-05  -6.03111669393e-06  0.000158499520466
31  4.42369633796e-05  0.000149511082408  -0.000295124878088
32  1.00004585465e-05  0.000177291124937  -0.000260839991413
33  9.37475857274e-06  1.13552906345e-05  1.24584368111e-05
34  4.57681554885e-05  3.5569610048e-05  0.000113429703558
35  -1.66778465217e-05  4.94640991356e-05  -3.67169169369e-05
36  -3.6241973876e-05  -0.000423129311159  0.000495096498763
37  0.000140131908724  -0.00179583645159  -0.000276941571747
38  0.000164892736835  0.000351721326639  -0.000741649032279
39  0.000380594985462  -0.000132196167974  3.64213049557e-05
40  1.22095172667e-05  0.000499226143415  -0.000587163337844
41  0.000525350033673  -7.09276798541e-05  -0.000549283370931
42  7.25052035863e-05  0.000106363773383  0.000220037427755
43  0.000218673419297  2.63274643828e-05  0.000478728294929
44  0.000213634294618  0.000131886352682  -0.00044007899324
45  6.17084935398e-05  7.3781746915e-05  0.000167297724145
46  0.000139797960531  0.000462836329478  -0.000830161767622
47  2.20800847149e-05  0.00041985664916  0.000690596316818
48  -8.03679299523e-05  -0.000371227203905  0.000568336199219
49  0.000115367937472  0.000221981658332  -0.000550250420616
50  -0.00077445278998  0.000145255311843  -7.29883320484e-05
51  -8.63751209766e-05  0.000153786714481  -1.60487600788e-05
52  0.000141598328138  4.59927984687e-05  0.000121382429813
53  4.63813559733e-05  0.000340965445159  -0.000268751846175
