1  6.96304673722e-08  -0.00625989203989  -0.00123629292007
2  -0.00573078436027  -0.000312339545874  0.00570248306812
3  -0.00426250738697  0.00122474285471  -0.000460946123958
4  0.000538320016598  -0.00178670839955  -0.00146911937805
5  -0.000106751352856  -0.000720198094612  0.00152420049298
6  0.000300535543931  0.000211468392439  -0.000267177134667
7  0.000110180662243  0.000239062026574  0.000552456818511
8  0.000192215924026  0.00036058528172  -0.00042115222891
9  9.88061997127e-05  0.000447895089841  -0.000294145941899
10  0.00022605495685  6.28428483616e-05  -0.000392912708268
11  0.000186630378088  7.94011701806e-05  0.000511055589291
12  8.03979062172e-05  0.000112067149537  -0.000280809577149
13  4.355350607e-05  -4.10657444527e-05  4.76073996727e-05
14  0.000455356701659  9.61274281955e-05  -4.95630727252e-05
15  0.000203147659386  1.20039543046e-06  0.000197016590905
16  -3.25469646185e-05  2.33754818489e-05  8.63797936323e-05
17  8.08522947945e-05  7.94310003448e-05  0.000358198756812
18  0.00019642758246  0.000160932797982  -0.000488742911849
19  8.0493114594e-05  6.24955216423e-05  -0.000361126330117
20  0.000461088195426  -0.000106437141526  1.69131873534e-05
21  0.000333230445311  6.74124737681e-05  -8.48807624896e-05
22  -0.000329226283489  -2.36261491057e-05  -0.000406323213662
23  -0.00197513742696  0.000739065785045  -0.000455904524898
24  0.000540343895382  -0.00298952219269  0.00214905428628
25  -0.000439505490343  -0.00444335194147  -0.00524381119344
26  7.10140419582e-08  -0.00624512735389  0.00122606141711
27  -0.00575032595061  -0.00153892459317  -0.005949561619
28  0.000109180564347  0.000476879325096  -0.000463918881345
29  0.000272012522012  0.000146062046359  0.000229607936406
30  -5.70914108754e-05  0.000425701637318  7.88180032465e-05
31  0.000215431152691  0.000258469930161  -0.000598601960553
32  1.12074480468e-05  0.000453565019317  -0.000403150353406
33  0.000108263191838  0.000171350008943  0.000281520775265
34  0.000215915486354  5.97504768278e-05  0.000496645049063
35  -7.09323245433e-05  0.000356398041535  -3.08280719917e-05
36  -0.000420857701387  -0.00424256228113  0.00532669607774
37  0.000817161624439  -0.00685193030681  -0.00172947563036
38  0.000179120598272  8.64234732597e-06  -0.000217832249114
39  0.000391852649239  -6.94694572517e-05  0.000232069676449
40  -4.36175377053e-05  0.00021980353451  1.81852553806e-05
41  -0.000342326297677  0.000237660445392  2.92935564462e-05
42  0.000185772989133  0.00037868575843  0.000311804374476
43  0.000348727165148  -3.34461005703e-05  0.000358953473414
44  0.000344086183449  0.000238053065628  -0.000576829805001
45  0.000190283381645  0.000208328954582  0.000297493375043
46  9.06177546373e-05  -0.000917167503604  0.00128580306884
47  -9.69304483093e-05  9.66346558572e-06  -0.000566690818671
48  -0.000705438432856  -0.00394553704964  0.00575434332769
49  -4.44343362622e-06  -0.00245829012771  0.00329604113719
50  -0.00570593247651  0.000842355844767  -0.000424124546248
51  -0.000719067659031  -0.00237661086948  -0.00519037637629
52  0.00034002175611  0.000292650824144  4.46666485758e-05
53  0.000175658448045  0.000338579833901  -0.000222220536839
