1  3.73601068022e-07  0.0149181144817  0.00306440826374
2  0.0118767292614  0.00108023530637  -0.013228346575
3  0.00862857563825  -0.00196654225897  0.000509083472332
4  -0.00153741398009  0.00529196987434  0.0030909719732
5  0.000212899138476  0.00361645607994  -0.00552879794791
6  0.00069290817882  0.000115348716913  -0.00085585798732
7  6.08826732594e-05  7.61901475583e-05  0.000269617286156
8  3.46040475516e-05  -0.000126537980689  0.000118137773413
9  -1.12496518361e-05  -8.89257414575e-05  0.000179879760187
10  -1.4914328639e-05  1.81337546427e-05  -4.5222647877e-05
11  1.94306145226e-05  2.43607880132e-05  5.73658810816e-05
12  -2.76582548372e-05  -7.62924813628e-05  6.61179983781e-05
13  1.36950619226e-05  -1.17161111815e-06  -4.83295011833e-05
14  0.000200329142711  -6.0484644046e-05  6.11623797013e-05
15  -6.05203811949e-05  -3.35681548519e-05  -6.9910879095e-05
16  -1.2614655383e-05  1.43497802723e-05  -2.79136644326e-05
17  -2.63849603736e-05  7.88418875249e-05  9.5484571634e-05
18  2.87525185842e-05  -0.000120079636302  5.40980116666e-05
19  -2.75975020754e-05  6.60377650362e-05  -9.03654134637e-05
20  0.000197358832362  -5.45769477934e-05  4.61536882479e-05
21  0.000181178884774  -7.64488172274e-05  -0.000109075963344
22  0.00229112104422  0.000199345321744  0.00265188131124
23  0.00561519154002  -0.00187804044246  0.000180874413291
24  -0.00154007827843  0.00907499932785  -0.00547697826884
25  0.00102887068017  0.00973233346921  0.0121460912663
26  3.72900770021e-07  0.0149171314825  -0.00306918767208
27  0.0119179738978  0.00319817280129  0.0123475893456
28  5.98510831008e-05  0.0005197329089  -0.000632896145242
29  0.000598516498524  -9.34764433512e-05  0.00121010366759
30  -5.04453538608e-06  -8.10635879919e-05  0.000147632541004
31  3.87455797493e-05  0.000101538973175  -0.000271355613038
32  -2.94688880184e-05  0.00015956868143  -0.000210255274835
33  -1.27488275301e-05  -1.44445171432e-05  -4.09521547822e-05
34  4.32926190838e-05  1.15045254186e-05  5.64421261567e-05
35  -1.83008591712e-05  2.08145811759e-05  -5.15035932887e-05
36  0.00100217897398  0.00989159400798  -0.0126182599552
37  -0.00197153292087  0.0149298605953  0.00248155361205
38  0.0003354064819  0.00131023722548  -0.00246496621717
39  0.000869357306308  -0.000393237376259  -0.000176716130022
40  9.64696693837e-05  0.00154076228377  -0.00223200499683
41  0.00232343992706  -0.00058865884731  -0.00201481034682
42  4.87306498185e-05  9.28005519932e-05  0.000262587861666
43  0.000352649175384  0.000129680004703  0.00126925336173
44  0.00033862028337  0.000236867765914  -0.000784026624419
45  4.78202528022e-05  7.2227929311e-05  0.000308835560009
46  0.000386151028473  0.00346116938954  -0.00570523540833
47  0.000189604784561  0.00150537375863  0.00325000665403
48  0.00158253215242  0.00928321911337  -0.0135015028904
49  0.000569074480105  0.00699713535083  -0.0100012996809
50  0.012788133172  -0.00205000959652  0.00146371453545
51  0.00159128245321  0.00516819415383  0.00989015164689
52  0.000209485919644  1.73150470877e-05  0.000222763058022
53  1.58064212323e-05  0.000804854348623  -0.00067953619718
