1  1.29508778852e-07  -0.00524710325202  -0.00123872528305
2  -0.00512363313752  -6.2360226975e-05  0.00492561297702
3  -0.00646805394321  0.00179525331448  5.76008628731e-05
4  0.00113517368578  -0.00476134072024  -0.00296508250219
5  -0.000166799220669  -0.00306442667177  0.0045537389057
6  -0.00126776934683  -0.000287893772936  0.00141918925125
7  -0.000121894756602  -0.000315528523881  -0.000728566738227
8  -0.000228406935869  -0.000446904057801  0.000510283071788
9  -0.00013130662097  -0.000548914327482  0.000355463192091
10  -0.000210539700974  -8.85522707203e-05  0.000449088265274
11  -0.000176305347922  -8.37862776728e-05  -0.000495233237727
12  -8.85996750211e-05  -0.000172405478028  0.000276273931583
13  -1.38381140888e-05  2.73497672746e-05  -8.38733090794e-05
14  -0.000596114673125  -0.000112035110852  -9.35727630489e-05
15  -0.000219094633126  -4.12803469395e-05  -0.000230114422554
16  9.09551950411e-06  -1.66286404156e-07  -8.97795285702e-05
17  -8.81869286378e-05  4.5024217086e-05  -0.000233054457711
18  -0.000168876794573  -0.000221457140971  0.000542886967059
19  -8.8504081229e-05  3.59511649593e-05  0.000227382292042
20  -0.000595924033633  0.000148248223178  -5.33399609383e-06
21  -0.000589351741492  6.50312484856e-05  0.000362570288736
22  -0.00272672229466  -0.000221330419275  -0.0031633364672
23  -0.00509757883522  0.00148740277162  -0.000434848743018
24  0.0011325563831  -0.00531909980941  0.00287091209227
25  -0.000569220732592  -0.00488110754077  -0.00573503278541
26  1.27393107699e-07  -0.00523846290418  0.00122779489652
27  -0.0051536453149  -0.00137755788317  -0.0053289593968
28  -0.000125767920438  -0.00108022728413  0.000954139837167
29  -0.00110848133033  -2.56090083019e-05  -0.00194373642928
30  8.22596237875e-05  -0.000462873912602  1.74686406664e-05
31  -0.00021405333973  -0.000203744971689  0.000497491994112
32  -9.94640718419e-06  -0.000406406901791  0.000310570427524
33  -0.000129013702904  -0.000175067287309  -0.000206619290897
34  -0.000213751757638  -3.68918119136e-05  -0.000477138380585
35  7.51928518722e-05  -0.000381094784442  9.57547060873e-05
36  -0.000545894752227  -0.00490268518112  0.00638046734321
37  0.000820613617453  -0.0060081007998  -0.00182956901051
38  -0.000564544658065  -0.00147984978057  0.00305009710552
39  -0.00155582230159  0.000618735323792  -3.61311137717e-05
40  -5.69277677288e-05  -0.00199203507464  0.00254943267246
41  -0.00275908136299  0.000614646525384  0.00264139691539
42  -0.000275180777616  -0.000413316710578  -0.000469895881922
43  -0.000822341394372  -0.000110845859938  -0.00208455773893
44  -0.000801030560365  -0.000400542977648  0.00130230895627
45  -0.000176291562377  -0.000368504572268  -0.000754190546615
46  -0.00037953889019  -0.00285326335714  0.00478995286372
47  -0.000132575406992  -0.00198128057458  -0.00383994450609
48  -0.000757926957526  -0.00469249071119  0.00669271944304
49  -0.000347624960793  -0.00384261438672  0.00611842053457
50  -0.0062975989779  0.000849347435895  -0.00051210006991
51  -0.000751443059846  -0.00395901260332  -0.00757116537956
52  -0.00065474148033  -0.000337066903922  -0.00035604705384
53  -0.000125373378954  -0.00143423344346  0.00112765391397
