1  9.07528571072e-08  0.000123258646095  -0.000182932419362
2  -0.000119954121409  0.000201055974833  -1.43510408728e-05
3  -0.0021772355609  0.000583582473258  0.000334890100675
4  0.000575831573505  -0.00245380784294  -0.00128874314212
5  -5.90144091187e-05  -0.00189963970401  0.00258886169336
6  -0.00098274695879  -0.000249208817621  0.00109261841282
7  -9.96078752961e-05  -0.000302782115979  -0.000654171734434
8  -0.000211491647467  -0.000335681224929  0.000380697232155
9  -0.000116587985581  -0.000439583900512  0.000227605349036
10  -0.000176025994495  -9.45739624817e-05  0.000390138063842
11  -0.000181857116732  -6.92483792984e-05  -0.000442935686838
12  -6.47175377492e-05  -0.000134240332427  0.000225866244393
13  -1.86214988267e-05  3.06996439933e-05  -5.81223417865e-05
14  -0.000546228212055  -8.60129843447e-05  -9.81302875933e-05
15  -0.000168336263476  -1.7551910426e-05  -0.000179447518786
16  1.58625857211e-05  -1.52264681573e-05  -6.03812426454e-05
17  -6.3731974596e-05  -7.82420827606e-06  -0.000258554588996
18  -0.000172556455395  -0.000142873121221  0.00044204920177
19  -6.46408165393e-05  -2.50195871314e-05  0.000255076993354
20  -0.000541233135306  0.000135862183657  2.10664823254e-05
21  -0.00050454461237  3.11147049742e-05  0.000303298465113
22  -0.00172875973765  -0.000128162356946  -0.00201194428429
23  -0.00257934851408  0.000708667472502  -6.00153365265e-07
24  0.000576919691736  -0.00242770751288  0.00102506195146
25  -0.000145930314257  -0.000904335095705  -0.00106830955953
26  9.45727876454e-08  0.000129994817461  0.000181264995667
27  -0.000115965093607  -3.14297975942e-05  -0.000120745902789
28  -0.000101157722214  -0.000928375660683  0.000817789676655
29  -0.000870583878999  -6.72044662038e-05  -0.00144691759737
30  6.76889760945e-05  -0.000373109701916  -5.24522862164e-05
31  -0.000187834486153  -0.000239814515343  0.000532284168021
32  -2.51292329923e-05  -0.000404545776215  0.000383544391287
33  -0.00010930365475  -0.00014958726853  -0.000169490799718
34  -0.000186569454952  -5.41877572792e-05  -0.000438899325557
35  5.42576422302e-05  -0.000329467239777  0.000104413236208
36  -0.00014098457507  -0.00112508944123  0.00162279761715
37  0.0001165814881  -2.99961611714e-05  -0.000277689826993
38  -0.000476000965013  -0.00104800309196  0.00226522289794
39  -0.00121473779501  0.000451368862009  -0.000137250470982
40  -1.10263451842e-05  -0.00151868645342  0.00179931495615
41  -0.00174371261327  0.000311250913835  0.0018317988274
42  -0.000247934872213  -0.000368471801254  -0.00045060158832
43  -0.000710227974912  -5.02609283217e-05  -0.00155312320885
44  -0.000689999808396  -0.000340300666621  0.00112438907234
45  -0.000162806518103  -0.000327077539612  -0.000617967061694
46  -0.000322111272605  -0.00164013121671  0.00289436774137
47  -3.89200471574e-05  -0.00138192613024  -0.00239155545719
48  -0.000124342258583  -0.00115271969911  0.001591608179
49  -0.000251540826007  -0.00160450176333  0.00288491290977
50  -0.00116211269899  0.000123534477616  -0.00012526047581
51  -0.000103815828161  -0.00147488389392  -0.00242638374985
52  -0.000561240281736  -0.000285508168013  -0.000309500029891
53  -0.000122158798857  -0.00111856473844  0.000867477334665
