1  1.09636741176e-07  -0.00968652296364  -0.00196738688263
2  -0.00932233332592  -0.000351567975565  0.00897888488036
3  -0.0102487039431  0.00279257040982  -6.2760004369e-05
4  0.00160029419287  -0.00712226191896  -0.00452134536029
5  -0.000272610754232  -0.00444120780064  0.00656207130052
6  -0.00178198326083  -0.000338674887879  0.00204767947022
7  -0.000107006447091  -0.000443678561806  -0.00090482604303
8  -0.000262805463837  -0.000234834862732  0.000274255495651
9  -0.00011538168867  -0.000390890108918  4.99074515508e-05
10  -0.000130926870955  -0.000140260385213  0.000440186336642
11  -0.000212075843282  -6.18782034006e-05  -0.000462029348034
12  -3.21030634329e-05  -9.07447871241e-05  0.000159042548012
13  -1.66371486707e-05  2.86845627042e-05  -2.44280743313e-05
14  -0.000755409799024  -5.05422905236e-05  -0.000279355966219
15  -0.000105750120154  -1.42040106731e-05  -0.000138506429431
16  2.03755242988e-05  -1.32281570135e-05  -3.31661784659e-05
17  -3.01123415008e-05  -4.92445647405e-05  -0.000262821231994
18  -0.000203376921246  -4.94472698059e-05  0.000376030927938
19  -3.19653860604e-05  -5.74154673536e-05  0.000265580396845
20  -0.000761349958078  0.000194967192951  8.67878601146e-05
21  -0.000754667916252  0.000120848868259  0.000543358188597
22  -0.0040126264097  -0.000336113103889  -0.00463078662188
23  -0.00764807788802  0.00214814265181  -0.000772138976787
24  0.00159545573448  -0.00775237472673  0.00420727963932
25  -0.000902997373711  -0.00814033155866  -0.00930856329487
26  1.12569483433e-07  -0.00967050958985  0.0019695009806
27  -0.00936417078243  -0.00251140812146  -0.00969891840543
28  -0.000111948910964  -0.00150921307788  0.0013463200262
29  -0.00155732415672  -2.38432948057e-05  -0.00275049232675
30  6.08894359633e-05  -0.000310428501011  -0.000177574707949
31  -0.000187533912752  -0.000360051393927  0.000709122698529
32  -4.93819951752e-05  -0.000489517517801  0.000580124135386
33  -0.000111967327317  -0.00012431741093  -5.8645398361e-05
34  -0.000184487348409  -7.72157963245e-05  -0.000469687328578
35  5.30377979498e-05  -0.000328248285922  0.000207948837099
36  -0.000880478044324  -0.00786205529863  0.0100214921925
37  0.00132010354667  -0.0110021687859  -0.00309359501038
38  -0.000796765125073  -0.00209274525635  0.00431650980267
39  -0.00218128433284  0.000886116606787  -2.62943539333e-05
40  -7.59343278554e-05  -0.00281537712825  0.00359293462341
41  -0.00405170382703  0.000908434053984  0.00381627536992
42  -0.00036218381164  -0.000430204333752  -0.00075602028895
43  -0.00114055951784  -0.000152561606749  -0.00294751128577
44  -0.00111179369769  -0.000502935172565  0.00185903527146
45  -0.000177901679564  -0.000485876085324  -0.00102673079392
46  -0.0005717450012  -0.00415905207235  0.00690875442372
47  -0.000229272257843  -0.00286820814688  -0.00563962750911
48  -0.00130769432405  -0.00739901175488  0.0106049966253
49  -0.000538536648715  -0.00565500678696  0.00889097096953
50  -0.0104060844185  0.00136172780363  -0.000695752963814
51  -0.00129404627503  -0.00623624730727  -0.0119897548986
52  -0.000847392499625  -0.000296857173507  -0.000646346737192
53  -0.000105004081583  -0.00202990927708  0.00161595446845
