1  8.98297461005e-08  0.00537777691207  0.00110273213542
2  0.00456097138142  0.000332618103169  -0.0048506245078
3  0.00277428786736  -0.000793989982617  0.00029817410934
4  -0.000448925774009  0.00137070966598  0.000986409369406
5  6.83253428418e-05  0.000765907887339  -0.00141082751829
6  0.00016399925606  0.000198199533625  -0.000196741278608
7  0.000170594542286  4.05727807973e-05  0.000397134201166
8  9.40091349213e-05  0.000264790790025  -0.000311472867641
9  4.8946208579e-05  0.000313090126765  -0.000253930747763
10  0.000222163278968  -1.13813446755e-05  -0.00030422123688
11  9.51966086539e-05  0.000115276362812  0.000429586378438
12  8.10209593304e-05  3.12006709844e-05  -0.00022799435629
13  4.81562342008e-05  -2.92518722457e-05  3.13635784039e-05
14  0.000289653902501  4.42046200284e-05  -0.000217827033183
15  0.000160329990756  -3.7522278859e-05  9.85863659719e-05
16  -2.59171565457e-05  1.9008558785e-05  8.05781654966e-05
17  7.89398560404e-05  5.26749118297e-05  0.000319489847961
18  0.000118022927541  0.000123674514924  -0.000372942900468
19  8.11879020216e-05  5.19589931986e-05  -0.000334685113291
20  0.000291337753699  -6.51301208403e-05  0.000227550457155
21  0.000172261526822  2.73078697847e-05  0.000141610006439
22  0.000576224984137  7.94964407543e-05  0.000626848341952
23  0.00148131748174  -0.000568474525876  0.000194814870495
24  -0.000450624131129  0.0023522310533  -0.00164550842147
25  0.000297948839494  0.00328294813871  0.00413143471526
26  9.25967400842e-08  0.00538905304302  -0.00110682667198
27  0.00452496102088  0.00121188668409  0.00468347738613
28  0.000174597316449  0.000177972725203  -0.000458995023453
29  0.000136532488522  -8.59884586339e-06  0.000230600430215
30  -5.38827038613e-05  0.000324450883919  4.58547317271e-05
31  0.000222119989425  8.44818202626e-05  -0.000488836162887
32  -0.000102547516703  0.000365937042936  -0.000167073586081
33  6.16113899386e-05  0.000127310995731  0.000329053122162
34  0.000215245851008  5.32192442276e-06  0.000353241084203
35  -8.39551672258e-05  0.000280626988624  7.92653424632e-05
36  0.00028512189881  0.00322599170502  -0.00417765497534
37  -0.000708426455866  0.00550651217572  0.00112514369846
38  2.23712892276e-05  0.000392085374027  -0.00053344044029
39  0.000284756192505  -0.000109922769681  -0.000178790573503
40  9.92651298153e-05  0.00031383877209  -0.000618467916992
41  0.000583139893043  -0.0001963212136  -0.000424146298189
42  2.57802442308e-06  0.000327332251339  0.000126424069328
43  6.39101157728e-05  0.000112613214205  0.000446693603705
44  6.17594562711e-05  0.000273553623487  -0.000393167177463
45  0.000184851057204  9.12316495399e-06  0.000117170803567
46  -1.85680885243e-05  0.000854102958301  -0.00130685930918
47  6.70861364938e-05  0.00030392547772  0.00084279520568
48  0.000465499960507  0.00302367151592  -0.00445242170418
49  1.07392088638e-05  0.00190762748838  -0.00262670737894
50  0.00424404974613  -0.000736060833899  0.000473850116081
51  0.000474717898118  0.00154401396191  0.00336936994469
52  0.000145671236639  0.000237087550156  -0.000107991773408
53  0.000175945357019  0.000194528024646  -0.000200142605144
