1  5.46944806812e-07  0.020047967337  0.00391402927228
2  0.0153704772602  0.00171648373853  -0.0176091196961
3  0.0142748568362  -0.00199598443704  0.000161028185889
4  -0.00283293257996  0.0125627837747  0.00560026414221
5  0.000605697131129  0.0106549607018  -0.0138724605309
6  0.00395059510992  0.000997152119099  -0.00374125842324
7  0.000362418865404  0.00115596600975  0.00237145320823
8  0.000709342160487  0.00102625081894  -0.00111519247467
9  0.000386806661678  0.00135319974618  -0.000636270123518
10  0.00063926591188  0.000311862026836  -0.00129673246944
11  0.000627696490708  0.000254665359092  0.00155550213364
12  0.000169533429538  0.000306404178356  -0.000660818000753
13  0.000101248992472  -0.00010568151405  9.06573606334e-05
14  0.00201092134391  0.000344395908132  0.000426138772292
15  0.000461600616454  -4.82167853515e-08  0.000484179715579
16  -8.48253550872e-05  7.20352095342e-05  0.000165933253779
17  0.000168040663417  0.000218475454991  0.00103412974575
18  0.000626272609303  0.000332280917857  -0.00133938047134
19  0.000169569505133  0.000219947465889  -0.00103313925378
20  0.00201714147522  -0.000468311945303  -0.000139230194074
21  0.00182263749025  6.89282410972e-05  -0.000968759362118
22  0.00718016484788  0.000865408435433  0.00802848927437
23  0.0130255175544  -0.00334008126562  -0.000845079010682
24  -0.00284293620908  0.0191385470339  -0.0100505696276
25  0.00179252881461  0.0151491476729  0.0178156984489
26  5.49380682035e-07  0.0200557386735  -0.00391461309335
27  0.0154180398967  0.00414680850814  0.0159919555755
28  0.000372383044248  0.00392110078435  -0.00328618475751
29  0.00350181804262  0.000498934829347  0.00539485944672
30  -0.000182292390903  0.0011393096994  0.00039641681365
31  0.000670929185481  0.00107920929341  -0.00219533929592
32  0.000131467134835  0.00158384045197  -0.0016840212528
33  0.000392045549032  0.000555137687238  0.000709962828207
34  0.000665439979429  0.000212265378854  0.00152598237564
35  -0.000177822218607  0.00112578624122  -0.000282376789726
36  0.00174885373556  0.0156659350267  -0.0186780274967
37  -0.00252308274261  0.0196029491151  0.00268096036324
38  0.00251592183533  0.00497009684999  -0.0109830561483
39  0.00455038525399  -0.00144180528189  0.00107740589925
40  -8.94165412415e-06  0.00749163540302  -0.00846579614511
41  0.00727995540407  -0.000652863511823  -0.00740802808465
42  0.000992499814556  0.00134713551313  0.00169736718771
43  0.00301006706914  0.000128190187919  0.00536656960388
44  0.00293961910856  0.00133316844516  -0.00458362185288
45  0.000704388373808  0.00122182919456  0.00202025704725
46  0.00218589479184  0.00910470266145  -0.0156150749058
47  0.000522998611321  0.00604157417047  0.00921212404997
48  0.00317096685193  0.014233377948  -0.0206648634238
49  0.00212566404206  0.0142063879422  -0.0208076428216
50  0.0195324578888  -0.00262159689738  0.00170229466324
51  0.00311050238085  0.00924574540282  0.0149862487399
52  0.00197525268559  0.00107588773034  0.00104221161467
53  0.000582498575166  0.00438363855471  -0.00288897173538
