1  8.75028187253e-08  -0.00667683604128  -0.00156751433501
2  -0.0066568252704  -5.12789810224e-05  0.00629972392583
3  -0.00953096267117  0.00257834830281  0.000338691858114
4  0.00165824783673  -0.00773235385152  -0.00461959533841
5  -0.000283155033363  -0.0051264064506  0.00723183375009
6  -0.00251861479619  -0.000630398067391  0.0028034940786
7  -0.000247392198206  -0.000717522794126  -0.00156947328223
8  -0.000494229945948  -0.000837153650735  0.00095988504821
9  -0.000270004281336  -0.00106745425138  0.000613413656234
10  -0.000426253888075  -0.000205764625428  0.000922791485166
11  -0.000401402961615  -0.000162239520119  -0.00104354080254
12  -0.000154760633334  -0.000304982833517  0.000531273115904
13  -4.23560148648e-05  6.51847189506e-05  -0.000133115125535
14  -0.0012990546951  -0.000212665835521  -0.000225084753451
15  -0.000404944419851  -5.70936582672e-05  -0.000434774331312
16  3.66555789206e-05  -1.59127704178e-05  -0.000162236684171
17  -0.000155219824414  -8.41695478681e-06  -0.000564795479767
18  -0.000397101191583  -0.000367104399293  0.00106332504685
19  -0.000154679872945  -1.49719392066e-05  0.000557017845876
20  -0.00129754840963  0.000317789153727  4.55491802459e-05
21  -0.00123762682675  8.19397912257e-05  0.00072550098648
22  -0.00490446888156  -0.000457348038419  -0.00558792071243
23  -0.0082554910312  0.00219939279904  -0.000601248052406
24  0.001649912077  -0.00773628806557  0.0038369168508
25  -0.000789675001571  -0.00658851963143  -0.00761629985613
26  8.9462954202e-08  -0.00666342650945  0.0015664675279
27  -0.00668811204946  -0.00179148301872  -0.00692290097008
28  -0.000249899153287  -0.00224186276656  0.00197872640849
29  -0.00222029820477  -0.000182061586562  -0.00365765557032
30  0.00014587963273  -0.000904008155487  -0.000102274308185
31  -0.000440257897526  -0.000551044989287  0.0012064509242
32  -5.28288040914e-05  -0.000934539244009  0.000853019840066
33  -0.000264319078213  -0.000365122550528  -0.000424398743124
34  -0.000442856936959  -0.000117909449945  -0.00103204629284
35  0.000144029866581  -0.000787432391885  0.000224281383465
36  -0.00076854767556  -0.00660421160961  0.00859195878737
37  0.00104561404452  -0.0077593965406  -0.00243841973051
38  -0.00115271042304  -0.0026424650277  0.0055652428181
39  -0.00310320813738  0.00119838948155  -0.000156281102073
40  -8.21494942376e-05  -0.00370830306022  0.00448869809835
41  -0.00494364428252  0.000987562533961  0.00485549690887
42  -0.000609083604938  -0.000881788935646  -0.00107233889257
43  -0.00170198023655  -0.000188019376734  -0.00408944717552
44  -0.00166483251084  -0.000827494992534  0.0027103324127
45  -0.000410025205121  -0.000785080343389  -0.00153387812478
46  -0.000804614129801  -0.00462162260531  0.00783356238991
47  -0.000230314213417  -0.00368166240554  -0.00680880131779
48  -0.00104743613457  -0.0063140409665  0.00896967429011
49  -0.000670566408234  -0.00543706901008  0.00895657724293
50  -0.00846015584125  0.00108383498326  -0.000655061761407
51  -0.00101789823711  -0.00597784948486  -0.0110005203708
52  -0.00136606725916  -0.000699999068902  -0.000748896978943
53  -0.000305100726413  -0.00286428185259  0.00221941246018
