1  7.79078990988e-08  0.0139779879892  0.00307566086036
2  0.0110901736531  0.000883394269384  -0.0124644669387
3  0.0129128751412  -0.00202586659977  -0.000207467137994
4  -0.00282801486702  0.0126484480342  0.00558190082441
5  0.000632383798193  0.011094520972  -0.014484667998
6  0.00464532076459  0.00119456295883  -0.00426592072371
7  0.000418531270711  0.00144231683883  0.00285917724508
8  0.000870073647106  0.00136882281817  -0.00146562645885
9  0.000484486444239  0.0017578032727  -0.000907903897322
10  0.000817506810449  0.000377952640572  -0.00163118481159
11  0.000770775590511  0.00030898562958  0.00195130231003
12  0.000230285312247  0.000454404789277  -0.000872316813213
13  0.000124322885065  -0.00012524121283  0.000131479711736
14  0.00243877115479  0.00047932439561  0.000527240659842
15  0.00061889071732  2.77765509204e-05  0.000657620374029
16  -9.58025121614e-05  8.24168205797e-05  0.0002224796054
17  0.000227552634984  0.000213236231644  0.0012435895933
18  0.000762382785898  0.000490374000724  -0.00171314594508
19  0.00023026857931  0.000191834632732  -0.00126005989885
20  0.00246954369928  -0.000560881414597  -0.000224691721273
21  0.00223752863845  0.000131011759004  -0.00119959750435
22  0.00783884225036  0.000945148484778  0.00876275990637
23  0.0130746800747  -0.00331613337773  -0.000902301074518
24  -0.0028499182857  0.0180073916022  -0.009404381926
25  0.00138629103377  0.0118885159093  0.0139525104122
26  7.17058767204e-08  0.0139865085795  -0.00307725035016
27  0.0110489253497  0.00296577517528  0.0114487781583
28  0.00043664246121  0.00470050926605  -0.00381643907422
29  0.00412729141103  0.000655591653361  0.00625371168486
30  -0.000225799294895  0.00148707519592  0.000418756166421
31  0.000830103592498  0.00131829434671  -0.00263534264345
32  0.00018368440424  0.00190726307433  -0.00200456464868
33  0.000509170819926  0.000704750781396  0.00091877317515
34  0.000815476938506  0.000257691878873  0.0018896850512
35  -0.000221977586036  0.00140830708129  -0.000319630102609
36  0.00135291831592  0.013132932577  -0.0158356991039
37  -0.00196056990234  0.0137686634271  0.00233459370466
38  0.00292913955798  0.00558988012354  -0.0125407026997
39  0.0052952679672  -0.00160081488143  0.00147696897601
40  -5.69145727113e-05  0.00860091012969  -0.00957545225864
41  0.00793691770717  -0.000574831192403  -0.00825140091442
42  0.001244675935  0.00165957641781  0.00202299801129
43  0.00364313863644  9.91862826605e-05  0.00610479328293
44  0.00356045737823  0.00154984977442  -0.00537789619005
45  0.000862894136621  0.00152691538649  0.00240705825344
46  0.00225265055418  0.00949630622075  -0.0162773844088
47  0.00053923295439  0.00677146354445  0.00995060574244
48  0.00257497073087  0.0118951532265  -0.0174813300115
49  0.00189357467846  0.013289759195  -0.0197444492347
50  0.0151572856335  -0.0020448683677  0.00129425108014
51  0.00248531752363  0.00843857205644  0.0136693312464
52  0.00240994180942  0.00136070622035  0.00123349539081
53  0.000727901369825  0.00513254867138  -0.00329397166324
