1  1.72284908103e-07  0.0163328342888  0.00337215795662
2  0.0128304066631  0.00121919721144  -0.0144845063141
3  0.0117287543013  -0.00209138727682  0.000175216358455
4  -0.00238489021645  0.00954907802767  0.00459588743671
5  0.000403000863621  0.00775295319736  -0.0105512637014
6  0.00243866593008  0.000485882502803  -0.00247872507832
7  0.000161469408695  0.000582532513871  0.0011885438081
8  0.000322040989795  0.000414140869686  -0.000464424411756
9  0.00017457318514  0.000552445288332  -0.000237926579816
10  0.000232149400391  0.000145576759579  -0.000550125367877
11  0.000239725673199  0.000105711344872  0.000637202058778
12  5.63418574426e-05  0.000130914675636  -0.000223456130601
13  3.40636279028e-05  -2.78214647753e-05  2.12285231264e-05
14  0.000999251735429  0.000133816995557  0.000323378183765
15  0.000168786897653  1.21308790353e-05  0.000189747216639
16  -2.75819419921e-05  1.91208549204e-05  6.03483513682e-05
17  5.86897554304e-05  4.99422854591e-05  0.000388945178343
18  0.000253863434568  0.000113894170716  -0.000544447010223
19  5.61414061747e-05  2.83765563349e-05  -0.000373128726961
20  0.000988878900831  -0.000232098710267  -0.000107903486271
21  0.000968938680533  -4.89750928524e-05  -0.000643358784299
22  0.00514099267192  0.000530953814656  0.005859878852
23  0.00993732898713  -0.00281761692436  -0.000403401954479
24  -0.00239995359216  0.01485908789  -0.0080701742041
25  0.00139063410137  0.0121568789838  0.0146022179864
26  1.82440817577e-07  0.0163696518352  -0.00337640501588
27  0.01278876066  0.00343526685289  0.0132563656805
28  0.000161251918167  0.00224400016161  -0.00188375370614
29  0.00214673047121  0.000153581660392  0.00356876520698
30  -6.68627605283e-05  0.000435564990769  0.000179802207561
31  0.000274547517929  0.000485177892916  -0.000943798094578
32  5.20376401858e-05  0.000688525448735  -0.000746709401625
33  0.000166407461704  0.00022947893376  0.000208122987857
34  0.000283063601444  8.51553602391e-05  0.00064140351437
35  -8.9949138764e-05  0.000472129724669  -0.000171130517136
36  0.00134987272439  0.0127536406305  -0.0157244562703
37  -0.00214486636408  0.0159987121656  0.00252120358064
38  0.00151041023877  0.00333950595043  -0.00719625263248
39  0.00283964137325  -0.00101394466496  0.000437324432467
40  2.90489734703e-05  0.00482326470373  -0.00573010996936
41  0.00521108885787  -0.000735925429393  -0.00515030830801
42  0.000516555626369  0.000590461607514  0.000908438232704
43  0.00172580003626  0.000120394075785  0.00354683649599
44  0.00168462096419  0.000725787605607  -0.00267326938864
45  0.000293898450059  0.000643830252888  0.00120467500809
46  0.00138748578205  0.00679509392757  -0.0116403995975
47  0.000337229776567  0.00408642904336  0.00683590628718
48  0.00232786024823  0.0117616679273  -0.0171005482171
49  0.00140689363559  0.0110802660905  -0.0163304881469
50  0.0156207319772  -0.00224100998417  0.00150423948974
51  0.00228026206301  0.00743502319603  0.0127488346397
52  0.00107665237817  0.000464243195243  0.000699047511659
53  0.000207366361943  0.00273065073907  -0.00191282511614
