1  -1.37321862113e-07  -0.00320422545753  -0.00061141606459
2  -0.00286260317537  -0.000187007511687  0.00287083667171
3  -0.00205844001578  0.000611593422958  -0.000122450907634
4  0.000374215487534  -0.00131998503967  -0.000855906674948
5  -4.25108146125e-05  -0.00086527472765  0.00139567110787
6  -0.000419907389753  -0.000192649592493  0.000441888410967
7  -0.00012633421316  -0.00011111887905  -0.000418696123143
8  -0.000137807007817  -0.000441484987035  0.000501038285506
9  -0.000102304795113  -0.000476935993718  0.000439965574797
10  -0.000229111467294  -2.26252710168e-05  0.00033889589867
11  -0.00011465360588  -9.44457807537e-05  -0.00041405134114
12  -0.000104296311355  -0.000172001262467  0.000281083168991
13  -2.02571220415e-05  2.14428079269e-05  -8.73427008875e-05
14  -0.000318537703086  -0.000107828867572  0.000135609970828
15  -0.00023147532094  -2.75019303653e-05  -0.000207375902522
16  2.86362096914e-06  -1.10990352491e-05  -8.82988191473e-05
17  -0.000104528474218  5.91620630863e-05  -0.000214896824081
18  -0.000109925851797  -0.000250662175502  0.000504696535581
19  -0.000104347346942  4.64646622583e-05  0.000205449780443
20  -0.000310489493242  7.5715520031e-05  -0.000128053315594
21  -0.000274447369391  -9.99592849722e-06  4.37933456204e-05
22  -0.00078151258302  -7.09926529142e-05  -0.000904805591913
23  -0.00142156199431  0.000479681862181  -0.0001349608309
24  0.000377096732496  -0.00164983640004  0.0010432050075
25  -0.000202878845905  -0.00204457546364  -0.00248155696018
26  -1.3938443657e-07  -0.00317576955501  0.000598911935313
27  -0.00286561061238  -0.000765710371606  -0.00296258675929
28  -0.000127383434573  -0.000387302871044  0.000414075903391
29  -0.000385382925537  -3.37787065538e-05  -0.000628682776932
30  9.06147638122e-05  -0.000426050632492  0.00012363182826
31  -0.000199969188159  -5.19805206682e-05  0.000307836712859
32  3.96714575312e-05  -0.000296196588402  8.82277675634e-05
33  -9.7539381139e-05  -0.000169011592643  -0.000298306447011
34  -0.000200185181908  5.15644036546e-07  -0.000369875115739
35  6.51752856814e-05  -0.000331815067402  -2.25263046497e-05
36  -0.000195105408102  -0.00194572350956  0.00255751586583
37  0.000394122844027  -0.00342766902138  -0.000814009745552
38  -0.000165831545788  -0.000500894711838  0.00096130370088
39  -0.000540411507711  0.000198621400224  1.20401407993e-05
40  -4.07162092774e-05  -0.000633903606003  0.00084642032152
41  -0.000789324094717  0.000178474791263  0.000777407852995
42  -9.86978266609e-05  -0.000315073846886  -0.000125875076688
43  -0.000286713941461  -5.7656677198e-05  -0.000715485922907
44  -0.000278890848785  -0.000240871736156  0.00050129241721
45  -0.000156817850695  -0.00014588904978  -0.000285101150475
46  -6.00079441182e-05  -0.000836661936521  0.00139722654826
47  -2.55105380183e-05  -0.000584323918552  -0.00111035060595
48  -0.000280290098811  -0.00187063349674  0.00270948936327
49  -2.94186291585e-05  -0.0012391378817  0.00190485816085
50  -0.00264428902848  0.000408307704723  -0.000237818434735
51  -0.000278923914155  -0.00118719419863  -0.00248626847381
52  -0.00030327007386  -0.000280750026875  4.37334245514e-06
53  -0.000139582493158  -0.000481951788745  0.000374891597679
