1  6.96537889129e-08  0.0138452393523  0.00295401382857
2  0.011075936615  0.000928400506455  -0.0123494912842
3  0.010122595466  -0.00204717360711  0.000105597313824
4  -0.00214746358699  0.00825631800796  0.00411316756874
5  0.000294754315363  0.0067154534671  -0.00932820233378
6  0.00243471317102  0.000565957842371  -0.00251610644282
7  0.000213592291358  0.000695399821317  0.00145316011758
8  0.00042521085317  0.00061232500161  -0.000671557902319
9  0.000215835674181  0.000827081763987  -0.000376849303265
10  0.000360994322183  0.000189859194801  -0.000810061913053
11  0.000365988979182  0.000151453455312  0.00096114634567
12  0.000108935439879  0.000204776506027  -0.000414679712362
13  6.20384439192e-05  -5.93883635924e-05  5.93206743136e-05
14  0.00121919053516  0.000180354834971  0.000288743648866
15  0.0002831846799  9.51161028782e-06  0.000300685227365
16  -4.68108822505e-05  3.41981955404e-05  0.000108179558914
17  0.000103524072011  9.75330733586e-05  0.000587547310422
18  0.000365250958404  0.000204518676403  -0.000809738213559
19  0.000108836680935  8.34275155533e-05  -0.000613270311498
20  0.00124212859943  -0.000297704267118  -7.8330601199e-05
21  0.00112823192886  -3.18877916283e-05  -0.000674228607275
22  0.00470575328176  0.00042826418239  0.00541081381509
23  0.00861725170556  -0.00254310101009  -0.00029678696603
24  -0.00216725126698  0.0124387724403  -0.00682980969258
25  0.00113159070851  0.0101515070985  0.0123727864837
26  7.05497886601e-08  0.0138747409259  -0.00295512278242
27  0.0110412532373  0.00296237789185  0.0114382462352
28  0.000226311934578  0.00237075447191  -0.00208486535148
29  0.00214272311475  0.000157282509493  0.00354946056961
30  -0.000111742853849  0.000707609707727  0.000242043256317
31  0.000407158970228  0.000625663058357  -0.00130950613864
32  5.86754182624e-05  0.000922392895156  -0.000957230537305
33  0.000234713433868  0.000303990447676  0.000355406039012
34  0.000393626066963  0.000122204701891  0.000910085506356
35  -0.00012232078133  0.000655758343559  -0.000194401905082
36  0.00109368288758  0.0107697147356  -0.013552831464
37  -0.00187849117557  0.0137175799769  0.00236476427789
38  0.00139535380312  0.00314082940635  -0.00678050601065
39  0.00288802303959  -0.00100196321324  0.000496089757269
40  1.74468514093e-05  0.00453041731665  -0.00541570518227
41  0.0047595762604  -0.000691352420789  -0.00483323906953
42  0.000590002850903  0.000810817965958  0.00108116105902
43  0.00180183215953  0.000110570032418  0.00357374426204
44  0.00175310266254  0.00081950894233  -0.00284605709278
45  0.000370672408966  0.000737455596249  0.00133045849655
46  0.00108818932622  0.00593915083864  -0.010209982961
47  0.000248763386374  0.003773951233  0.00630099696094
48  0.00182030176241  0.010020016033  -0.0145887629877
49  0.00103488457095  0.00926474257943  -0.0138067340899
50  0.0131050305825  -0.00196272581278  0.00134213103373
51  0.00179602401633  0.00634336210385  0.0112258864814
52  0.00121981651121  0.000615802516957  0.000715236176463
53  0.000289254176459  0.00273899937084  -0.00197586077869
