1  7.54935367596e-08  -0.00569573970299  -0.00114334906251
2  -0.00522393458424  -0.000265865765852  0.00519143993526
3  -0.00418697908027  0.00121430072797  -0.000273925838168
4  0.000667798215734  -0.00239878028898  -0.00165806680272
5  -8.90109810643e-05  -0.00139802417874  0.00234074934649
6  -0.00044806233912  -0.000135374024953  0.000539315450574
7  -8.15131954798e-05  -0.000101660416904  -0.000324221781112
8  -9.24621788745e-05  -0.000165417380813  0.000192651793123
9  -5.19436362691e-05  -0.000213021698032  0.000121051217682
10  -0.000106470902795  -2.9860670471e-05  0.000201596394928
11  -8.43931470047e-05  -5.49469076095e-05  -0.000238745406219
12  -4.1207252918e-05  -6.09571060582e-05  0.000123314265774
13  -1.29696117239e-05  1.72302247846e-05  -3.412873427e-05
14  -0.000254145817399  -2.88842182209e-05  2.65608757658e-05
15  -9.40289342349e-05  3.23914033281e-06  -8.02849274546e-05
16  7.3314006642e-06  -1.46311263894e-05  -3.16158718219e-05
17  -4.09419740456e-05  -1.15377726736e-06  -0.000159657719842
18  -7.55321091688e-05  -7.40126854481e-05  0.000236583166319
19  -4.11201629091e-05  -1.77100356788e-05  0.000155674507396
20  -0.000247925648509  6.45250022155e-05  -6.93998544131e-05
21  -0.000217730422925  2.87459870531e-05  7.85596139672e-05
22  -0.00116089356515  -8.82900579936e-05  -0.00136147750564
23  -0.00259419552679  0.00087466616614  -0.000339132734007
24  0.000668705319588  -0.00318147123434  0.00204230730836
25  -0.000400270112139  -0.00405657736293  -0.00481581343788
26  7.86923996093e-08  -0.00567904341732  0.00113879175464
27  -0.00523919870569  -0.00140339619699  -0.00542316202431
28  -8.28228402576e-05  -0.000378085650567  0.000441515326868
29  -0.000396291095523  2.35083622348e-05  -0.000749703277016
30  4.94204667677e-05  -0.000187649965339  -1.06026815082e-05
31  -0.000116557145392  -7.71508425339e-05  0.000283975815206
32  2.23714189106e-05  -0.000221389916308  0.000157184426959
33  -4.56074346564e-05  -7.45491845717e-05  -0.000124449138387
34  -0.000115989367598  -1.38995974382e-05  -0.000221205144144
35  3.59332658777e-05  -0.000176644173202  2.39962888594e-05
36  -0.000386705626719  -0.00388113350599  0.00499010422596
37  0.000756300326239  -0.00623765924858  -0.00158868733427
38  -0.000160956013692  -0.000651978261975  0.00122007155896
39  -0.000584910696957  0.000240142771449  6.44176662831e-05
40  -5.56762384542e-05  -0.000764728199665  0.00112238788977
41  -0.00117695043121  0.000320150088589  0.00104990085651
42  -6.89241643349e-05  -0.00019934488242  -0.000184320050963
43  -0.000270886135839  -7.59236166752e-05  -0.000815286797742
44  -0.00026026878756  -0.000203154529195  0.000539029662642
45  -9.21591337436e-05  -0.000110052204153  -0.000270489422618
46  -6.28280407151e-05  -0.00142668972093  0.00230510679495
47  -7.08692183173e-05  -0.000770326676815  -0.00167780380414
48  -0.000601944057248  -0.00365386629186  0.00531195067628
49  -6.81070360824e-05  -0.00246176844009  0.00363221608256
50  -0.00521863865817  0.000780468351632  -0.000415120822654
51  -0.000605364703822  -0.00241217850599  -0.00504692122893
52  -0.000244030928348  -0.000146148519625  -0.000104243082877
53  -7.20667336616e-05  -0.000516612735007  0.000444990755702
