1  2.24172815377e-07  0.013475274181  0.0028650154074
2  0.0108622780213  0.000897323450383  -0.0120552369654
3  0.00918666813023  -0.00201790141299  0.00023500646913
4  -0.00186719751742  0.00681996234279  0.00360335124066
5  0.000235406594979  0.00521024865134  -0.0074944601172
6  0.00168055315493  0.00033269680251  -0.00183799780505
7  0.000112667877067  0.000430375771215  0.000882101233047
8  0.000245644666632  0.000207967463604  -0.000234654335103
9  0.000111128489012  0.000343991196073  -3.47469152918e-05
10  0.000137475036231  0.00012866725121  -0.000406851223669
11  0.000205513344053  6.92716227587e-05  0.000461008795247
12  2.36618352639e-05  5.49378656164e-05  -0.00013595050099
13  2.63426954436e-05  -2.988100145e-05  4.03142894642e-06
14  0.000738015986324  5.39538117651e-05  0.000254477905373
15  8.57233233409e-05  -6.39272031349e-06  0.00010508071346
16  -2.73347305714e-05  2.36890550325e-05  2.39806312632e-05
17  2.36912327276e-05  9.00043261105e-05  0.000308963838712
18  0.000206035330641  1.50367561598e-05  -0.000337550003325
19  2.36498889002e-05  8.98783142242e-05  -0.000308542402472
20  0.000740184007749  -0.000185253321991  -7.43408677765e-05
21  0.000696602843598  -7.13232701116e-05  -0.000479297196155
22  0.00361772848718  0.000301402726306  0.004202978658
23  0.00717882397487  -0.00223756239947  -7.10888135623e-05
24  -0.00186066823038  0.0104654510713  -0.00594788888251
25  0.00101903128923  0.00941574966239  0.0116476755604
26  2.2516905047e-07  0.0134766393989  -0.00286494788549
27  0.0109108963654  0.00292730332582  0.0113030092852
28  0.000116947490773  0.00155918794186  -0.00141001684826
29  0.00147299121967  3.56930922283e-05  0.00257097281334
30  -5.09685553276e-05  0.000270929194141  0.000215296316887
31  0.000194317873601  0.000392492149986  -0.000772371189332
32  4.79137691223e-05  0.000528587860616  -0.000636815471114
33  0.000109835055255  0.000132693896402  9.10716984274e-05
34  0.000193827445145  8.09149452012e-05  0.000468051332341
35  -4.976404627e-05  0.000317765868144  -0.000174565268791
36  0.00098428202824  0.00983716515818  -0.0125412976653
37  -0.00185357688441  0.0136099106107  0.00237440138939
38  0.000923688182908  0.00230218954119  -0.00485508759812
39  0.00201587677185  -0.000751429564113  0.000218637178023
40  3.90670055268e-05  0.00318282590907  -0.00397726341932
41  0.00366436047547  -0.000658581285193  -0.00360316299416
42  0.000357149500427  0.000428130712973  0.000731445429441
43  0.00117199195697  0.000105798474856  0.00258214823943
44  0.00114690611536  0.000526561844221  -0.00193812811314
45  0.000188874177591  0.000460072067914  0.000900690172403
46  0.000743126377512  0.00471736017639  -0.00805045756446
47  0.000192641664123  0.00277001952269  0.00494617342915
48  0.0015899182275  0.00921572021464  -0.0134266362068
49  0.000768442593235  0.00786155340485  -0.0116469762924
50  0.0123497778441  -0.00192567155047  0.0013501870494
51  0.00158531079042  0.00565595931633  0.01036785436
52  0.000773140299158  0.000296632723501  0.000558035873006
53  0.00012611830821  0.00190358456018  -0.00144340660744
