1  1.10013785238e-07  0.0150964326352  0.00323642287103
2  0.011878772415  0.0010336774529  -0.0134200035799
3  0.0134229103929  -0.00199330781976  -0.000158949294987
4  -0.00288368319922  0.0131029713465  0.00572012895872
5  0.00067203569834  0.0114977159251  -0.0149178548664
6  0.00478065321295  0.00120250677031  -0.00436463143605
7  0.000401685602412  0.00148637099859  0.0028880897102
8  0.000885415733356  0.00137072222187  -0.00147667900725
9  0.000499724533857  0.00175720699971  -0.000908227682438
10  0.00080504914746  0.000389389833653  -0.00161683323478
11  0.00077484221324  0.000297551542108  0.00193421363992
12  0.00022623151539  0.000464895904641  -0.00086396370738
13  0.000121202561508  -0.000122616627744  0.000130509406939
14  0.00247306672688  0.000489168446021  0.000584193409943
15  0.000616062362669  3.65139625226e-05  0.000667683742284
16  -9.47201863489e-05  7.96978455446e-05  0.000220391735733
17  0.000223014610757  0.000206930333981  0.00123046449991
18  0.00076978367884  0.000488693606376  -0.00171355885778
19  0.000226183026543  0.00018430651244  -0.00123863755413
20  0.0024929544843  -0.000564089932333  -0.000285476476692
21  0.0022766586844  0.000140608204426  -0.00127045822481
22  0.00806078508849  0.000989514465029  0.00899526061735
23  0.0135342190134  -0.00338050707118  -0.000954927708404
24  -0.00290350409455  0.0188206946956  -0.0098154539587
25  0.00148733297156  0.0126761781721  0.0148214131496
26  1.10960561742e-07  0.0151134104892  -0.00323989200192
27  0.0118349701007  0.00317852363827  0.0122666593905
28  0.00041381921654  0.00483557826001  -0.00385376543616
29  0.00425143363498  0.000689987880745  0.00641517706571
30  -0.000216445638549  0.00148003744294  0.000415539642594
31  0.000815366605596  0.00134890937325  -0.00262299192008
32  0.000205694550731  0.00190709347823  -0.00203847384951
33  0.000510109257645  0.000714260798578  0.000890891824305
34  0.000806296093197  0.000265481515346  0.00189742136856
35  -0.000218280513843  0.0014103776982  -0.000345098811454
36  0.00145163264162  0.0138574223103  -0.0165814544128
37  -0.00206356307674  0.0147953215427  0.00239398425693
38  0.00304948451705  0.0057392623222  -0.0129398815983
39  0.00542623140309  -0.00162944596341  0.00156986478893
40  -7.82116621004e-05  0.00888717867646  -0.00983189610989
41  0.00816342875635  -0.000550156954677  -0.00847796807413
42  0.00129296948115  0.00164955262593  0.0020563488981
43  0.00376339790066  8.02608096095e-05  0.00621462852053
44  0.0036776264138  0.00155432037787  -0.00549762495396
45  0.000863313209147  0.00157649856307  0.0024667057676
46  0.00238667562128  0.00981005495111  -0.0168125093354
47  0.00057198152149  0.00699046772781  0.0101901064354
48  0.00278060060939  0.0125167244802  -0.0183720520463
49  0.00203845991411  0.013904678081  -0.0205697507318
50  0.0161431704867  -0.00215260140067  0.00135116266282
51  0.00268302358588  0.00879082002467  0.0141159143599
52  0.00246721576547  0.00136200522838  0.0012824823398
53  0.000719087136167  0.00527644428444  -0.00335002634332
