1  -1.60103910702e-08  -0.0107952572548  -0.0019298375691
2  -0.00998499489953  -0.000649851955985  0.00980751862877
3  -0.00715756998109  0.00203528638271  -0.000804804168152
4  0.000876918364397  -0.00305428195639  -0.00245024980845
5  -0.000160541356019  -0.00131520784477  0.00264401595064
6  0.000102731337858  9.61260318747e-05  -4.19538148437e-05
7  2.2667572484e-05  0.000181003107574  0.000290194732838
8  0.00011245839311  0.00013822122134  -0.000163462130521
9  5.29468092744e-05  0.000190831454058  -8.26298549e-05
10  8.66012205509e-05  5.36688173984e-05  -0.000178189806416
11  0.000111773040979  1.59075402408e-05  0.000235557378951
12  2.13680130337e-05  4.29598895146e-05  -0.000112774028471
13  2.3270695086e-05  -2.15967798034e-05  4.82661073418e-06
14  0.000259197076075  5.01033764711e-05  5.29872457478e-05
15  7.56557800247e-05  9.96152196808e-07  9.1934973017e-05
16  -2.22530945735e-05  1.29069023094e-05  3.26046659133e-05
17  2.27137356713e-05  7.53125650943e-05  0.00018576332679
18  0.000121924111532  4.21988132056e-05  -0.000202415844756
19  2.14485779174e-05  6.00847605532e-05  -0.000183915989916
20  0.00026168148208  -5.75323984314e-05  -8.727024846e-05
21  0.000185931480453  6.43599423629e-05  -9.8171619033e-05
22  -0.000853072170446  -7.34663326273e-05  -0.00101978260195
23  -0.00336848749339  0.00120830246131  -0.000758472639574
24  0.000874317228035  -0.00467636347229  0.00332356182149
25  -0.000755632986155  -0.00753581513554  -0.00863448014119
26  -1.46960396125e-08  -0.0107684191328  0.00192390986323
27  -0.0100169885865  -0.00268551544856  -0.0103731919955
28  1.72254765261e-05  0.000296433813859  -0.000183595110556
29  0.000102535251795  0.000152678423888  -9.02084179252e-05
30  -6.88652324932e-06  0.000180266677742  9.95717560451e-05
31  8.19580890914e-05  0.000208109987193  -0.000337608273524
32  4.50155438487e-05  0.000238857172642  -0.00030267727172
33  5.56934115581e-05  8.21739913589e-05  9.63605132297e-05
34  8.57839463438e-05  5.3461303154e-05  0.00025805161752
35  -2.32937936658e-05  0.000161497123616  -5.13927470777e-05
36  -0.000735667974959  -0.00696788483596  0.00867574353664
37  0.00128750027963  -0.0119030675654  -0.00297208217263
38  0.00013256084532  -0.000288533853173  0.000285237251773
39  0.00011783130318  3.6579999692e-05  0.000288159622659
40  -8.98397093354e-05  -7.42900935883e-05  0.000525690473709
41  -0.000879428829287  0.000406466988589  0.000458906105146
42  0.000147684235941  0.00017336164506  0.000215867501238
43  0.000235869200427  -9.02741737096e-05  -3.26962550216e-05
44  0.000228940342826  8.14607035073e-05  -0.000289292423921
45  9.30502794657e-05  0.000151824780198  0.000157086742218
46  0.000103384634136  -0.00158418891078  0.00232844146104
47  -0.000136421497435  -0.000309420958229  -0.00133495059851
48  -0.00121326881701  -0.00645397044005  0.00936757479024
49  -2.31324175082e-05  -0.00380969935482  0.00521070267446
50  -0.00959098673146  0.00132625881086  -0.000586383844531
51  -0.00122497632343  -0.00399756922304  -0.00869784135921
52  0.000193784430428  0.00013280843652  6.47419278544e-05
53  8.44246848016e-05  0.000113956676995  -1.61665712227e-05
