1  -2.7888974624e-07  -0.0181009800197  -0.00297314995822
2  -0.0174273213279  -0.00115702330418  0.0165391841163
3  -0.0214726939993  0.00513419575972  4.88760388658e-05
4  0.00240443825963  -0.0146073593691  -0.00900123225743
5  -0.000772937179032  -0.00915649276476  0.0123512471835
6  -0.00393429237909  -0.00104094541351  0.00428844354619
7  -0.000430046248343  -0.00102333003586  -0.00236352377921
8  -0.000709067475807  -0.00114904660364  0.00130357521509
9  -0.000388181439947  -0.00147853765817  0.000812730933923
10  -0.000666000213638  -0.000289159089104  0.00132915002231
11  -0.000594989244537  -0.000279920171444  -0.00156125651641
12  -0.000220730187856  -0.000311322425669  0.000741887795406
13  -7.86259629372e-05  0.000108393557683  -0.000169924526263
14  -0.00194382066409  -0.000286006536156  -0.000226336968397
15  -0.000553267128027  -1.61074481651e-05  -0.000533982554188
16  7.09572062922e-05  -4.74756358276e-05  -0.000221083148452
17  -0.000223526756345  -0.000130075405887  -0.000943861905569
18  -0.000607340151896  -0.0004628419805  0.001497216607
19  -0.000220834668188  -0.000148404521551  0.000930910074267
20  -0.00193383291492  0.000468295336589  -4.81800691722e-05
21  -0.00182014457241  8.47349784868e-05  0.000895923301191
22  -0.00854834173843  -0.00107174829891  -0.00939700114073
23  -0.0155969266029  0.00350440988202  -0.00168708947181
24  0.00241573542817  -0.014640431025  0.00713079582159
25  -0.00201104890616  -0.0160640472256  -0.0171909359986
26  -2.80173036113e-07  -0.0180851731395  0.00295065545472
27  -0.0173890174532  -0.0046700224192  -0.0180230011246
28  -0.000431553486843  -0.00338212289462  0.00311426571063
29  -0.00348388843964  -0.000413825616987  -0.00549090033211
30  0.000202954460999  -0.00126268869663  -0.00023821471494
31  -0.000693391219  -0.000873018123809  0.00197430967887
32  -6.31891960555e-05  -0.00150952884845  0.00140406402654
33  -0.000378546111952  -0.000549572722153  -0.000716101255829
34  -0.000700676575003  -0.000176408517908  -0.00153054634691
35  0.000201576350638  -0.00116992568157  0.000272500916544
36  -0.00195418727994  -0.015597140936  0.0186472080684
37  0.0019530794809  -0.020276436851  -0.00541903154607
38  -0.00188956819899  -0.00420704657758  0.00865169605754
39  -0.00481579550897  0.00186820234422  -3.46266461433e-06
40  -0.000228182668077  -0.00584224198217  0.00696912913989
41  -0.00861981222511  0.00165497512215  0.00793081859297
42  -0.000859595121089  -0.00136175729099  -0.00159816590566
43  -0.00252058992023  -0.000397962893243  -0.00644835466717
44  -0.00248764330396  -0.00133257668969  0.00417911738402
45  -0.00070516482437  -0.0011016193168  -0.00219992121018
46  -0.00174849711248  -0.00821714513274  0.013462229501
47  -0.000696797130268  -0.00617478819918  -0.0116867405952
48  -0.00318515532093  -0.014299432309  0.0202972966341
49  -0.00175775751981  -0.0105390727156  0.0162725743366
50  -0.0198753155509  0.00202596195144  -0.000711611502818
51  -0.00309995602839  -0.0134201092959  -0.02438689568
52  -0.00198227955087  -0.00106302693882  -0.00103398433438
53  -0.000548528659579  -0.00448030417969  0.00338960779069
