1  9.02910543428e-08  -0.0104740501814  -0.00202765187256
2  -0.00997045178811  -0.000471533627336  0.00965401323672
3  -0.00975219056169  0.00268151664398  -0.000300432770472
4  0.00145126764409  -0.00616999601665  -0.00407249619938
5  -0.000246439115384  -0.0036779427384  0.00566072759045
6  -0.00130176366551  -0.000260052009218  0.00151659338402
7  -0.00010525692179  -0.000287344107304  -0.000666770467138
8  -0.000184529916085  -0.000200278453601  0.00024188583016
9  -8.57990815752e-05  -0.000303290400037  8.46299548818e-05
10  -0.000116818964525  -8.47400297025e-05  0.000327438220922
11  -0.000143411616644  -6.19922730328e-05  -0.000352254039942
12  -3.54459675182e-05  -6.83664176168e-05  0.000132876958707
13  -1.32868007431e-05  2.05304817132e-05  -2.70804589678e-05
14  -0.000542370139291  -3.57179286952e-05  -0.000142850788976
15  -9.87652625983e-05  -7.45919169048e-06  -0.000107677099812
16  1.30360687879e-05  -1.07509944708e-05  -3.41449901043e-05
17  -3.57185012211e-05  -2.1286012872e-05  -0.000207877014902
18  -0.000139327746282  -6.0286196901e-05  0.000312573540024
19  -3.53077316944e-05  -2.77037673389e-05  0.000199917597019
20  -0.000538215052405  0.000137791367495  4.46766890683e-06
21  -0.000532241547263  9.65345615185e-05  0.0003523599892
22  -0.00321853610808  -0.000267336967439  -0.00372842164775
23  -0.00665224140203  0.00195464818486  -0.000799151200511
24  0.00144542045924  -0.00712344925289  0.00409866206682
25  -0.000900542117767  -0.00832087801513  -0.00949491993514
26  9.12383547081e-08  -0.0104550920959  0.00202771214897
27  -0.0100152721483  -0.00268595648641  -0.0103731548119
28  -0.000106393691421  -0.00106061543415  0.00101247787447
29  -0.00113425503008  2.7179338275e-05  -0.00207706866987
30  5.50311848504e-05  -0.000245158558307  -9.32910827397e-05
31  -0.000155412164041  -0.000219897664578  0.000505380088193
32  -7.54430640567e-06  -0.00036981650761  0.000375936081952
33  -7.77551236276e-05  -0.000100655574811  -8.35291223685e-05
34  -0.000158164660246  -4.16935188944e-05  -0.000353423836594
35  5.06426266593e-05  -0.000261345509574  0.000125050813036
36  -0.000878297979029  -0.00791952021593  0.010026422123
37  0.00136188455459  -0.0118122714044  -0.00320066514148
38  -0.000552431617413  -0.00167563015223  0.0033354184405
39  -0.00160920532448  0.000669959276112  7.13352355809e-05
40  -9.12656548357e-05  -0.00213506374988  0.00287509427096
41  -0.00325585112659  0.000792813018374  0.00296032519968
42  -0.000231726079094  -0.000327046829997  -0.000509350595248
43  -0.000789348398396  -0.000148905692866  -0.0022170438326
44  -0.000770039968735  -0.000399652825595  0.00136264221618
45  -0.000140830332858  -0.000321274002832  -0.000734985850047
46  -0.000385733072343  -0.00355413026456  0.0058196902687
47  -0.000206696763119  -0.00221467374042  -0.00456519460577
48  -0.00133882365139  -0.00742179526475  0.0106662817876
49  -0.000403939911664  -0.00530887986919  0.00813056686243
50  -0.0106259796672  0.00140250860949  -0.000680581741192
51  -0.00133324365927  -0.00582343727854  -0.0115089137809
52  -0.000601373185402  -0.000228796660311  -0.000426423866105
53  -8.42203645252e-05  -0.00148281861123  0.0012028575328
