1  1.38046489954e-07  -0.00202699240232  -0.000822631999232
2  -0.00235692524475  0.000275196156872  0.00210513622565
3  -0.00641590700324  0.00174160324168  0.000729787225588
4  0.0014265699465  -0.00658341280121  -0.00361772686887
5  -0.000204263627379  -0.00481419099681  0.00653615275917
6  -0.00263912429475  -0.00067793379887  0.00295836942504
7  -0.000254235921317  -0.000824989039563  -0.00174180354478
8  -0.000544813940838  -0.000749862675867  0.000848908731385
9  -0.000271953649005  -0.00102955505685  0.000443781768166
10  -0.000425372472426  -0.000255155975513  0.000989936543422
11  -0.000477391137434  -0.00016978533882  -0.00113758046982
12  -0.000135562289566  -0.000275424010968  0.000515016665005
13  -6.30166089251e-05  7.69043255862e-05  -9.3901794936e-05
14  -0.00145311389865  -0.000188214536366  -0.00029812709958
15  -0.000369135983106  -2.41268570721e-05  -0.000399968478609
16  5.28511874193e-05  -4.73578420777e-05  -0.000128557460822
17  -0.000134199479811  -0.000116811789285  -0.000700415465881
18  -0.000469064156175  -0.000271355875707  0.00103201364213
19  -0.000135424059696  -0.000131122210157  0.000703137591358
20  -0.00146127526242  0.00036424275651  7.98371290418e-05
21  -0.0013457665379  7.91456076976e-05  0.000782738597685
22  -0.00468410605546  -0.000417523482268  -0.00536381946052
23  -0.00695115114974  0.00181833473719  -0.000186460874354
24  0.00143139632459  -0.00619155325987  0.00269523988332
25  -0.00045645933443  -0.00339099781545  -0.00403760760391
26  1.35159715015e-07  -0.00201920894332  0.000807674264835
27  -0.00236586348071  -0.000629235258864  -0.00244024827419
28  -0.00026385840658  -0.00246822209546  0.00222509855026
29  -0.00233268640382  -0.000236957221588  -0.00378252444801
30  0.000156140605523  -0.000877325491917  -0.000262703388324
31  -0.000476032183619  -0.00071622340533  0.0015114386156
32  -8.36814426888e-05  -0.00109590648717  0.00113902945058
33  -0.000275513465192  -0.000361118885428  -0.000395187212104
34  -0.00046917322854  -0.000161310161348  -0.00112455828085
35  0.000126099402372  -0.000815759405685  0.000294376311305
36  -0.000433359300637  -0.00372736852107  0.00514442736367
37  0.000532190053542  -0.00260716440907  -0.00118882667618
38  -0.00123546906181  -0.00265022628121  0.00569968424752
39  -0.00326240914255  0.00123007007515  -0.000281186718108
40  -5.48637010915e-05  -0.00384580194877  0.00452243399307
41  -0.00471835057502  0.000858865817511  0.00484307313043
42  -0.000665070578131  -0.000965812762339  -0.00128231361865
43  -0.0018631612716  -0.000163782468353  -0.00424523242779
44  -0.00182127934877  -0.00090005729109  0.00301140569885
45  -0.000443936241567  -0.00086943783037  -0.0016435016851
46  -0.000836722704703  -0.00416928553882  0.00725087465789
47  -0.000153115611239  -0.00367067667161  -0.00646027687353
48  -0.000468148016971  -0.00371224889833  0.00519490083486
49  -0.0006259237234  -0.00412227846878  0.00727758140565
50  -0.00438707799447  0.000557837046472  -0.000416790134341
51  -0.000439454413175  -0.00421846170809  -0.00724937662452
52  -0.00148347847414  -0.00072165641633  -0.000882266196246
53  -0.00034157028242  -0.00302192620261  0.00236736072963
