1  4.12058709753e-07  0.0201747833855  0.00393724554244
2  0.0153693231117  0.00174237107709  -0.0176880169516
3  0.0151419447695  -0.00186726520341  0.000108734643962
4  -0.00296360505006  0.0138217902882  0.00599082495929
5  0.000722242359621  0.0118304799342  -0.0150993185017
6  0.00433902259122  0.00106214331727  -0.00398104777666
7  0.000365114456962  0.00123160889555  0.00246779066622
8  0.000741715917376  0.00113741392843  -0.0012160790926
9  0.000418311359123  0.00145285532062  -0.000757444815048
10  0.000678800613722  0.000313319029475  -0.00134380064691
11  0.000633345829628  0.000264515606947  0.00160880920058
12  0.000186569397445  0.000360138942478  -0.000699329050247
13  9.74445100673e-05  -0.000101089976441  0.000109270610373
14  0.00210050895504  0.00040189057632  0.000479848567411
15  0.000501082237583  2.05707492589e-05  0.000528801142693
16  -7.56826512674e-05  7.34006797843e-05  0.000171689180946
17  0.000185205502989  0.000147054806035  0.00103230368266
18  0.000636958845819  0.000396196053774  -0.00140865904603
19  0.000186443301869  0.000152888670221  -0.0010271489302
20  0.00210946933931  -0.000480260443322  -0.000186871976216
21  0.00195475375666  9.80905965302e-05  -0.00106007495013
22  0.00788024198741  0.0010186497949  0.00873340935889
23  0.0143121765998  -0.00349826479029  -0.0010225997505
24  -0.00298045938192  0.0209496404414  -0.0108573024717
25  0.00191615785271  0.0159084694001  0.0184779651624
26  4.14985645661e-07  0.0202045785465  -0.00393607245657
27  0.0154048514764  0.00414263405872  0.0159770671933
28  0.000374801609199  0.00426748156832  -0.00343413656918
29  0.00386043299264  0.000610532195076  0.00584185179004
30  -0.000182586564521  0.00120878689659  0.000342838374227
31  0.000693432003097  0.00110977532022  -0.00220853038044
32  0.000149738004687  0.00161554812973  -0.00169774478398
33  0.000423352572077  0.00060249448589  0.000761553622943
34  0.000689768805842  0.000201328607685  0.00157124337055
35  -0.000187814906659  0.00118090617774  -0.000269493278419
36  0.00186383461362  0.0165112985789  -0.0193354246022
37  -0.00252779342986  0.0195664074173  0.00262451530595
38  0.00287965574898  0.00545880305906  -0.0121795601716
39  0.00491587380223  -0.00153311065218  0.0012619873873
40  -3.41490726989e-05  0.00837495211817  -0.00927449008665
41  0.0079906852061  -0.000586855543426  -0.00811987999472
42  0.00108392758638  0.00139991341183  0.00175053349015
43  0.00330767031601  0.000110573997626  0.00573943723057
44  0.00323408024637  0.00139204462848  -0.00488594611889
45  0.000753331859217  0.00133326480067  0.00214494628433
46  0.00256726639822  0.0100173682034  -0.0171383024882
47  0.000632432797346  0.0067081786036  0.00998021594297
48  0.00350549143921  0.0148558307615  -0.0215844646641
49  0.00246332091607  0.0155399402136  -0.0226505813973
50  0.0203840143275  -0.00263430491287  0.00164862542081
51  0.00343043227587  0.00990662584263  0.0156411399641
52  0.00211831889407  0.0011571100445  0.00111081913914
53  0.000622022237036  0.00478407490619  -0.00304018114616
