1  -4.1397501905e-07  -0.0163195191732  -0.00266500122615
2  -0.015541661749  -0.00108754556489  0.0149018106531
3  -0.0145888339652  0.00379369089168  -0.000641047004936
4  0.00179115113791  -0.00846648418056  -0.00570151318999
5  -0.000363020514875  -0.00481138655108  0.00728146740785
6  -0.00163288613104  -0.00025434201641  0.0018351310065
7  -7.40048494803e-05  -0.000307339739481  -0.000641691085056
8  -0.000198932359188  -0.000381288053326  0.000432698312003
9  -0.000117167222541  -0.000467478100838  0.00030175415728
10  -0.00012840186716  -9.21994245298e-05  0.000358525879842
11  -0.000115537198379  -4.68349124441e-05  -0.00033900251221
12  -6.75224712773e-05  -0.00016465005698  0.000197381002944
13  1.16294130577e-05  8.76228427552e-06  -8.45254155476e-05
14  -0.000528337039932  -0.000100472994521  -0.000207989494699
15  -0.000170133948983  -6.67524660717e-05  -0.000198499364983
16  -8.02235727994e-06  2.35963713934e-05  -7.43445821585e-05
17  -6.78389749546e-05  0.000111741239351  -5.42465356778e-05
18  -0.000112047857577  -0.000205951337581  0.000426412482141
19  -6.75948858653e-05  0.000106459240904  5.06681219585e-05
20  -0.000528074234341  0.000136541387736  5.8567357545e-05
21  -0.00062424630831  0.000129603522774  0.000506678854806
22  -0.00423245893791  -0.000381567396144  -0.0048595752063
23  -0.00915183224814  0.00251337495016  -0.00127918554541
24  0.00178488351943  -0.00961100522295  0.00544030700959
25  -0.0014718335263  -0.0127429881382  -0.0139385298943
26  -4.14425342916e-07  -0.0163030146906  0.00266144014223
27  -0.0155932886825  -0.00418536321456  -0.0161571758262
28  -7.82684736379e-05  -0.00122890692982  0.000972447465238
29  -0.00142171491993  3.22773620541e-05  -0.00259918854506
30  5.7312721672e-05  -0.000370284315327  6.72385257054e-05
31  -0.000136787900083  -0.000141880811551  0.000266664282756
32  -3.11095231326e-05  -0.000245151910303  0.000174816152313
33  -0.000113154014031  -0.000129234457445  -6.53938188411e-05
34  -0.000137988139059  -1.97944162603e-05  -0.000332602989237
35  5.64448365955e-05  -0.00028512466599  0.000131843046576
36  -0.00143914919793  -0.0118642866767  0.0145284169189
37  0.00179134886215  -0.0184346473117  -0.00476635446834
38  -0.000703156076461  -0.00201716106469  0.00408510313579
39  -0.00195074718576  0.000834026520741  7.70031306293e-05
40  -9.13084259691e-05  -0.0026294136525  0.00347640475938
41  -0.00427654288092  0.00103293891875  0.00381514294366
42  -0.000305195858411  -0.000309082836395  -0.00047296925481
43  -0.000953924894597  -0.000161319572743  -0.00271440443917
44  -0.000937185202792  -0.000371404954389  0.001421542226
45  -0.000110415652798  -0.00040744426894  -0.000890895967184
46  -0.000569747070593  -0.00462557283219  0.00751649222847
47  -0.000313881440803  -0.00287003303448  -0.00597132936516
48  -0.00224851869357  -0.0109778659987  0.0156342552066
49  -0.000694458629996  -0.00719006453196  0.0108253068141
50  -0.0160439309162  0.00184500265833  -0.000706103418036
51  -0.00223926036139  -0.00870172565807  -0.0170727494809
52  -0.000704502783411  -0.000267284317539  -0.000497790510273
53  -4.66867788561e-05  -0.00184943700499  0.0014385615008
