1  6.71383766744e-09  -0.0122249592604  -0.00219165700396
2  -0.0114486172888  -0.000714913108366  0.0111685848884
3  -0.00920605846812  0.00255299935361  -0.000758801606333
4  0.00116694371075  -0.00452454250802  -0.00337052799564
5  -0.000227275536735  -0.00226200757801  0.0039846478221
6  -0.000276291944655  -5.96248570934e-05  0.000377026248474
7  -7.47961269026e-05  9.29587023691e-05  -3.90790824768e-05
8  1.76773143642e-05  -6.0319662316e-05  8.37382142459e-05
9  -1.50386597791e-06  -4.2650488963e-05  0.000100727628902
10  -4.66094506321e-05  3.83862469949e-05  2.47129046946e-05
11  2.8499123758e-05  -4.68088361136e-05  -2.74482385549e-05
12  -3.0284639739e-05  -1.69964609277e-05  3.21001652974e-05
13  4.46501341747e-06  -3.27600473193e-06  -3.10466097802e-05
14  1.48377203629e-05  1.26632402659e-05  0.000141013282682
15  -4.28599923544e-05  -1.43478017156e-06  -6.57906990232e-06
16  -1.20796930989e-05  -3.23114450987e-06  -1.15579798101e-05
17  -3.14047062287e-05  5.76016824844e-05  -1.54953919379e-06
18  4.08048515058e-05  -5.5724410931e-05  7.54865213982e-05
19  -3.01515767099e-05  4.3160372138e-05  -1.09952251577e-05
20  2.27371835309e-05  8.82582421666e-07  -0.000171702992521
21  -7.22997402468e-06  6.20575027697e-05  -7.09364199445e-05
22  -0.00170805369721  -0.000162103351228  -0.00197315139943
23  -0.00493573621967  0.00160495586638  -0.000904294745819
24  0.00117081823791  -0.00618843905041  0.00404417679375
25  -0.000949149672305  -0.0090083673484  -0.0102079798218
26  8.36987174323e-09  -0.0121978694339  0.00218820008514
27  -0.0114238014108  -0.00306354620829  -0.0118317110481
28  -7.3603121544e-05  -4.08934090322e-05  0.000202552629909
29  -0.000241021697552  0.000130890303155  -0.000646819447317
30  4.56902127468e-05  -3.58706588659e-05  0.000112101893099
31  -4.81238301118e-05  0.000124034750838  -4.09119917079e-05
32  7.19464597677e-05  -1.38782170733e-05  -0.00014079571956
33  9.96730607625e-06  -1.47865069035e-05  -8.08295129833e-05
34  -5.28658526142e-05  4.84753981452e-05  6.55356998095e-06
35  2.04456969734e-05  -4.66924721481e-05  -5.11285907797e-05
36  -0.0009266700906  -0.00841627432923  0.0104714203382
37  0.00144860922871  -0.0134789648163  -0.00344431914245
38  -2.97803013989e-05  -0.000789015988066  0.00121830098368
39  -0.000367731211056  0.000220852231025  0.000337803672578
40  -0.000130494860924  -0.000686768959135  0.00132399151143
41  -0.00173649340545  0.000586330109433  0.00125516869123
42  7.62917808053e-05  -4.12923106264e-05  6.76376114495e-05
43  3.69148425948e-06  -0.000146873290821  -0.000672897727148
44  6.26372259143e-06  -0.000123914115917  0.000180369933179
45  -2.77605706308e-05  6.06431981067e-05  -6.50473530173e-05
46  -3.90769344415e-05  -0.00246298083977  0.00376064753434
47  -0.000202975487965  -0.000908936852908  -0.00252066081104
48  -0.00148364120215  -0.00779982782676  0.0112470746038
49  -0.00018024917737  -0.0048788737842  0.00693842544977
50  -0.0113462969027  0.00149676431103  -0.000659951931062
51  -0.00148394435883  -0.00528556903594  -0.0110496771082
52  -2.34168305947e-05  -3.34299635341e-05  3.29552112133e-05
53  -1.4465984084e-05  -0.000326528493666  0.000318237452373
