1  2.49136990226e-07  0.0101280868329  0.00220075488634
2  0.00831308113289  0.000592145960307  -0.00905843831942
3  0.00657580207242  -0.00165513448684  0.000260747297783
4  -0.00130938913664  0.00451592223641  0.00259141003534
5  0.000138181031266  0.00329271107722  -0.00498635689868
6  0.00115163167658  0.000298420694474  -0.00133402044645
7  0.000134972538254  0.000355105049188  0.000817952284526
8  0.000228437626703  0.000181402129786  -0.000230608338387
9  8.9120989169e-05  0.000317438005582  -2.73189670989e-05
10  0.000157559180841  0.000105671666328  -0.000410000273532
11  0.000201568285372  7.81472711504e-05  0.000504371070569
12  3.24570814296e-05  3.4345903807e-05  -0.000170759621569
13  4.49946917616e-05  -3.81404983002e-05  -4.08195828507e-06
14  0.00067371671852  2.7527066246e-05  0.000129352128389
15  0.000106587431687  -2.99062284758e-05  0.000108187528561
16  -4.03523661775e-05  3.13747448805e-05  4.32722892629e-05
17  3.41164483221e-05  0.00013563554793  0.000392935132833
18  0.000220022884373  7.16136150316e-06  -0.000367515576027
19  3.25760546493e-05  0.000119793315274  -0.000392950200848
20  0.000669566347894  -0.000167251096382  -8.08893222679e-06
21  0.000560394345367  -4.28337233248e-05  -0.000314233077205
22  0.0024353763282  0.000175794254494  0.00285030865256
23  0.00479883651256  -0.0015929377283  0.000113766165051
24  -0.00131573560844  0.00688322666258  -0.00410187831614
25  0.000684716309401  0.00680006277974  0.0085289187887
26  2.43792176829e-07  0.0101395347384  -0.00220736654367
27  0.0083121549074  0.00222798515929  0.00860682469112
28  0.000134599001788  0.00112576673215  -0.00116549713277
29  0.00100531758337  2.39870325339e-06  0.00177596796798
30  -4.37779388396e-05  0.000290501892045  0.000254412389767
31  0.000213576111096  0.000371333757631  -0.000818874961922
32  5.58125268954e-06  0.000559061602365  -0.000622431199562
33  9.27393414482e-05  0.000128614774388  0.000142806999925
34  0.000216363955781  8.42730414671e-05  0.000506689896332
35  -7.47792837252e-05  0.000326455408653  -0.000130089603408
36  0.000662703346947  0.00701988390956  -0.00912477913991
37  -0.00140587980284  0.0102326509042  0.00197003456924
38  0.000554141472029  0.00155800378167  -0.00318631937549
39  0.00145073491849  -0.000544601028531  8.80715435939e-05
40  5.21959889557e-05  0.00205064355293  -0.00268762900453
41  0.00246360634197  -0.000516125910675  -0.00240081033356
42  0.000268200153001  0.000428501915145  0.000637967880336
43  0.000817418108304  0.000102307243781  0.00188676304661
44  0.000796474314855  0.00046545612306  -0.00150726784129
45  0.000195023932972  0.000334058640962  0.000704064096831
46  0.00035891642113  0.00308711748146  -0.00523015627608
47  0.000111869552257  0.00180638705358  0.00339980888761
48  0.00104232072257  0.00661774052188  -0.00968589264443
49  0.000365081400548  0.00522183256633  -0.0077384023578
50  0.00890217123481  -0.00147018890026  0.00101961005344
51  0.00103856926417  0.00393466185372  0.00763263125168
52  0.00060929412197  0.000273161765592  0.000389035188364
53  0.000140957660472  0.00131937782111  -0.00106484585888
