1  -5.78282772154e-08  -0.0121889234666  -0.00238823580106
2  -0.0119532884332  -0.000471792962699  0.0113161841822
3  -0.0157468015242  0.00400118744094  0.0002606412526
4  0.00216697630159  -0.0116733207841  -0.00710608674966
5  -0.000533104786762  -0.00747638665687  0.0102964323906
6  -0.00351959305434  -0.000795980514143  0.00386785201896
7  -0.000257479464069  -0.000964145957821  -0.00195502520721
8  -0.000619993073441  -0.000877335510142  0.000980651379168
9  -0.000320081943979  -0.00118386406391  0.000535190623886
10  -0.000447594358674  -0.000299185258456  0.00108283319595
11  -0.000507593622581  -0.000165995707103  -0.00119088256801
12  -0.000145827679133  -0.000303289880087  0.000549252623221
13  -4.34594440886e-05  7.92943022987e-05  -0.000130109923859
14  -0.00164415655997  -0.000237442602407  -0.000444327286284
15  -0.000405435879307  -5.64509006846e-05  -0.00045639354808
16  4.85122277261e-05  -2.49392570559e-05  -0.000153294573892
17  -0.000146731867748  -7.20326858889e-05  -0.000645364795804
18  -0.0005014746374  -0.000341869353965  0.00113701814672
19  -0.000145853876203  -9.12121957174e-05  0.000644542687715
20  -0.00165026007875  0.000410336378692  0.000151036098004
21  -0.00162763245496  0.000127397564757  0.00101888893849
22  -0.00717038248746  -0.000783974692373  -0.00805081344896
23  -0.0124590303746  0.00301827398825  -0.00118510445208
24  0.00217020873465  -0.0115372198101  0.00568238674024
25  -0.0013946251332  -0.0113907750299  -0.0126357140167
26  -5.82466073178e-08  -0.0121660374481  0.00237559219328
27  -0.011925025064  -0.00319579510518  -0.0123466523766
28  -0.00026936097117  -0.00304483526071  0.00258699007177
29  -0.00309609491355  -0.000317781693891  -0.00502091396049
30  0.000152578654743  -0.000979370069832  -0.000235864234324
31  -0.000488114522901  -0.000778372900274  0.00152727955034
32  -0.000134426314056  -0.00113455506422  0.0012035700243
33  -0.000321549780501  -0.000404160028948  -0.000383730652681
34  -0.000485145844766  -0.000173090730363  -0.00119931128701
35  0.000132064220455  -0.000889467981063  0.000355620233955
36  -0.00135864563476  -0.0111668850754  0.0138588006977
37  0.00157073238364  -0.0138527899329  -0.00400913278913
38  -0.00165524316063  -0.00358199350914  0.00760827203778
39  -0.0042673653852  0.0016611509069  -0.000202398252147
40  -0.00011901604019  -0.0051109339702  0.0060661515039
41  -0.00724089099123  0.00140729610419  0.00689649924887
42  -0.000825070699099  -0.00104921771586  -0.00147874428538
43  -0.0023188542282  -0.000266257513892  -0.00566690758838
44  -0.00228881169374  -0.00102185864525  0.0036097340656
45  -0.000492090642113  -0.0010630047427  -0.00203801722433
46  -0.0013210543603  -0.00670615472235  0.0111905043083
47  -0.000450697966603  -0.00530577255152  -0.00986733830442
48  -0.00206716208609  -0.0104252944444  0.0148085926598
49  -0.00120297146425  -0.00819677717201  0.0130754508737
50  -0.0142722745367  0.00163144988905  -0.000783572896112
51  -0.00200187859492  -0.00985288974203  -0.0180256525238
52  -0.00178830491961  -0.000817706724115  -0.00112968835147
53  -0.000361740369278  -0.00399633577732  0.00305784938881
