1  -1.1981491086e-07  0.008026340629  0.0020697569041
2  0.00676427343478  0.000215682771149  -0.00732971201026
3  0.00952320026437  -0.00197380320575  -0.000384587956033
4  -0.00232909464726  0.00947852989475  0.00445213240504
5  0.000360727084472  0.00819492133971  -0.0111210405196
6  0.00367425893038  0.000961987011381  -0.0035933423197
7  0.000361231933919  0.00117471882515  0.00240919449057
8  0.000753744735083  0.00114343449049  -0.00126428386277
9  0.000410539160934  0.00148763538235  -0.000759335279495
10  0.000672204804072  0.000327599786674  -0.00137557519756
11  0.000653746385095  0.000257918345664  0.00164708407465
12  0.000203674209231  0.000366787008105  -0.000755143446913
13  9.98002657097e-05  -0.000111540863392  0.000131972258665
14  0.00203508251805  0.000362899545903  0.000398411820847
15  0.000542710824323  2.29580628092e-05  0.000567539185099
16  -8.28966047765e-05  6.54600529186e-05  0.000203406042531
17  0.000202935454604  0.000184528143991  0.00104681630152
18  0.000659610777271  0.000422042610318  -0.00148922766461
19  0.000203533242522  0.000179937641152  -0.00104966731542
20  0.00204246190573  -0.00048017328903  -0.000155037438216
21  0.00183150450701  5.85362280274e-05  -0.00102932973424
22  0.00613151876478  0.000597342860278  0.00700141191439
23  0.00987511791835  -0.00273920222687  -0.000536770741596
24  -0.00233123109147  0.0125685068979  -0.00656410375101
25  0.000863009255998  0.00747559970218  0.00899106713807
26  -1.22851352362e-07  0.00803081358912  -0.0020685571333
27  0.00679929494517  0.0018206351933  0.0070367720047
28  0.000365848145794  0.00375618307311  -0.00315393603956
29  0.00326055621879  0.000401270592797  0.00512090952524
30  -0.000189980500246  0.00127791021427  0.000349274874808
31  0.00069821592263  0.0010819113338  -0.0021917994052
32  0.000138469869622  0.00161125724633  -0.00166438902531
33  0.000414273590564  0.000582409376746  0.000717698418046
34  0.00069674601108  0.00021869407025  0.00162001211007
35  -0.000194294171457  0.00119475347086  -0.000308247723059
36  0.00083651682389  0.00864846363705  -0.0109826171992
37  -0.00133620479118  0.00831442262913  0.00187248605302
38  0.00215173480096  0.00438693605349  -0.00972227437618
39  0.00430147096097  -0.00135914740627  0.00105669471413
40  -3.92037679302e-05  0.00656949061472  -0.0075307343844
41  0.00620313224016  -0.000637087076254  -0.00655953622068
42  0.00101548236996  0.00138151910746  0.00169623369696
43  0.00287705178977  9.20194499741e-05  0.00504864664612
44  0.00281571609378  0.00129467707255  -0.00440145601718
45  0.000682252382449  0.00124052672769  0.00205692009684
46  0.00144579604368  0.00712389241785  -0.0123248590908
47  0.000297463146953  0.00522288787759  0.00800621528299
48  0.00144366613856  0.00802556577936  -0.0117789757292
49  0.00110554905322  0.00914147408754  -0.014111693703
50  0.00972033492856  -0.00138941539224  0.000947333933409
51  0.0013976455761  0.00615835794989  0.0104579649116
52  0.0019840420019  0.00109534223355  0.00101315618819
53  0.000550999122428  0.00410205382018  -0.00279310897644
