1  8.97964463066e-08  -0.0075796336937  -0.00162250626902
2  -0.00729073550654  -0.000222420926221  0.00705017194819
3  -0.00793369145749  0.00220096122923  -0.000111876932356
4  0.00127953742629  -0.00536013547023  -0.00345684003863
5  -0.00020131820275  -0.00331594979804  0.00503855689301
6  -0.00123641045725  -0.000239525906013  0.00143697643358
7  -8.66771424131e-05  -0.000287759935233  -0.000630131706707
8  -0.000184142247192  -0.000193240961497  0.00022341094239
9  -8.59992800117e-05  -0.000296297679946  7.43585305301e-05
10  -0.000106469649923  -9.58714393793e-05  0.000318421846874
11  -0.000148520328007  -5.36588441936e-05  -0.000339228988738
12  -3.44308024812e-05  -8.68445517399e-05  0.000131716825784
13  -1.41665503122e-05  1.80602744199e-05  -2.3883610804e-05
14  -0.000516912896169  -3.83754368412e-05  -0.000158146399391
15  -9.41134108034e-05  -1.0542266514e-05  -0.00010774673228
16  1.0750264375e-05  -1.48269794521e-05  -2.48367017055e-05
17  -3.27275365702e-05  -2.36867635312e-05  -0.000191440652162
18  -0.000142213867464  -5.68298507192e-05  0.000296215314217
19  -3.42966374082e-05  -3.74810896354e-05  0.000189816457747
20  -0.000516270588939  0.000136065882054  2.43598888323e-05
21  -0.000517513809318  9.16685093594e-05  0.000360937061578
22  -0.00291365272329  -0.000230333144499  -0.00338689406643
23  -0.0057494288702  0.00169489941142  -0.000602331879212
24  0.00127945552257  -0.00615196583875  0.00346244276214
25  -0.000711066120249  -0.00646797024729  -0.00748341310293
26  9.34687683964e-08  -0.00755769314294  0.00162486099038
27  -0.00729486100058  -0.00195493598341  -0.00755274424324
28  -9.02730590865e-05  -0.00103472999334  0.000948340490957
29  -0.0010862969845  1.09541461908e-05  -0.00196794677694
30  5.93539102226e-05  -0.000241310370315  -9.0259273545e-05
31  -0.000144894430193  -0.000229050697738  0.000487732217977
32  -2.3229578557e-05  -0.000347034049726  0.00037525623912
33  -8.14682360578e-05  -9.65288473899e-05  -5.78591905926e-05
34  -0.000142524918626  -4.79110858265e-05  -0.000335302914805
35  3.42646481024e-05  -0.000247117406533  0.000140090477057
36  -0.000695698238867  -0.00631723944072  0.00811358694313
37  0.00107441593225  -0.00854821478648  -0.00243035956753
38  -0.000532749154261  -0.00153998629845  0.00311431426146
39  -0.00151711886865  0.000624588151899  1.95056864808e-05
40  -6.70637605877e-05  -0.00201057755475  0.00264901972171
41  -0.00294156604366  0.000692352098378  0.00274287771256
42  -0.000236614179579  -0.000309853746009  -0.000501366952825
43  -0.00077855705209  -0.000119634771967  -0.00207041227436
44  -0.000759362773523  -0.000365174287331  0.00129796884017
45  -0.000125809635137  -0.00033199622911  -0.000712254623901
46  -0.000364939686786  -0.00316096513703  0.00522484894033
47  -0.00016708216811  -0.00204663407797  -0.004118920688
48  -0.00101943779619  -0.00596044106279  0.00855684964119
49  -0.000362274323465  -0.00454279149514  0.00706096649418
50  -0.00825602200226  0.00111502841375  -0.000609825226482
51  -0.00100421905386  -0.00477883910218  -0.00932735477725
52  -0.000590845940737  -0.000216808733465  -0.000431088602812
53  -7.63079492016e-05  -0.00142114924728  0.00114706789765
