1  7.54366522898e-08  -0.00978130976416  -0.00186005301046
2  -0.00912855154279  -0.000512764022779  0.00896019404114
3  -0.00748296321129  0.00211432493574  -0.000541334115272
4  0.0010529915496  -0.00399971601518  -0.0028540963855
5  -0.000173281531803  -0.0021640088144  0.00369179802423
6  -0.000539468613072  -0.000116075709342  0.000671064438747
7  -7.09483694989e-05  -7.14113113744e-05  -0.000271677459645
8  -7.21602118561e-05  -9.99450060021e-05  0.000137111575751
9  -3.75477103833e-05  -0.000131935439479  7.02649508322e-05
10  -6.35735192062e-05  -1.90994373958e-05  0.000134152112915
11  -5.33950118474e-05  -4.28602098195e-05  -0.000147332894899
12  -2.66164849327e-05  -4.35787485967e-05  6.78866449212e-05
13  -3.74981150612e-06  8.54244024391e-06  -2.49399537934e-05
14  -0.000198097997968  -3.36710257782e-06  2.32609890991e-05
15  -6.63149105846e-05  -5.35960471492e-06  -5.72553924906e-05
16  1.20696825627e-06  -1.30527530018e-05  -1.58871929705e-05
17  -3.01594951464e-05  6.974269901e-06  -0.000105355929719
18  -4.53577592936e-05  -4.72437049882e-05  0.000170187605839
19  -2.64601140389e-05  -4.36487126065e-06  8.22326439695e-05
20  -0.000184714491146  5.27817423898e-05  -7.35929640622e-05
21  -0.000186233341418  6.10227935594e-05  9.33045515053e-05
22  -0.00175235704449  -0.000141547980259  -0.00206583768435
23  -0.00433745067742  0.00141451570837  -0.000690682738483
24  0.00105397666457  -0.00529205383962  0.00340752173242
25  -0.000747636030739  -0.00720845893729  -0.00832200527942
26  6.96308155185e-08  -0.00975249570754  0.00184411963174
27  -0.0091107982963  -0.00243887511598  -0.00942764374754
28  -6.92133160273e-05  -0.000372678076897  0.000444086057582
29  -0.000468795598204  7.4368681788e-05  -0.000979343398434
30  4.93290764956e-05  -0.000107493999717  1.48534908045e-05
31  -8.01103139282e-05  -3.31523627408e-05  0.000184080446588
32  2.36912370695e-05  -0.000165038484846  0.000108274989587
33  -2.15672140814e-05  -4.74481614791e-05  -6.45492497247e-05
34  -8.86573968853e-05  1.18833595522e-06  -0.000152411087824
35  2.45305596808e-05  -0.000131034890097  3.77561212173e-05
36  -0.000724386091549  -0.00680316371133  0.00858501470825
37  0.00122225928954  -0.0107591491406  -0.0027766833279
38  -0.000172742075385  -0.000886122158031  0.00160905240603
39  -0.000688909286995  0.000312313516017  0.00015376489246
40  -8.74158183555e-05  -0.000972199769715  0.00153432648281
41  -0.00178596491161  0.000526511165393  0.00147892935659
42  -4.68768043069e-05  -0.000138698200501  -0.000155675152763
43  -0.000258115830208  -0.000111907646762  -0.00100742054367
44  -0.000255602136682  -0.000196169057614  0.000555025469655
45  -6.08232528286e-05  -9.0494047598e-05  -0.000286936455154
46  -8.68457577469e-05  -0.00224909972354  0.0035708889606
47  -0.000137277789996  -0.00109006408584  -0.00254922706342
48  -0.00114323364161  -0.00636530797339  0.0091961341703
49  -0.000150006325619  -0.00409721132007  0.00597346439197
50  -0.00913612922417  0.00126261979898  -0.000602690354819
51  -0.00114017229124  -0.00431937846833  -0.00898895388788
52  -0.00022752435215  -9.52206291758e-05  -0.000131437653385
53  -3.51677741885e-05  -0.000622267554483  0.000550070839061
