1  -9.84325311204e-08  0.00995872000773  0.00224213999478
2  0.00820527317408  0.000525336236665  -0.00895463658014
3  0.00798608337813  -0.00184091959829  3.304601893e-05
4  -0.00176234079908  0.00651130400987  0.00337841811221
5  0.000208595731927  0.00515156048283  -0.00734774526335
6  0.00192943018063  0.000435596200267  -0.00204301795738
7  0.000165472669563  0.000534170640121  0.00113005646352
8  0.000340084660743  0.0004851787828  -0.00054395272589
9  0.000175918125506  0.000645916881356  -0.000307503649624
10  0.000270064221778  0.000153150825193  -0.000614159425015
11  0.000273477998537  0.000113505616647  0.000714736719875
12  8.26968384694e-05  0.000156313637147  -0.000306499334631
13  3.74799703285e-05  -4.27598976714e-05  5.43406020207e-05
14  0.000941948608051  0.000136133064596  0.000222946382889
15  0.000223685397232  1.56866759268e-05  0.000237414091164
16  -3.23832252514e-05  2.21788664661e-05  8.44405937586e-05
17  8.34353995793e-05  6.1089404649e-05  0.000422619548721
18  0.000281199444833  0.00017114779089  -0.000641610777396
19  8.25500065018e-05  5.41914366486e-05  -0.000423586190342
20  0.000944988707569  -0.000231886753425  -5.69482682779e-05
21  0.00088236515758  -4.44097093453e-05  -0.000555058227336
22  0.00375400525592  0.00030722805177  0.00436594437514
23  0.00684203422736  -0.00210111586624  -0.000119389640361
24  -0.00176134142307  0.00932241259146  -0.00518803984716
25  0.000806975722745  0.00740635179864  0.0091450985926
26  -9.86987968415e-08  0.00996073021904  -0.00224557806221
27  0.0082443432555  0.00221000198843  0.0085369821008
28  0.000170015018213  0.00185279173735  -0.00161999957185
29  0.0016986406165  9.10623915467e-05  0.00287777153799
30  -8.62079718274e-05  0.000543149658648  0.000162183603119
31  0.000303601482435  0.000465731686362  -0.00095797939953
32  5.07312836323e-05  0.000701696010002  -0.000719259151861
33  0.000180479258124  0.000238850818617  0.000250666861208
34  0.000304038276324  9.09495751831e-05  0.000698512384011
35  -9.1674710938e-05  0.00051323616322  -0.000167106272979
36  0.000784723540763  0.00799105644043  -0.0103090649134
37  -0.00144945241573  0.0101800123521  0.00200571367791
38  0.00106515194771  0.00248112826749  -0.00532407227542
39  0.00230760334717  -0.000823141801508  0.000349317761222
40  1.85540858369e-05  0.00352011030895  -0.00428304817793
41  0.00380428266217  -0.000616900675975  -0.00386346307528
42  0.000466339309105  0.000613826053959  0.000836223785877
43  0.00140305133944  9.41777030143e-05  0.00288547316976
44  0.00137609675644  0.000641250889839  -0.00223450263025
45  0.00027704733963  0.00058104769932  0.0010786606872
46  0.000754658372649  0.00461772560771  -0.00795008093754
47  0.000165548850603  0.00298388782117  0.00510069611362
48  0.00124404050017  0.00751121713155  -0.0109564891859
49  0.000668629330901  0.00690901531313  -0.0104848399725
50  0.00971567999454  -0.00150614091372  0.00106971005406
51  0.00122781041581  0.00496246106802  0.0090406093965
52  0.000962840730977  0.000467443112359  0.000569519184594
53  0.000204345448652  0.00217786454168  -0.00160553506835
