1  1.6065925546e-07  0.0161357253102  0.00337833469293
2  0.0126701347319  0.0011705888092  -0.0143273745784
3  0.0122550264334  -0.00211719746379  0.000118504972511
4  -0.00251117627923  0.0102596885264  0.00484707116166
5  0.000439851771122  0.00841066720229  -0.0113279097495
6  0.0028358097129  0.000640264231728  -0.00282001203801
7  0.000235309198809  0.000736921436073  0.00155108797337
8  0.00044868671147  0.0006421262458  -0.000699703540552
9  0.000239921676338  0.000848061032743  -0.000399508133777
10  0.000381258269446  0.000197347157773  -0.000816835740254
11  0.000374110843158  0.000163442251091  0.000964129499475
12  0.000107064567968  0.000187581400246  -0.000397380564655
13  5.44248075276e-05  -5.93280705176e-05  6.41647078857e-05
14  0.00130083231316  0.000201679285512  0.000312162070983
15  0.000285191674273  5.84045605765e-06  0.00029340712124
16  -4.58301280518e-05  3.68604519728e-05  0.000104543835187
17  0.000107220436561  0.000103244500656  0.000599819320897
18  0.000382036501448  0.000210176796406  -0.000833684477169
19  0.000106910581466  9.74191025608e-05  -0.000600243150505
20  0.00130421733061  -0.000312019998315  -7.01790486278e-05
21  0.00122469438079  -2.00507244985e-05  -0.000713153037364
22  0.00563966379223  0.000607151760927  0.00639852338242
23  0.0106997448411  -0.00297096348352  -0.000509114701933
24  -0.00251150997991  0.0156392378187  -0.00840687077532
25  0.00142572281706  0.0123372790759  0.0147723798123
26  1.65489251539e-07  0.0161558450363  -0.0033781831421
27  0.0127274139283  0.00341749829916  0.0131902872465
28  0.000243994903854  0.00269796231407  -0.00230507922287
29  0.00250447154858  0.000242894944959  0.00405932707014
30  -0.000116331762505  0.000705411204383  0.000233120037903
31  0.000419618331372  0.00065548449529  -0.00134984789097
32  7.37797785235e-05  0.000980515924232  -0.00102479761018
33  0.00024564431345  0.000334649328974  0.000393020759422
34  0.000417683617504  0.000121288623052  0.000937644860469
35  -0.000113785965911  0.000696226252879  -0.000201814576416
36  0.00138253912633  0.013055991605  -0.0160100843304
37  -0.00218159388852  0.0160107738139  0.00253306414102
38  0.00176068065661  0.00376082972392  -0.0081568013233
39  0.00329954297029  -0.00113489330885  0.000587256934052
40  2.72507565868e-05  0.00548718672822  -0.00643340329599
41  0.00572138249512  -0.000724041288075  -0.00572138337056
42  0.000645561131177  0.000850011674233  0.0011386270699
43  0.00205782127827  0.000132345927015  0.00405867684367
44  0.00201918880621  0.00091507818203  -0.00320581499057
45  0.000421461278609  0.00080770159091  0.00143616293175
46  0.00155293267359  0.00731843384114  -0.0125560584944
47  0.000370689660172  0.00456995353906  0.0074313903523
48  0.00242772393745  0.0119942517843  -0.0174630895345
49  0.00152752012701  0.0116287874159  -0.017176248737
50  0.0160199388633  -0.00226620430833  0.0015210184967
51  0.00239392222965  0.00781378757689  0.0132385673257
52  0.00132783424204  0.000667626318964  0.000768925755611
53  0.000330162454417  0.00316657115983  -0.00219321264515
