1  1.36871977492e-07  -0.00369821336299  -0.00115852910735
2  -0.00393276037463  0.000203494674726  0.00364821205333
3  -0.00800657266971  0.00216439825957  0.000655227615527
4  0.00158210515887  -0.00741907572615  -0.00424429129497
5  -0.000260577511168  -0.00521609203821  0.00716981603842
6  -0.00263462295318  -0.000616655781896  0.00295104663575
7  -0.000212279398983  -0.00076593617548  -0.00157254523176
8  -0.000487725427884  -0.000615360606889  0.000692221974761
9  -0.000237200373467  -0.000876734538804  0.000321250369513
10  -0.000345109342946  -0.000239069765504  0.000864555465422
11  -0.00042275806214  -0.000139689331886  -0.000965284660139
12  -0.000104696681061  -0.000229800903355  0.000415318952898
13  -4.51011612478e-05  6.63705430653e-05  -8.08401545694e-05
14  -0.0013142652231  -0.000156083121109  -0.000337597191064
15  -0.000292986840941  -2.9638684184e-05  -0.000332643767614
16  4.27137507723e-05  -3.80695412605e-05  -9.677259402e-05
17  -0.000102487008872  -9.6498541479e-05  -0.000573487108587
18  -0.000400949073465  -0.000208676318219  0.000854142639572
19  -0.000104555365893  -0.000114080235065  0.00058191310909
20  -0.00133295048568  0.000334437756544  0.000105428878748
21  -0.00126232692632  0.000104848022275  0.000783381505215
22  -0.00498994244476  -0.000452715092804  -0.00570044561749
23  -0.00787042958485  0.00205826372362  -0.000369837542828
24  0.00159254893792  -0.00721618138016  0.00331663114658
25  -0.000608742332539  -0.00475356458842  -0.00561045211
26  1.35716161018e-07  -0.00369357615781  0.00114837002209
27  -0.00391962272317  -0.00104642099047  -0.00405047572331
28  -0.000223591332414  -0.00238355447855  0.00210209267031
29  -0.00232505997871  -0.0002037030401  -0.00382528096521
30  0.000136596640846  -0.000729290419953  -0.000247499283871
31  -0.000400910745523  -0.000650714135174  0.00132822124899
32  -9.39469866117e-05  -0.000948834586095  0.00103367109336
33  -0.000240409471197  -0.000299250842285  -0.000291223592798
34  -0.000391694119012  -0.00014117914996  -0.000955519838268
35  0.000100379954164  -0.0006937270316  0.000295232148252
36  -0.000582337381599  -0.00506216289062  0.00677930080145
37  0.000750606421524  -0.00443869033217  -0.00167863231323
38  -0.00123005810725  -0.0027230571519  0.00580774868327
39  -0.00323349408035  0.00124211215048  -0.000222911633437
40  -6.40646174524e-05  -0.00390449814428  0.00463919126451
41  -0.00502800799229  0.000956790515284  0.00504051279363
42  -0.000625259241315  -0.000844207966189  -0.00121138067323
43  -0.00180327065973  -0.000172456726431  -0.00424252577271
44  -0.00175943718168  -0.000825062307434  0.00287256645482
45  -0.000382380820217  -0.000818625009812  -0.00157913647985
46  -0.000875122115342  -0.00460019709384  0.00787242796614
47  -0.000211172913179  -0.00381566673505  -0.00690396713001
48  -0.000713911920699  -0.00492949005047  0.00694900819824
49  -0.000694343981129  -0.00493235285366  0.00840179348606
50  -0.00609066708752  0.000785889227592  -0.000541363361494
51  -0.000683690460566  -0.00516587847739  -0.00912797648143
52  -0.00139446096934  -0.000625506579629  -0.000901091069724
53  -0.000283294865629  -0.00301076500162  0.00234733790706
