1  2.0832877521e-07  0.0154970340406  0.00323365328315
2  0.0121836095702  0.00111177721445  -0.013704324358
3  0.0110748505299  -0.00210743344155  0.000156078652634
4  -0.00229462066535  0.00899261679605  0.00439694912286
5  0.000347400304552  0.00729954398377  -0.0100426805457
6  0.00252991869395  0.000578093629451  -0.0026012032953
7  0.000212344549891  0.000690036018631  0.00144213213413
8  0.00041764338413  0.000535867260119  -0.000595241634065
9  0.000211715966158  0.000735249304648  -0.000301709497388
10  0.0003275553535  0.000185724277443  -0.000741689497577
11  0.000348706447763  0.000141675529866  0.000876512901082
12  8.33805426196e-05  0.000160840775236  -0.0003397211879
13  5.4415676339e-05  -5.44952245156e-05  3.85000784791e-05
14  0.00120659923257  0.000160048612947  0.000300826215755
15  0.000237533557787  2.93590402597e-06  0.000257462614371
16  -4.57907950737e-05  4.00604581767e-05  8.12611702612e-05
17  8.35756614271e-05  0.00010986046582  0.000571132714773
18  0.000354786023942  0.000151780962779  -0.000727700206939
19  8.32719219039e-05  0.000103371677075  -0.000568279664409
20  0.00121237593766  -0.000289647204229  -8.66636639288e-05
21  0.00111757757769  -3.13499978907e-05  -0.000673029506836
22  0.00500204110453  0.000487313477433  0.00572344574435
23  0.00939885693344  -0.00271935273773  -0.000355575378846
24  -0.00230171718599  0.013712789666  -0.00749985376135
25  0.00126876244555  0.0112625663785  0.0136751245331
26  2.06291166696e-07  0.0155069055558  -0.00323866250126
27  0.0122186858881  0.0032805300727  0.0126623486215
28  0.000216785442223  0.00243140894541  -0.00212619886481
29  0.00223205593081  0.000174910361111  0.00367798491946
30  -9.93908605193e-05  0.000607878941496  0.000259598886543
31  0.000375746884682  0.000626664208394  -0.00127740076512
32  6.31873996207e-05  0.000913322067025  -0.000984075212558
33  0.000214246780076  0.000292777675754  0.000322066928989
34  0.000376594769171  0.00011641625497  0.000863173472269
35  -0.000110753361457  0.000623359829754  -0.000202531389274
36  0.00123796462948  0.0118866197886  -0.0148347688195
37  -0.00207189388681  0.0153236070289  0.00246930100257
38  0.00149888657685  0.0033373284005  -0.00718841119817
39  0.00298768146258  -0.00103990415634  0.000493931812349
40  2.51447653245e-05  0.00480421426647  -0.00572092888979
41  0.00506877228516  -0.000712305200782  -0.0050990272069
42  0.000589925758518  0.000771212856669  0.00108311152226
43  0.00184422988635  0.000119799078915  0.00368991193538
44  0.00179994559679  0.000837217252887  -0.00293458820826
45  0.000375759042166  0.000737234954249  0.00133979486277
46  0.00124508793266  0.00642548287607  -0.0110321482367
47  0.000291523660761  0.00401482539761  0.00667153815416
48  0.00208890172439  0.0110124455457  -0.0160358424948
49  0.00122444533562  0.0102121813189  -0.0151463360952
50  0.0146411263457  -0.00216127406942  0.0015025378678
51  0.00205500916675  0.00697653150979  0.0121493008394
52  0.00122270023519  0.000586318435732  0.000734283023633
53  0.000284390199619  0.00283774120621  -0.00202417508412
