1  -9.0611770667e-08  -0.00190218481609  -0.000284134889117
2  -0.00162925873205  -0.000188050437564  0.00169048850047
3  -0.000391999755667  0.000142871363479  -0.000155724234685
4  3.73810674987e-05  -1.12613448262e-06  -7.09957919121e-05
5  1.60966079669e-05  5.76884564143e-05  1.30876752118e-05
6  -7.00908582331e-05  -6.35656389782e-05  7.65124299168e-05
7  -4.31304120532e-05  -4.60560780341e-05  -0.000151143922851
8  -6.11035131929e-05  -0.000188280518309  0.000213138213421
9  -4.86939700105e-05  -0.000208626610042  0.00018056700006
10  -9.2896575174e-05  -1.52300782225e-05  0.000140131933343
11  -5.81723129622e-05  -3.40820576425e-05  -0.000167614737697
12  -4.47267302508e-05  -8.25381256613e-05  0.000126711382736
13  -5.2334924332e-06  1.27270591557e-05  -4.64639221077e-05
14  -0.00012167351445  -4.77756334564e-05  5.30059545822e-05
15  -0.000102038085528  -1.26057836469e-05  -9.62497542645e-05
16  9.97925184006e-07  -5.16257774077e-06  -3.82055617376e-05
17  -4.4231530902e-05  3.27371062461e-05  -9.09005255346e-05
18  -4.85753688102e-05  -0.000110178768493  0.000218657238502
19  -4.47578333427e-05  1.48333762555e-05  8.65856926597e-05
20  -0.000113740721124  2.82068768651e-05  -3.69643970258e-05
21  -9.29520483877e-05  -1.24353936733e-05  1.6421851943e-05
22  -1.27773066078e-05  8.9642793899e-06  -2.12588370425e-05
23  -2.47267139851e-06  4.87827292698e-05  -4.51161011387e-05
24  3.76166329031e-05  -8.07446754221e-05  0.000189568082653
25  -6.01971772601e-05  -0.000818036615461  -0.00101733227544
26  -9.49192211873e-08  -0.00189393610014  0.000281424414297
27  -0.00163402411018  -0.000437572811772  -0.00169115880815
28  -4.17353845443e-05  -9.34513734535e-05  9.50799248871e-05
29  -6.94420922001e-05  -1.46147884864e-05  -9.47144803622e-05
30  3.68485424805e-05  -0.000185587888215  5.55477926291e-05
31  -7.78597966753e-05  -1.83747366304e-05  0.000112522907762
32  1.03771789765e-05  -0.000113671626835  3.3674684498e-05
33  -4.03099184646e-05  -7.01329218309e-05  -0.00011942313118
34  -7.76860616009e-05  -5.20844842248e-06  -0.000157821749174
35  2.45768579768e-05  -0.000137055500352  -3.53280742432e-06
36  -5.65828686779e-05  -0.00068485566312  0.000875891749116
37  0.000188507738289  -0.0020136035633  -0.00036960595278
38  -4.70046318581e-06  -3.49088336773e-05  6.3558710342e-05
39  -0.000105809058623  2.56797157987e-05  -2.4910917505e-05
40  -5.90102711747e-07  -4.72289376799e-05  6.09827025942e-05
41  -7.78473633281e-06  2.67043060173e-06  4.83746274757e-05
42  -3.62027108622e-05  -0.000120393063152  -3.32099922951e-05
43  -7.59817594627e-05  -2.03050664347e-06  -0.00011119520988
44  -6.66378300642e-05  -7.0667081949e-05  0.000116211336
45  -5.58580581936e-05  -5.3478295232e-05  -8.52904850518e-05
46  5.70319453741e-05  1.70048555301e-05  -3.36108172037e-05
47  1.5376368363e-05  -2.17832017839e-05  -2.34480946965e-05
48  -9.51022482968e-05  -0.000643097205251  0.000951077301308
49  7.11949735895e-05  -0.000124393364196  0.0001046845492
50  -0.00108110233806  0.000192291503572  -9.58986832439e-05
51  -0.000107657420784  -0.000157919117382  -0.000543235450525
52  -0.000105863315771  -0.00010958818651  2.03987443359e-05
53  -5.12899417262e-05  -8.52854473064e-05  6.82589643063e-05
