1  4.44511178519e-08  0.014073111817  0.00303728248013
2  0.0111969160387  0.000926129330299  -0.0125475303134
3  0.0113661608367  -0.00209831560567  -4.28276416922e-06
4  -0.00245011231902  0.00992997746083  0.0046920703903
5  0.000404017287221  0.00828182310587  -0.0112117232576
6  0.00312919832518  0.000765784437322  -0.00309450153527
7  0.00029043347778  0.000896755803924  0.00188458858725
8  0.000569643209845  0.000860033992526  -0.000955131748432
9  0.000311526904507  0.00111459405408  -0.000573939786287
10  0.000502426433698  0.000243462723265  -0.00103584520632
11  0.000480158585519  0.000202967254096  0.00123528873581
12  0.000150272273591  0.000264795790404  -0.000548653175025
13  7.13710926493e-05  -7.9837041444e-05  9.66311968678e-05
14  0.00158255691183  0.000267182765677  0.000323983687355
15  0.00040035591844  1.54818941746e-05  0.000413476151572
16  -5.98570202689e-05  4.71855091937e-05  0.000149754746381
17  0.000151461054118  0.000125615657169  0.000777905819713
18  0.000491535379394  0.000310550087584  -0.00111870834626
19  0.000150116917949  0.000119489994417  -0.000771626836066
20  0.00157913078588  -0.00037453547853  -9.33236639596e-05
21  0.00144982277952  1.27323578658e-05  -0.00082720117644
22  0.00577988129945  0.000596841659749  0.00657586590708
23  0.0103552302088  -0.00289177591233  -0.000510202755556
24  -0.00244995061225  0.0145610946906  -0.00781594671305
25  0.00124641461454  0.0108836164487  0.0131063748602
26  4.81758388867e-08  0.0140894453605  -0.00303804235809
27  0.0112488637171  0.00301861985277  0.0116543633708
28  0.000293472264689  0.00307590303779  -0.00260794318168
29  0.00277133227374  0.000298515435971  0.00442905057697
30  -0.000146959359657  0.00094533278727  0.000258111398261
31  0.000531748512465  0.000806438147313  -0.00165857704014
32  9.17613031546e-05  0.0012278774749  -0.00125209017219
33  0.000310094655433  0.000439498956346  0.000531926945634
34  0.000534871152746  0.000155580867363  0.00121607522579
35  -0.000150897619016  0.000904206954181  -0.000238182270223
36  0.00120891005257  0.0117530404009  -0.0145792061714
37  -0.00196072316788  0.0140758011478  0.00239252530285
38  0.00189050922698  0.00396878409348  -0.00867930738331
39  0.00365709015292  -0.00121412475232  0.000753835884695
40  1.35644236167e-06  0.0058465950562  -0.00679443778021
41  0.00585652317554  -0.000689606164664  -0.00599252253605
42  0.000783630635463  0.00105717490485  0.00133274653956
43  0.00235080030929  0.000115715329888  0.00440528466923
44  0.0023033289228  0.00106266191004  -0.00363773344498
45  0.000525211548686  0.000965708181339  0.00166982210564
46  0.0014931501565  0.0072128588017  -0.0124150967369
47  0.0003373335478  0.00477791664396  0.00759309515544
48  0.00210751597958  0.0108358972062  -0.0158170347533
49  0.00135514489606  0.0107798764393  -0.0160990651835
50  0.0141616128169  -0.00203727185094  0.00138379100013
51  0.00207235864024  0.00725034445408  0.0123718095486
52  0.00157503339676  0.000837374440819  0.000839109676617
53  0.000415202748434  0.00349540507809  -0.00240281912564
