1  2.32285296713e-08  0.00998905804978  0.0020761375626
2  0.00817831877742  0.000650491959863  -0.0089015445965
3  0.00549043762371  -0.00142180127072  0.000498714250167
4  -0.0008859553718  0.00279255353555  0.00189957724277
5  0.000144023975668  0.00159360094437  -0.00277979355262
6  3.29745182345e-06  3.86849028914e-05  -4.07738726811e-05
7  8.34787546465e-05  -0.000128037715402  -6.28163152868e-06
8  -4.22666437393e-05  5.35827657276e-05  -6.39091647746e-05
9  -1.96650678638e-05  3.24648679499e-05  -0.000107486422456
10  6.56039943246e-05  -6.03360464676e-05  -3.31730428098e-05
11  -5.01018029392e-05  5.54657645133e-05  7.16023872233e-05
12  3.41917660196e-05  -2.53105431247e-05  -4.96640547879e-05
13  1.44996155465e-05  3.6774039277e-06  9.1119477589e-06
14  -4.41256373298e-05  -7.98305690571e-06  -0.000172624330034
15  3.89844474909e-05  -2.20934487439e-05  -1.51078144272e-05
16  1.23289095732e-06  -6.77392955741e-06  3.42639289115e-05
17  3.22844154856e-05  -3.12754218962e-05  3.30344966343e-05
18  -3.01288024531e-05  4.81602762819e-05  -5.80787291549e-05
19  3.42298991099e-05  -3.39719571136e-05  -4.75659063746e-05
20  -4.11500423477e-05  1.19551114729e-05  0.000201859984723
21  -5.23156226072e-05  -2.52904791355e-05  0.000171538021408
22  0.000904545581563  0.000106886035464  0.00102266459752
23  0.00300104229955  -0.00111169190203  0.000321497154899
24  -0.000890574960278  0.00516407806  -0.00342014945468
25  0.000636731447087  0.00635722715038  0.00800769838703
26  1.97893443974e-08  0.00999761376358  -0.00208543853789
27  0.00815159074293  0.00218610001782  0.00844279399863
28  8.93151775869e-05  -0.000130736023417  -0.000106974168657
29  -1.17734129962e-05  -0.00010698633356  0.000140481030946
30  -1.31162152003e-05  5.74989609699e-05  -4.93051343861e-05
31  6.6281573892e-05  -0.000117410316533  -6.77846302333e-06
32  -0.000106806669393  1.45349689407e-05  0.000172698926896
33  -7.8691293855e-06  1.09830229593e-05  0.000127521872211
34  5.95187595387e-05  -4.43956188241e-05  -3.9489244333e-07
35  -4.08174462364e-05  3.23614973164e-05  0.000106853745047
36  0.000620068636289  0.00641533933568  -0.0082574875688
37  -0.00131951005213  0.0100068338186  0.00186629724624
38  -4.7976380642e-05  0.000446240876442  -0.000553798030753
39  5.13439069757e-05  -8.34778856901e-05  -0.000321888451215
40  0.000118610186866  0.000282320875838  -0.000736928942679
41  0.000924055160934  -0.000363604294251  -0.000567333805696
42  -0.000111349223352  5.33160273165e-05  -0.000108090698624
43  -0.00015288924613  0.000127510844757  0.000253547168204
44  -0.000149531726716  9.13814260953e-05  2.23699765257e-05
45  3.91055315955e-05  -0.000124944012905  -7.16147193007e-05
46  3.55593609947e-05  0.00171006091816  -0.00264379561037
47  0.000134756772095  0.000401799930728  0.00136685097654
48  0.000979796223981  0.00602551031557  -0.00880179785015
49  0.000174607311871  0.00412148774738  -0.00568210643492
50  0.00827530798285  -0.00137996224116  0.000974398047072
51  0.000986115326365  0.00316764630341  0.00651768481366
52  -8.66775472844e-05  3.58519518142e-05  -0.000135133392842
53  3.9960258937e-05  6.79822651732e-06  -6.2206514429e-05
