1  -2.16316381728e-08  0.00900252265387  0.00189098120089
2  0.00741164705739  0.00056062925539  -0.00803787654468
3  0.00520390402194  -0.00136809720587  0.000420351662419
4  -0.000884376178767  0.00283187392949  0.00185386556497
5  0.000121305148708  0.00171065067602  -0.0028849364843
6  0.000214186018662  2.99004858808e-05  -0.000282663807936
7  3.83406728532e-05  -3.13709432642e-05  5.26981762655e-05
8  -8.26575379254e-06  4.79511531985e-06  -1.55904591218e-05
9  -1.4653441236e-05  2.84659279622e-06  -2.11748154289e-05
10  1.56753006163e-05  -1.95294239392e-05  -2.51646168037e-05
11  -2.16812432126e-05  2.30580662995e-05  3.67467864329e-05
12  1.09354399664e-05  -1.46755571449e-05  -1.10794343886e-05
13  5.95542055512e-06  2.58839731624e-06  -9.44775716635e-08
14  1.79506028245e-05  -1.60757168658e-05  -4.57709396e-05
15  1.21637329372e-05  -5.26193539216e-06  -7.82469418246e-06
16  -1.48363917151e-08  -2.55673575317e-06  1.24268856764e-05
17  1.16247652061e-05  -4.96561089645e-06  1.36281796218e-05
18  -1.2887925312e-05  7.44207464881e-06  -2.23573734564e-05
19  1.08796458085e-05  -2.14066276545e-05  -1.69734327053e-05
20  2.43097843741e-05  -9.6444804231e-06  8.40525262131e-05
21  2.88084700425e-05  -4.42268646725e-05  1.30481862172e-05
22  0.00107834933675  9.24184317545e-05  0.00126826787633
23  0.00305132286133  -0.00110460747487  0.000280532769858
24  -0.000882626694392  0.00490081130549  -0.00319375594426
25  0.000578128538482  0.00578221241333  0.0072850360912
26  -2.27628902789e-08  0.00901162050479  -0.00189908074949
27  0.00743689695258  0.00199328512983  0.00770035223974
28  4.2883818979e-05  8.62069539746e-05  -0.00019414813861
29  0.000173177536654  -8.49289477666e-05  0.000458493322581
30  -1.11833654181e-05  1.3977849805e-05  -8.13565305328e-06
31  2.91804077182e-05  -3.48211277013e-05  -2.95686543031e-05
32  -4.04520951841e-05  2.51348593684e-05  4.00262376185e-05
33  -3.57949273902e-06  -3.82879235692e-06  2.07586267487e-05
34  2.88012977507e-05  -1.94983787029e-05  7.99509363775e-06
35  -2.18974755096e-05  1.38642650486e-05  2.38573301896e-05
36  0.000562285971666  0.00587151968512  -0.00759739540608
37  -0.00121821460857  0.00916734309177  0.00176129420152
38  6.8012870375e-05  0.000563427400356  -0.000958666444327
39  0.00027582762876  -0.000158148381266  -0.000177045114556
40  7.30180532841e-05  0.000548607625871  -0.000971435429422
41  0.00110473449137  -0.000358260591046  -0.00084856476411
42  -2.40821623554e-05  3.39906082732e-05  2.16271564158e-05
43  3.51730645574e-05  8.71772347809e-05  0.00048827792303
44  4.17478382966e-05  8.39511263197e-05  -0.000188100223513
45  9.07354243498e-06  -2.18596295737e-05  7.17285724693e-05
46  8.03302597558e-05  0.00176312713295  -0.00282982392471
47  0.000101826340262  0.000621834740339  0.00159070186676
48  0.000881692989827  0.00552421971497  -0.00807229673459
49  0.0001727364884  0.00386360105087  -0.00543945459412
50  0.0075980039909  -0.00127040304757  0.000897219956186
51  0.000888459617807  0.00301472581955  0.00616221766183
52  2.22776227533e-05  1.15718175852e-05  1.88280891808e-05
53  2.14848056312e-06  0.000243101130923  -0.000239294636985
