1  -4.83453093817e-07  -0.0222151217559  -0.00326147897392
2  -0.0213041713216  -0.0017363835304  0.0202605614491
3  -0.0265911960923  0.00604126458115  -4.42471563764e-05
4  0.00254421468817  -0.0172650737685  -0.0105696265982
5  -0.00097310877649  -0.0106634359464  0.0140230604144
6  -0.00427257170147  -0.000969097865535  0.00456564846294
7  -0.000322067797771  -0.0010318723846  -0.00216263081157
8  -0.000637613495757  -0.000937530847052  0.00104249326994
9  -0.000339928410564  -0.00123704452968  0.000602192079304
10  -0.000510456361607  -0.000290602397724  0.00114405849469
11  -0.000507541572308  -0.000204484946377  -0.00128520982101
12  -0.000156502822225  -0.000301851870491  0.000565581535532
13  -5.58451843478e-05  7.5717322152e-05  -0.000116851222561
14  -0.0018124334586  -0.000262832107529  -0.000449046990769
15  -0.000417577271969  -4.21853115663e-05  -0.000448335376057
16  5.07442310266e-05  -3.06380897142e-05  -0.00015747624717
17  -0.000156625220053  -7.96721044115e-05  -0.00071540325573
18  -0.000507206054241  -0.000352275756324  0.00119170570721
19  -0.000156496527284  -8.06012083392e-05  0.000713895902346
20  -0.00181543197502  0.000433683495416  0.000117421011608
21  -0.00181928655637  0.000118552124381  0.00105140683694
22  -0.00970255383411  -0.00128995425437  -0.0105887376007
23  -0.0185323913982  0.00386677482127  -0.0020901219054
24  0.0025248379257  -0.0172245475949  0.00821398577338
25  -0.00252515111205  -0.0195599666793  -0.0204650406756
26  -4.83353119208e-07  -0.0222116843165  0.00325729314833
27  -0.0213967597138  -0.00575955236862  -0.0222023213722
28  -0.000331147271192  -0.00353200038737  0.00300561468592
29  -0.00377987285907  -0.000478824840447  -0.00593215850338
30  0.000156782311733  -0.00101861302842  -0.000243788514017
31  -0.000547788951257  -0.000834459539686  0.00169231868792
32  -0.000109141299802  -0.00125568049165  0.0012861196952
33  -0.000341679992795  -0.00045461187738  -0.000486105671529
34  -0.000547346598883  -0.000162749275888  -0.00126403762847
35  0.000160868248024  -0.000964147148269  0.000313905268564
36  -0.00245963766077  -0.0191648235033  0.0224230539113
37  0.00219876405608  -0.0252489172734  -0.00640823607926
38  -0.00214040257865  -0.00451925112441  0.00943958164034
39  -0.00512230013672  0.00200443313433  -5.7432733648e-05
40  -0.000215521018225  -0.00644658251964  0.00750696007097
41  -0.00977592365855  0.00181947207182  0.00885982390638
42  -0.000893316940137  -0.00116763074848  -0.0016011617057
43  -0.00269541247023  -0.000394567189551  -0.0068792546644
44  -0.00264504499415  -0.00121100593607  0.00418688900987
45  -0.000609841349014  -0.0011429145687  -0.00225006727941
46  -0.00221654915576  -0.00946988288967  0.0154377797935
47  -0.000879504504887  -0.00697849408255  -0.0131687555206
48  -0.00414087547022  -0.0173641885818  0.0246317247167
49  -0.00234673757836  -0.0124445330346  0.0188631227215
50  -0.0243429250322  0.0022641738315  -0.000672675296925
51  -0.00407124327181  -0.0166850581319  -0.0298743552923
52  -0.00200045930539  -0.000930814327922  -0.00123956299129
53  -0.000458162487747  -0.00485241561599  0.00357916564534
