1  1.29701906812e-07  -0.00367192721266  -0.00110300087902
2  -0.00384383257014  0.00015800716091  0.00358920944842
3  -0.0072319045988  0.0019747616924  0.000537051696063
4  0.00145658834125  -0.00662452880054  -0.00378710140295
5  -0.000217115959986  -0.00466272636635  0.00647549187889
6  -0.00241933552278  -0.000606107774544  0.00272468844538
7  -0.000228425284968  -0.000739102958972  -0.00156932444657
8  -0.00048945389929  -0.000654266822901  0.000747358031506
9  -0.000241700867746  -0.000906805905521  0.0003769140035
10  -0.00037179562583  -0.000229880182123  0.00088207306585
11  -0.000425052516892  -0.000150938388862  -0.0010096367233
12  -0.000118820787512  -0.000243034983989  0.000452964002654
13  -5.56136044645e-05  6.7904446868e-05  -8.19841227689e-05
14  -0.00130649994986  -0.000160372052973  -0.000274242557961
15  -0.00032645411372  -2.10255161667e-05  -0.000354658438312
16  4.71342836738e-05  -4.28251649587e-05  -0.000112877859639
17  -0.000118224008001  -0.000105636610056  -0.000625728003258
18  -0.000419658581399  -0.000234200681616  0.000918151747697
19  -0.000118682193348  -0.000118801251167  0.00062345713146
20  -0.00130933280511  0.000328471831444  6.8979576835e-05
21  -0.0012114132548  8.53597283416e-05  0.000717394382939
22  -0.00446893194042  -0.000392736525397  -0.00513470184157
23  -0.00702142543297  0.00187995132186  -0.000328214677269
24  0.001459730774  -0.00651335352596  0.00305066803099
25  -0.000557036409792  -0.00444621900835  -0.00525177829174
26  1.25625586464e-07  -0.0036596783873  0.00108499517429
27  -0.00385484264234  -0.00102741899216  -0.00398023305748
28  -0.000236293990682  -0.00223495630263  0.00202547132115
29  -0.00213450639262  -0.000187322914636  -0.00351518690743
30  0.000140608418676  -0.000773052904489  -0.000239144702911
31  -0.000422766860897  -0.000638019632692  0.00135060190292
32  -7.24757307553e-05  -0.000981651455592  0.00102287196757
33  -0.000241769982089  -0.000317289058058  -0.000336356328166
34  -0.000418829181037  -0.000144563471967  -0.00100441297444
35  0.000113235897612  -0.000726528622741  0.000273946431652
36  -0.000531174578544  -0.00466617503416  0.00625999856441
37  0.000717928650202  -0.00438681976992  -0.00160201904154
38  -0.00111917604481  -0.00249449552397  0.00532127340913
39  -0.00298980566423  0.00113972151743  -0.000224528990449
40  -6.12523331119e-05  -0.00356456810829  0.00426888077028
41  -0.00450700056634  0.000862674292365  0.00454694540059
42  -0.000594187480756  -0.00085942764932  -0.00115990631835
43  -0.00168475608125  -0.000161551832877  -0.00391246928023
44  -0.00164940883398  -0.000817089546445  0.00274312187343
45  -0.000390591979702  -0.000781411285  -0.0014999277242
46  -0.000757592261198  -0.00411002550603  0.00708010778793
47  -0.000163658109093  -0.00344217872677  -0.00618968779153
48  -0.000653106780802  -0.00456174112182  0.00644120941881
49  -0.00059207523959  -0.0044501434626  0.0075936701752
50  -0.00572797208792  0.000749137704447  -0.00049825447818
51  -0.00062719068474  -0.0046329124567  -0.00827064863573
52  -0.0013408194933  -0.000636543603533  -0.00081218893032
53  -0.000295212500075  -0.00276964071785  0.00218113549141
