1  1.14502824222e-07  0.0150311450199  0.00322087344716
2  0.0118780152742  0.00102218377786  -0.0133800017621
3  0.0121228960504  -0.00211330531785  2.3829187827e-05
4  -0.00254999224513  0.0105227720274  0.00492480765491
5  0.000448528672039  0.00874969464505  -0.0117379132516
6  0.00313129874448  0.000698385351005  -0.0030897487356
7  0.000235099417253  0.000857389986497  0.00171718644677
8  0.000506922143832  0.000705137542126  -0.000756358332549
9  0.000271421009247  0.000941278477746  -0.000419181765078
10  0.000409238019409  0.000235907546216  -0.000903004380532
11  0.000428534766653  0.000166487985986  0.00105861522198
12  0.000109784083682  0.000211277958197  -0.000429881551969
13  5.77207872242e-05  -6.61394427159e-05  6.619365181e-05
14  0.00145608996163  0.000233833329497  0.000405426052764
15  0.000301182618646  1.19738738276e-05  0.000324873181585
16  -5.11557042047e-05  3.86851297318e-05  0.000108214161547
17  0.000108347715503  0.000121567339084  0.000647823749498
18  0.000432780996447  0.000221769335826  -0.000899632370022
19  0.000109630489471  0.000117395623886  -0.000656156314229
20  0.0014668566309  -0.000348934524199  -0.000141616516132
21  0.00137827487497  -7.97738383358e-06  -0.00084076985198
22  0.00597107421854  0.00063657107808  0.00677402068297
23  0.010966439384  -0.00301264052699  -0.000568005726892
24  -0.00255159911784  0.0156734941234  -0.00837588409549
25  0.00136040789629  0.0117924062466  0.0141017392422
26  1.15341932756e-07  0.0150436392342  -0.0032203605327
27  0.0119316103179  0.00320264372805  0.0123632844511
28  0.000245555485577  0.00303571533841  -0.0025295748764
29  0.0027687015497  0.000294419289239  0.00444118594346
30  -0.000119022785193  0.000775252066854  0.000280421993661
31  0.000449877689174  0.000769207113872  -0.00150450738728
32  0.000112124364165  0.00107801196542  -0.00118050916307
33  0.000280236344515  0.000369438685423  0.000407731079288
34  0.000444029087026  0.000147433008245  0.00103531303645
35  -0.000114058460742  0.000759739151281  -0.000246586335392
36  0.00132043107109  0.0126564718876  -0.0155366510646
37  -0.00208060524092  0.0149719706054  0.00246243090598
38  0.00194251576399  0.00403832998396  -0.00885875779168
39  0.00362736753906  -0.00121726888531  0.000752247471058
40  -2.20663939778e-06  0.00597889304199  -0.0069224080466
41  0.00605286943629  -0.00070394871647  -0.00613757248404
42  0.000754291744649  0.000933516537992  0.00129621569157
43  0.00232805703737  0.00011146515603  0.00439315984166
44  0.00228171517839  0.00098554907002  -0.0035578197125
45  0.000458659287661  0.00093584878998  0.00160507149456
46  0.00162829233866  0.00758970756275  -0.0130401602278
47  0.000380153826617  0.00491265944652  0.00782298867183
48  0.00234631055737  0.0116125639754  -0.0169511781351
49  0.00152701531364  0.0116218683927  -0.0172464404074
50  0.0153042993277  -0.00216043352186  0.00144315677262
51  0.00230784328974  0.00776006747269  0.0130888690311
52  0.00149447827273  0.000737698257951  0.000887619060813
53  0.000359069570352  0.0034935820048  -0.00239373763274
