1  1.15346697079e-07  -0.00670403852284  -0.0015034623292
2  -0.00648024023715  -0.000156041106871  0.0062711523352
3  -0.00758933031226  0.00210851857804  6.13935535048e-05
4  0.00131290227463  -0.00560683800594  -0.00348423361833
5  -0.000208972290019  -0.0036366699191  0.00537866934842
6  -0.00152705463817  -0.000359804238646  0.00174378349418
7  -0.000149635767732  -0.000394579836923  -0.000907511590104
8  -0.000266749852679  -0.00034412924979  0.000395419424822
9  -0.000130508811321  -0.000483441993708  0.000189581112383
10  -0.000206703506201  -0.000121874189917  0.000491890425128
11  -0.000225340397195  -9.73367678051e-05  -0.000556735726436
12  -6.63091176835e-05  -0.000127490059493  0.000236355046764
13  -2.98932721895e-05  3.36100027223e-05  -4.28542102078e-05
14  -0.000741690199019  -7.5101741796e-05  -0.00013894249706
15  -0.000172965530566  -6.66884055187e-06  -0.000177809850049
16  2.20216423485e-05  -2.63819827668e-05  -5.4907846589e-05
17  -6.57734032634e-05  -5.00269821479e-05  -0.00034365389535
18  -0.000220495742325  -0.000118598284882  0.000498634912769
19  -6.61718382195e-05  -6.30421695067e-05  0.00033961194142
20  -0.000740372520647  0.000188965015542  -1.04365342606e-05
21  -0.000699949756391  8.13531289676e-05  0.000406339455512
22  -0.0032854697117  -0.000278424233714  -0.00380196507747
23  -0.00599010378553  0.00172342806051  -0.000513285234093
24  0.00131478334308  -0.00615167695467  0.00331230475116
25  -0.000654688716058  -0.00586151765108  -0.00684923266871
26  1.11200309942e-07  -0.00668947051222  0.00148767791553
27  -0.0064910747752  -0.00173483443893  -0.00671147118918
28  -0.000155276013693  -0.00133495221595  0.00126906790384
29  -0.00134394533857  -4.51685318561e-05  -0.00233729250489
30  9.04739230551e-05  -0.000408242425337  -0.000122772731162
31  -0.000245455438273  -0.000331217431048  0.000762368748316
32  -1.91782159413e-05  -0.000555496761044  0.000552795929629
33  -0.000127806323093  -0.00017085682327  -0.000185324324794
34  -0.000243180585526  -6.86056758933e-05  -0.000542213227416
35  6.45306587018e-05  -0.000404964348832  0.000151674898593
36  -0.000627916507841  -0.0057906006464  0.00751565961849
37  0.000988492404983  -0.00758876591166  -0.00221496639379
38  -0.00067842477157  -0.00179877386683  0.00367280212691
39  -0.00188709118221  0.000749859448739  -2.08984656997e-05
40  -8.15453935675e-05  -0.00240591387299  0.00308510655188
41  -0.00331997056815  0.000731079296124  0.00317278486463
42  -0.000315125043464  -0.000489676520292  -0.000663807105743
43  -0.000995395936946  -0.000146359496739  -0.00253965410808
44  -0.00097433663001  -0.000515457232655  0.00169032256048
45  -0.000221680324754  -0.000433844907461  -0.000900100529785
46  -0.000460575228653  -0.00337686404616  0.00565043498395
47  -0.000166235438503  -0.00238522670723  -0.00461005149942
48  -0.000894319608456  -0.00552176676212  0.0079043325458
49  -0.000402977250977  -0.00443598532661  0.00707816163296
50  -0.00750897354756  0.00102549846309  -0.00056760647014
51  -0.000882523722895  -0.0046362687066  -0.00887489421886
52  -0.000783625424715  -0.000355576612669  -0.000490929393348
53  -0.000161531851307  -0.00175124659364  0.00140344915925
