1  -7.55275800198e-08  0.00116207842608  0.000545238277459
2  0.00126813651123  -0.000191826628062  -0.00120814541987
3  0.00382408540439  -0.000982486319833  -0.000448037278443
4  -0.00112015460614  0.0043934326584  0.00216371102845
5  0.000102923621061  0.00376144492431  -0.00518992040678
6  0.00192522764824  0.000555055206233  -0.00202499808477
7  0.000248801964493  0.00064272742521  0.00144396335307
8  0.000448915982723  0.00069639730954  -0.000809499136388
9  0.000239316094749  0.000904047003213  -0.000489273273837
10  0.000414051685231  0.000174899448068  -0.000835441617126
11  0.000373466847508  0.000166765151365  0.00101710899796
12  0.000137000291811  0.000203318990427  -0.00048530538172
13  6.86274294106e-05  -6.67289240458e-05  8.13161248201e-05
14  0.0012008571568  0.00019104069889  0.000152815741196
15  0.000358810520574  4.78532913956e-06  0.000356166858839
16  -5.46757136954e-05  3.21996484645e-05  0.000152852268675
17  0.000139895340525  0.000103030253626  0.000662204682285
18  0.0004068058908  0.000276277951033  -0.000951473154711
19  0.000137148889854  9.8667091862e-05  -0.000649266680016
20  0.00118429282859  -0.000281039177009  -2.34572274384e-05
21  0.00103354265161  8.09936785458e-06  -0.000550070123514
22  0.00316292902683  0.000235405846186  0.00367679345327
23  0.00457358086769  -0.00131733596618  -0.00017859808258
24  -0.00112546256123  0.00493840172105  -0.00232709013627
25  0.000272975276558  0.00209826668588  0.00254209223515
26  -7.65600948816e-08  0.00119117454722  -0.00055374196879
27  0.00127169412787  0.00034082444675  0.00131669962008
28  0.000242401890947  0.00197845575635  -0.00178540186482
29  0.00169454958278  0.000148488573657  0.00274604677611
30  -0.000103570193581  0.000802986920519  0.000208029240115
31  0.000436275267211  0.000591640065801  -0.00129429887666
32  2.22649265218e-05  0.000974152767302  -0.000914859168188
33  0.000230497664371  0.000345885674161  0.000448606758947
34  0.000445281123407  0.000122708851122  0.00101067836902
35  -0.00014648629899  0.000736790141685  -0.000166207370538
36  0.000260422793657  0.00259585830131  -0.00359483294798
37  -0.000347835858627  0.00140187526482  0.000635632565772
38  0.00101973794621  0.00221943509435  -0.00482373885443
39  0.00235702725932  -0.000797272319065  0.000419359250506
40  3.35985604932e-06  0.00322072440927  -0.0037971796869
41  0.00319162990932  -0.000452478379458  -0.00343080709368
42  0.000538912748598  0.000830109135568  0.000959344133839
43  0.00148040067651  8.03504701137e-05  0.00286490895068
44  0.00144882575076  0.000769922528119  -0.00241651279017
45  0.000399990273007  0.000656858914239  0.00119820018447
46  0.000607151315266  0.00326770996359  -0.00577034699683
47  7.73523148008e-05  0.00263902117018  0.00426991581824
48  0.000316123903287  0.0025323334726  -0.00362816771833
49  0.00042006550901  0.00339554609054  -0.00578239665579
50  0.00270783600365  -0.000370844224733  0.000293665022606
51  0.000288627639202  0.0025444425926  0.00429467499987
52  0.00111586576748  0.000635303618152  0.000527512550761
53  0.000311420868615  0.00216991325786  -0.00159076446536
