1  -5.05053077438e-08  -0.0133472549518  -0.00260482645021
2  -0.0132078468849  -0.000497539297516  0.0124123192213
3  -0.0203282747704  0.00488596005412  0.000700417931758
4  0.00250909384441  -0.0158227830432  -0.00933881990626
5  -0.000862424320421  -0.0103803375197  0.0136181168959
6  -0.00503753793652  -0.00130179859429  0.00544947410291
7  -0.000469683199098  -0.00140467627728  -0.0029815271159
8  -0.00090700866022  -0.0013880638354  0.00153055079083
9  -0.000482337367244  -0.00183029249506  0.000905149069784
10  -0.000790389996589  -0.000408510213591  0.00167217516453
11  -0.000792061205691  -0.000311926150619  -0.00194416603436
12  -0.000244960542923  -0.000399228956904  0.000889208803995
13  -9.75433226775e-05  0.000138267943067  -0.000186309147566
14  -0.00249893301359  -0.000375581472127  -0.000470958498116
15  -0.000637819131704  -2.8353076948e-05  -0.000655083805075
16  9.1286760054e-05  -6.39871997727e-05  -0.00024221095557
17  -0.000243669143749  -0.000197728218959  -0.0011597463983
18  -0.00078590372146  -0.000521306966785  0.00177319107746
19  -0.000244943542039  -0.000223865355655  0.00117714414645
20  -0.00251931405884  0.000607382791143  9.80740889313e-05
21  -0.00238166931352  7.93107647057e-05  0.00124552498663
22  -0.0101088517364  -0.00133149199891  -0.0110297271568
23  -0.0168482943648  0.00362681631558  -0.00149010571545
24  0.00251568555805  -0.0148069775309  0.00684015749428
25  -0.00172206883643  -0.013506652186  -0.0147218478776
26  -4.34882840764e-08  -0.0133258336412  0.00259942886202
27  -0.0131747385233  -0.00353505835539  -0.013648952751
28  -0.00048646750448  -0.00443386439849  0.00392694989217
29  -0.00446348038232  -0.000678571458481  -0.00681797630364
30  0.000235102016925  -0.00154211690355  -0.000402889550214
31  -0.000832626448877  -0.00122454908236  0.00255819011916
32  -0.000157697581791  -0.00187962296108  0.00191748404197
33  -0.000497028522639  -0.000666649714024  -0.000814193036014
34  -0.000821393724158  -0.000259460067693  -0.00190009296046
35  0.000216096842863  -0.00141510850942  0.00040363633879
36  -0.00168232646729  -0.0135914453066  0.0165020353936
37  0.00171453686887  -0.0152612273844  -0.00448782492777
38  -0.00245954406566  -0.00496687051862  0.0104925210017
39  -0.00613320977935  0.00232598631151  -0.000236319674253
40  -0.000218641503687  -0.00719811503077  0.00823584073358
41  -0.010184294255  0.00179003657277  0.00961748927716
42  -0.00117634031834  -0.00170238917945  -0.00215561497334
43  -0.00334101333022  -0.000431780519409  -0.00812025272645
44  -0.0032895347854  -0.00160998597907  0.00533276408385
45  -0.000873493942189  -0.00149936666071  -0.0028199769635
46  -0.00214467465113  -0.0091342308836  0.0150817990716
47  -0.000767496726289  -0.00752898746267  -0.013696443483
48  -0.00268993895827  -0.0125272250016  0.0178127240042
49  -0.00190365808202  -0.010448561475  0.0165606687697
50  -0.0168391495074  0.00178255977005  -0.000826592464702
51  -0.00258812696537  -0.0129786302417  -0.0228755389466
52  -0.00257759898224  -0.00133254334455  -0.00145780340317
53  -0.000695674838801  -0.00573646902046  0.0043143104104
