1  -1.53264226913e-08  -0.00893128841345  -0.00168927771916
2  -0.00836617994022  -0.000458242859656  0.00817192174727
3  -0.00694362395574  0.00194973695966  -0.000571877046522
4  0.000918271591893  -0.00343352547734  -0.00256343928615
5  -0.000149963118025  -0.00167310791085  0.00299840654454
6  -7.17094393237e-05  0.000234751321116  0.000131777895365
7  0.000161371848549  0.000176025520987  0.000537703066606
8  0.000155864477853  0.000239227256425  -0.000284685624019
9  6.80222353408e-05  0.000331797867833  -0.000162019499538
10  0.000249329999702  3.61710848328e-05  -0.000375323319543
11  0.000192901805988  0.000107925635128  0.000546326451045
12  6.35136424883e-05  1.86273422493e-05  -0.000247909881885
13  6.77615454159e-05  -5.43503397577e-05  6.33533816265e-06
14  0.000435564902179  5.02777980399e-05  -0.00017251652628
15  0.000152221239729  -6.04295774087e-05  0.000113784583223
16  -5.11090600873e-05  5.17759748153e-05  6.053483345e-05
17  6.14886347337e-05  0.000184749401237  0.000498245935334
18  0.000209799676244  5.61092417012e-05  -0.000410564982741
19  6.35569805952e-05  0.000171148951827  -0.000511981761021
20  0.000441509690537  -9.52206695159e-05  0.000123953649842
21  0.000221104058503  0.000115787312085  0.000143456554561
22  -0.0011769534343  -5.90270562627e-05  -0.00144113577288
23  -0.00374836973362  0.00125013730921  -0.000695350672598
24  0.000916916228439  -0.00481825967871  0.00319156329636
25  -0.000718587568691  -0.00671732656374  -0.00773329707073
26  -1.33755333e-08  -0.0088951313748  0.00168754183658
27  -0.00834225436553  -0.00223528293273  -0.00863650371112
28  0.000160450204224  0.000217653245418  -0.000442499517847
29  -4.63358577271e-05  0.000172209550486  -0.000405958699517
30  -5.05326566774e-05  0.000348950915766  0.000205671272554
31  0.000251241571853  0.000285497697929  -0.000797286009148
32  -3.89345371427e-05  0.000552000838158  -0.00050958430248
33  8.08904326328e-05  0.000158529169345  0.000369915188551
34  0.000246284461761  6.95930619866e-05  0.000506361623008
35  -7.79697053436e-05  0.000345439176803  2.93495948882e-05
36  -0.000706759653984  -0.00639271646238  0.00803301602577
37  0.00111170985804  -0.00984099224343  -0.00255436304184
38  8.80506385644e-06  -0.000374141958183  0.000695137523585
39  -3.74267824461e-06  0.000103246747983  0.000143073233746
40  -1.18251797595e-05  -0.000355816721699  0.000722878193239
41  -0.00120345630781  0.000438108517796  0.000864335907886
42  8.12926707277e-05  0.000411810628549  0.000274550241652
43  0.000111927656267  -1.46892823797e-05  -0.000152277230248
44  0.000105903290607  0.000262698912545  -0.000399733396755
45  0.000245849905936  8.14275289648e-05  8.34820450496e-05
46  -1.11729460942e-05  -0.00182416197115  0.00283120124757
47  -0.00012474280377  -0.000612643842065  -0.00177065239812
48  -0.00110331939836  -0.00596055896324  0.00859532525687
49  -0.000124211328872  -0.00380466664373  0.00540892514236
50  -0.00850574666662  0.00115081876598  -0.000589246661456
51  -0.00109579701418  -0.00398492101818  -0.0083503270786
52  0.000195371257859  0.000285165951085  -0.000103030980131
53  0.000244448901635  -6.9274802208e-05  6.94958146176e-05
