1  -4.58902446387e-08  0.0108954741664  0.00252987759786
2  0.00889574498725  0.000542233343934  -0.00980353646396
3  0.00993697608063  -0.00203436139387  -9.85549020761e-05
4  -0.00222334361057  0.00874118076237  0.00425548777945
5  0.000328293056057  0.00719940810479  -0.00990510669703
6  0.00268084405375  0.000568244437328  -0.00273423109721
7  0.000180229575205  0.000738113317621  0.00144770547757
8  0.000431933184671  0.000556072694513  -0.000610064702779
9  0.000229607801766  0.000753533197445  -0.000310518625366
10  0.000305243032137  0.000209419942924  -0.000725763967748
11  0.000347242705781  0.000122245761617  0.000837467561214
12  7.81214573799e-05  0.000171193546937  -0.000324429423758
13  4.15673513464e-05  -4.95420826753e-05  4.68918006062e-05
14  0.00122890010242  0.000179966752938  0.000389957086568
15  0.000233909846407  1.7220006065e-05  0.000266168523773
16  -4.09391576909e-05  2.75838821161e-05  8.36507729179e-05
17  8.01455510844e-05  9.54621011295e-05  0.000506906276989
18  0.000357143859348  0.000165758218689  -0.000724332821719
19  7.79736942118e-05  8.89186252323e-05  -0.000499165890067
20  0.00122689839888  -0.00029449761586  -0.000163361908415
21  0.00117016497482  -3.39062528591e-05  -0.0007826394703
22  0.00510431340499  0.000478168873581  0.00586386605167
23  0.00913222941627  -0.00262973456561  -0.000364109958191
24  -0.00222343407129  0.0124873775888  -0.00673237127134
25  0.00100361181881  0.00888052636621  0.0107566015864
26  -4.52917609074e-08  0.010903389968  -0.00253183913709
27  0.00893936802225  0.00239635770045  0.0092567652886
28  0.000182010792575  0.00259305270105  -0.0021472419491
29  0.00236653328215  0.000195061970782  0.00388927258913
30  -8.65644959329e-05  0.000608773044464  0.000244495959622
31  0.000347574569471  0.000649615003576  -0.00121421839345
32  0.000103362217746  0.000878095081032  -0.000991371828063
33  0.000226476803471  0.000296527906414  0.000268956329842
34  0.000352401253841  0.000128210150746  0.000847204392373
35  -9.40243316668e-05  0.000613056090665  -0.000240086290317
36  0.000974812161135  0.00980375735499  -0.0123728764947
37  -0.00163275974324  0.0110693262085  0.00215174540822
38  0.00159427698364  0.00343516111404  -0.007510714046
39  0.00313861706329  -0.00107790806795  0.000613782516312
40  -8.7366706179e-06  0.00502751966567  -0.00591066161005
41  0.00517204862906  -0.000686739749188  -0.00528610339203
42  0.000654069264677  0.000748037611223  0.00112126412481
43  0.00198905544783  9.07553158923e-05  0.00382752514765
44  0.00194888813118  0.000823603657379  -0.00305363244358
45  0.000356198747744  0.000806769162557  0.0014209694651
46  0.00122156331808  0.00632356336648  -0.0108925563106
47  0.000271031941882  0.0041651870614  0.0067867145813
48  0.00166225334325  0.00909779716832  -0.0133104433052
49  0.00107039022056  0.00921089759074  -0.0139235352006
50  0.0115723453523  -0.0016972204231  0.00116569781962
51  0.00162725765289  0.00631297807291  0.0109721719484
52  0.00128672854515  0.000583840790253  0.000808328686511
53  0.000259118465244  0.00300756518612  -0.002115943429
