1  -9.38031730915e-08  0.000283989590136  0.000402152249188
2  0.000532559661383  -0.00027141157863  -0.000431869965049
3  0.00369282509623  -0.000944279496342  -0.000565233888185
4  -0.0011480676982  0.00458227424303  0.00220186413511
5  9.3697344801e-05  0.00400670958582  -0.00546638156229
6  0.00216047188675  0.00054383369702  -0.00227843059355
7  0.000195460774126  0.000746726906194  0.00148923430658
8  0.000472008065202  0.000631966685737  -0.000716801870734
9  0.000233716781683  0.000865651095964  -0.00037463259231
10  0.000361731170357  0.000218739748112  -0.00083401915516
11  0.000407467915041  0.000135003241777  0.000987824968726
12  0.000108475867104  0.00020657774559  -0.000437045354144
13  6.15672112405e-05  -6.87746860273e-05  6.58173173761e-05
14  0.00125725403102  0.000184486864083  0.000302406190089
15  0.00030933672586  1.74620489917e-05  0.000341591763478
16  -5.54566439715e-05  3.70848780986e-05  0.000119690287333
17  0.000109284118559  0.000139622144337  0.000630962144409
18  0.000417699243372  0.000216453715314  -0.000870601462746
19  0.000108450968589  0.000123376809113  -0.000632537456578
20  0.00126723045367  -0.000306452757933  -0.000143674532412
21  0.00112531254047  -1.07866078874e-05  -0.000707372786213
22  0.00340208327435  0.000230619479335  0.00399228702334
23  0.00478972275128  -0.00135080458491  -0.000236096697253
24  -0.00115063372521  0.0049292909547  -0.00221007471726
25  0.000241285711821  0.00166264398537  0.00200901305721
26  -9.65548418765e-08  0.00031357322342  -0.00040495285533
27  0.0005378716079  0.000142375542282  0.000553470303621
28  0.000198779716152  0.00223302360701  -0.00192535643069
29  0.0018998331861  0.000174747775978  0.00309891187582
30  -0.000103715919289  0.000747200252044  0.000272780772904
31  0.000401577256927  0.000692265693599  -0.0013528590407
32  9.83394584609e-05  0.00097640549865  -0.00106684981604
33  0.000242144585384  0.000319624382148  0.000339753224479
34  0.000402173640325  0.000149042678591  0.000992324892107
35  -0.000116630857333  0.00069586359076  -0.00024463332351
36  0.000226015164794  0.00221532258263  -0.00313580716742
37  -0.000255331123595  0.000503997616642  0.000489500271864
38  0.00115014543349  0.00239239263539  -0.00534044914789
39  0.00259989926169  -0.000868095186457  0.000583836137395
40  -3.71078883618e-05  0.00356666555947  -0.00414304889719
41  0.0034370000229  -0.000452407884993  -0.00376431573941
42  0.000628584466539  0.000818634624171  0.00111359137269
43  0.00169402106968  4.52369830515e-05  0.00312169410815
44  0.00166244059021  0.000762013373433  -0.00266605398059
45  0.000366435322676  0.000769396314019  0.00132966480188
46  0.000668706098929  0.00343695474383  -0.00612699099685
47  6.00045031425e-05  0.00290265654699  0.00457329615022
48  0.000244115899223  0.00219269489908  -0.00311186417915
49  0.000450950157784  0.00332146116319  -0.00579807711059
50  0.00215617177973  -0.000274108344815  0.000237372161187
51  0.000216113938169  0.00250385707795  0.00409308095966
52  0.00122286251546  0.0006147847814  0.000701757158484
53  0.000280582506397  0.00243198263405  -0.00178894717621
