1  9.73992497197e-08  -0.0070431352605  -0.00163859984363
2  -0.00693155035086  -9.98578552677e-05  0.00663440454736
3  -0.00906182571973  0.0024713132687  0.000156726730023
4  0.00152040006996  -0.00680854646634  -0.00420186158249
5  -0.000253807510542  -0.00442831921053  0.00642266324225
6  -0.00195383403732  -0.000443851448859  0.00221851292886
7  -0.000165835830462  -0.000533822453498  -0.00114497529686
8  -0.000352150513089  -0.000447056911386  0.0005122985004
9  -0.000169068272012  -0.000636196175647  0.000237261768778
10  -0.000250964085553  -0.000167370333201  0.000631434657359
11  -0.000302228873793  -0.000108182701883  -0.00070280375196
12  -8.13893501418e-05  -0.00017004269387  0.000308424654776
13  -3.20438576068e-05  4.85486673033e-05  -6.57231444367e-05
14  -0.000945486549833  -0.000103529307706  -0.000217694048112
15  -0.000224638600585  -2.14694986072e-05  -0.000246588294282
16  2.95020114998e-05  -2.96354930474e-05  -7.4257307864e-05
17  -8.17340417372e-05  -6.18829548513e-05  -0.000422370574888
18  -0.000285382747176  -0.000159779932705  0.000637724978428
19  -8.12550248232e-05  -7.74037870534e-05  0.000420875986189
20  -0.000954547407593  0.000243846893497  4.07259619646e-05
21  -0.000906643149522  0.000101057205004  0.000563518287426
22  -0.00407152710326  -0.000352859840318  -0.00469408448496
23  -0.00727768897618  0.00201697395188  -0.000619249477408
24  0.00152788589108  -0.00727974762519  0.00379312937309
25  -0.000784995416559  -0.00669161418398  -0.00776200393951
26  9.52748328973e-08  -0.00703109286122  0.00162415335624
27  -0.0069161320514  -0.00184902865512  -0.00715210402821
28  -0.000174054124871  -0.00171946048009  0.00156911392757
29  -0.00171643208888  -8.44043170541e-05  -0.00294477210164
30  0.000109934957336  -0.000532141856727  -0.00016198414439
31  -0.000297435430349  -0.000442942651156  0.000951898518492
32  -5.28013932276e-05  -0.000691314812738  0.000723935546823
33  -0.000168503120477  -0.000212373387705  -0.000210393596247
34  -0.000293875328744  -9.40130880424e-05  -0.000696478994132
35  7.74805436796e-05  -0.000509181232733  0.000213641763133
36  -0.000754884192748  -0.00668936646504  0.00863254261508
37  0.00107110809184  -0.00803180857163  -0.0024541968027
38  -0.000875584658294  -0.00218194196784  0.00453485501932
39  -0.00240589221227  0.000946926796628  -8.53315817558e-05
40  -7.83062185459e-05  -0.00298926601357  0.00374156672992
41  -0.00411459260401  0.000876382265647  0.00396596566288
42  -0.000431010367121  -0.000612340794643  -0.000866776269442
43  -0.00128938536544  -0.00015985088272  -0.00320456375386
44  -0.00126186352983  -0.000620401871708  0.00211836710295
45  -0.000267280587859  -0.000576754893503  -0.00116132794596
46  -0.000614527356886  -0.00406519836909  0.00682497333122
47  -0.000204671340727  -0.00298722627541  -0.00569449106583
48  -0.00106624904971  -0.00636673345899  0.00906828430537
49  -0.000551734723223  -0.00520675641498  0.00836355567152
50  -0.00851814071092  0.00111431357378  -0.000635142227008
51  -0.00104519837533  -0.00559553490104  -0.0105369736038
52  -0.00100727060091  -0.000446800169322  -0.000651548624898
53  -0.000192535789888  -0.00223237238733  0.00177493128238
