1  5.64349858742e-07  0.0217181110881  0.00410166338279
2  0.0163835846828  0.00200569906484  -0.0189857156882
3  0.0170366311493  -0.00148046883766  4.14276339909e-05
4  -0.00321121505018  0.0169282031319  0.00691083525059
5  0.00107996735737  0.014830243775  -0.0182276324666
6  0.0058595930651  0.00145313357758  -0.00496881187688
7  0.000447152783345  0.00175244570382  0.0032932535146
8  0.00100690952517  0.00159276695346  -0.00167654819114
9  0.000593731174425  0.00199702512246  -0.00107293070736
10  0.000940304519494  0.000446193177489  -0.00180942645794
11  0.000863528491504  0.000338532182387  0.00215511648973
12  0.000245285248446  0.000541650903086  -0.000942091342172
13  0.000131156492869  -0.000132827771992  0.000137873210278
14  0.00284620769411  0.000622910446799  0.000714158990749
15  0.000684798006501  5.96382880098e-05  0.000760059098891
16  -0.000101977989194  9.86659873071e-05  0.000225619689145
17  0.000244494201554  0.000215875093356  0.00138613349721
18  0.000855322363398  0.000560773397501  -0.00191224383696
19  0.000245208589564  0.000197357661128  -0.00137280936194
20  0.00286294533967  -0.000624134044776  -0.000390898750462
21  0.00266753751982  0.000248511663249  -0.00142318073254
22  0.00997468664394  0.00148606728055  0.0108512236794
23  0.0174767453973  -0.00380922561824  -0.00144705490066
24  -0.00323621726353  0.0250812759181  -0.0127186884382
25  0.00223147381695  0.0180355897952  0.020448862626
26  5.75813375912e-07  0.0217613776108  -0.00409915877972
27  0.0163688390272  0.00440581072418  0.0169844650745
28  0.000459986625849  0.00585279653935  -0.00440793970652
29  0.00524808036836  0.00106844295902  0.00755963887427
30  -0.000243705914471  0.00164345454363  0.000437361498488
31  0.000915456489493  0.00157130835062  -0.00295426622157
32  0.000273840818295  0.00216826041482  -0.00235542491795
33  0.000594980925169  0.000854736160977  0.00109719062159
34  0.000909393759376  0.00028180746197  0.00212257352794
35  -0.000230979521738  0.00162136388481  -0.000355546556126
36  0.00216246867036  0.0185970567752  -0.0209353448963
37  -0.00262490443664  0.0208352231018  0.0025930984778
38  0.00406481329977  0.00704852906839  -0.016121302505
39  0.0064688716955  -0.00184625950132  0.00210030563474
40  -0.000122272016767  0.0112506294523  -0.0119483201156
41  0.0101040313892  -0.000307730333263  -0.010308310295
42  0.0015401745442  0.00188195870369  0.00231841016686
43  0.00461140081641  5.77093633894e-05  0.00722168253037
44  0.0045119865196  0.00178805449131  -0.00645721523105
45  0.00106811689701  0.00187699087494  0.00279070644777
46  0.00356574177054  0.0123721956153  -0.02097450348
47  0.000946350363624  0.00880426870067  0.0121903784898
48  0.00434486918654  0.016414236182  -0.0238732397017
49  0.00327320879186  0.0186043478757  -0.0268109355677
50  0.0228682465928  -0.00274294546889  0.00157330219664
51  0.00421651676061  0.011378000077  0.0169811538418
52  0.0028879636241  0.00162465524604  0.00146852954749
53  0.000911433327225  0.00639179326716  -0.00374159720773
