1  -1.80166835586e-08  0.0114223509733  0.00266912579124
2  0.00927714552879  0.000571612266943  -0.0102854405492
3  0.0112167005338  -0.00208924198919  -0.00022834957062
4  -0.0025550610386  0.0106421432603  0.00491319611755
5  0.000453245765126  0.00910483047652  -0.0122165268092
6  0.00374507837665  0.000909583829157  -0.00362702933194
7  0.000311503741446  0.00113251799297  0.00224689249125
8  0.000689289338846  0.000986830062909  -0.00107605508946
9  0.000377157280296  0.00129742948614  -0.000615702641275
10  0.000575552910254  0.000313905203003  -0.00121516453878
11  0.000590515126338  0.000219513757616  0.00143934198204
12  0.000156510141282  0.000301697937282  -0.000614166718304
13  8.19368486827e-05  -9.5209343662e-05  9.69400804535e-05
14  0.00191266294938  0.000331086357786  0.000476669891091
15  0.000438170605784  1.95102427971e-05  0.000475115241897
16  -7.40038834255e-05  5.67421526185e-05  0.000158450634603
17  0.00015712679061  0.000177839997744  0.000912060911636
18  0.000600645903276  0.000329981313215  -0.00126882203019
19  0.000156358091577  0.000172330692464  -0.000908736952614
20  0.00191419076686  -0.000448069553212  -0.000203413729713
21  0.00176051990173  4.72676946776e-05  -0.00104009847056
22  0.00653011132918  0.000690341976515  0.00740924710616
23  0.0110801003705  -0.00300703454218  -0.000627904919125
24  -0.0025517855497  0.0148555963698  -0.00784574183812
25  0.00112172033084  0.00976155052549  0.0116719703797
26  -1.69196292266e-08  0.0114308658057  -0.00266992009507
27  0.00932022635361  0.0024990409085  0.00965228045532
28  0.000316182001365  0.00375588806206  -0.00309118973105
29  0.00331968605891  0.000419416505252  0.0052064255888
30  -0.000155723248055  0.00108378108918  0.000360372495045
31  0.000605940585813  0.00103481240895  -0.00200546674752
32  0.000156552297599  0.00146093029848  -0.00158806371084
33  0.000377236305464  0.000521069677313  0.000600201477356
34  0.000606992818306  0.000207890031348  0.00143542949243
35  -0.000158175360325  0.00105406637594  -0.000314053671514
36  0.00108895971109  0.0109359577312  -0.0135768804663
37  -0.00172529682338  0.0115689116458  0.00220402978055
38  0.00228301918398  0.0045888574008  -0.0101882528643
39  0.00433531769396  -0.00138185768666  0.00106510453745
40  -3.71336118569e-05  0.00689842376862  -0.00787124889003
41  0.00661551726011  -0.000657118194329  -0.00687498126807
42  0.00099049330612  0.00124529100042  0.00164368703249
43  0.0028890351003  9.50280128586e-05  0.00510492333277
44  0.00283288206222  0.00123373548263  -0.00437296926035
45  0.000627684470367  0.00121088015253  0.00199695674006
46  0.00169193032865  0.00788540925373  -0.0135860581417
47  0.000377052632091  0.00552902513983  0.00847726892458
48  0.00196498334325  0.0100439903031  -0.0147478953044
49  0.00140306946269  0.0109181999707  -0.0164845775873
50  0.0126683434177  -0.00179216600078  0.00119396538483
51  0.0019131858849  0.00724295700771  0.0121599957892
52  0.00191165953045  0.000996617204661  0.00105245674779
53  0.000500482208934  0.00416850918774  -0.00280142415946
