1  1.33977823148e-07  0.0136300320184  0.00281321688698
2  0.0108876965137  0.000959329840714  -0.012077661084
3  0.00784259523532  -0.00183898617128  0.000552283086446
4  -0.00132569566636  0.00442521303433  0.00272352726213
5  0.000198056330348  0.00279078577663  -0.00444806882672
6  0.000127434558238  -0.000180545008081  -0.000230325070097
7  -0.000110049400776  -0.000177004526811  -0.000436269685254
8  -0.000178152681628  -0.000459926077708  0.00052201424512
9  -0.000120802070519  -0.000525756994634  0.000420958183343
10  -0.000266780542209  -4.91715980295e-05  0.000387002887571
11  -0.000194463438119  -8.66145367878e-05  -0.000511056831793
12  -0.000104031036814  -0.000161484660234  0.000335322249354
13  -3.71513431888e-05  4.61939726702e-05  -8.44031446613e-05
14  -0.000365794307241  -0.000128368018693  0.000148844137793
15  -0.000251784257231  -7.17374229699e-06  -0.000237745036713
16  2.59371566312e-05  -2.69604165553e-05  -9.90183574011e-05
17  -0.000104052734397  -3.64672213431e-05  -0.000355180176121
18  -0.000187812600509  -0.000236553356704  0.000562788719032
19  -0.000104160714914  -5.04751321193e-05  0.000351723169169
20  -0.000358357087368  7.74189407456e-05  -4.74466013545e-05
21  -0.000221891256497  -0.000118191969793  -3.72285944112e-05
22  0.00155009671874  0.000125200802634  0.00183229482506
23  0.00473018046628  -0.00163872080314  0.000290425306121
24  -0.00132583521327  0.00799184073155  -0.00497270431566
25  0.000937500151642  0.00889325888925  0.0111223800136
26  1.32656220749e-07  0.0136373395537  -0.00282137272955
27  0.0109214593934  0.00293049780657  0.0113146476908
28  -0.000104953292433  -0.000151866211642  0.000153223182492
29  8.5269541921e-05  -0.000183810904307  0.000479098927324
30  7.27123473238e-05  -0.000489503235288  1.75049932856e-05
31  -0.000222439643424  -0.000187259778242  0.00049852480921
32  -6.33399627219e-06  -0.000413901394476  0.000299243321618
33  -0.000114687817228  -0.000200817063623  -0.000366497858543
34  -0.000222937938547  -5.20375382631e-05  -0.000498647859882
35  6.27730645564e-05  -0.000383718383399  -1.42936172525e-05
36  0.000914534382725  0.00904431281536  -0.0115507411232
37  -0.00180431357085  0.0136158191276  0.00232461322266
38  7.01932680632e-05  0.00069411637194  -0.00122078869235
39  0.000110629207903  -0.000161748845921  -0.000264391113868
40  6.76184166198e-05  0.000690229262012  -0.00122987611544
41  0.0015865828173  -0.000516641464908  -0.00117369693064
42  -0.000126481013241  -0.000361735662592  -0.000140815368462
43  -0.000119698065287  7.79917428e-05  0.00036578791616
44  -0.00011116457686  -0.000149787259759  0.00015996086152
45  -0.000196398415487  -0.000141639918121  -0.00010003427857
46  0.000237442817441  0.00276910770637  -0.00447594624731
47  0.000172632461787  0.0008604101537  0.00227834716144
48  0.00144338484681  0.00848654605267  -0.0123456685801
49  0.000454741853236  0.00623848659058  -0.00877224739205
50  0.0116688435194  -0.00188205057925  0.00135725635816
51  0.00144814018038  0.0046479033  0.00905369182627
52  -0.000225208707187  -0.000311877461187  0.000129190203844
53  -0.000196616311587  0.000143200165204  -0.000165760877975
