1  -3.21648120577e-14  -0.000102975145908  -5.75636492521e-06
2  -7.70916908935e-05  -1.87710100453e-05  8.58909925623e-05
3  4.79734619291e-05  -9.52089932877e-06  -4.44629276847e-06
4  -5.96450756163e-06  2.53018728511e-05  1.83871326079e-05
5  1.39149469243e-06  9.76629646127e-06  -1.61785718667e-05
6  -5.51234269197e-06  -7.89429284313e-07  3.49383453314e-06
7  -6.33452455469e-07  1.61413234148e-06  1.30874789764e-06
8  1.33647176366e-06  2.83029725723e-07  -4.06365919362e-07
9  4.60752311993e-07  1.15851211192e-06  8.8610345647e-07
10  -1.72721047718e-07  1.07777401896e-06  -1.29951205312e-06
11  1.06520202182e-06  -2.78312037521e-07  9.54252966666e-07
12  -2.64198022012e-07  -9.00501554457e-08  1.25681409513e-06
13  -3.30289514863e-07  3.53053993165e-07  -5.72523520377e-08
14  1.39589154927e-06  -1.53651886593e-07  1.09214727303e-06
15  -7.48540355479e-07  3.70302633447e-07  -6.23770411152e-07
16  3.22830968868e-07  -2.92871671603e-07  -2.94293779618e-07
17  -2.60675524679e-07  1.23831488136e-07  -1.6681944471e-07
18  1.06483792028e-06  -6.43558098604e-07  -2.43281625287e-07
19  -2.64197652301e-07  1.42268092524e-07  1.51317527166e-07
20  1.39591379347e-06  -5.08660557007e-07  -1.75914447441e-06
21  1.8394352751e-07  2.06837895949e-07  -1.31410406539e-06
22  -1.64093117054e-06  -2.71894875173e-07  -1.3715413115e-06
23  2.76354942273e-05  -8.37365792881e-06  4.95189976268e-06
24  -5.89161020101e-06  5.14872801674e-05  -2.58268641914e-05
25  4.51311662475e-06  7.15695236025e-06  2.54081903004e-06
26  -3.25508755539e-14  -0.000102854168404  5.85552485481e-06
27  -7.73515478346e-05  -2.07747822201e-05  -8.01739296566e-05
28  -6.60069741935e-07  -3.69746381362e-06  1.34879978201e-06
29  -5.02369487307e-06  -1.73007043633e-06  -5.91513238077e-06
30  1.57876193683e-07  2.77927633102e-07  1.70830429333e-06
31  5.24373458835e-08  1.87458749446e-06  -2.26940872229e-06
32  7.50243859343e-07  1.29999945111e-06  -2.93524576793e-06
33  4.47550546793e-07  2.61843220092e-07  -8.50377360435e-07
34  6.24059903286e-08  7.30763074337e-07  1.50665505677e-06
35  1.52813825659e-07  7.36701792846e-07  -1.71899593761e-06
36  4.33110669237e-06  2.18304353249e-05  -2.38328046202e-05
37  4.00165926496e-06  -9.9792725255e-05  -5.83949392059e-06
38  -4.58402176239e-06  -4.55667462505e-06  1.14029532648e-05
39  -5.22983409615e-06  1.85391834351e-06  -8.94406579028e-07
40  9.85454348696e-08  -9.26911281356e-06  6.63477968974e-06
41  -1.48276628412e-06  -2.55091159751e-06  6.74948506514e-06
42  7.89552056487e-07  4.67499310051e-07  1.83159567396e-06
43  -3.24071862701e-06  -7.09209748641e-08  -6.54536819793e-06
44  -3.16456702679e-06  -1.14189237587e-06  2.68976480749e-06
45  -5.30857953321e-07  8.56894751116e-07  1.94059662744e-07
46  7.25222145687e-07  1.04595548517e-05  -1.52857522246e-05
47  1.30714804522e-06  -5.52213463404e-06  -5.56591479434e-07
48  6.36358613476e-06  2.00516995561e-05  -2.59368370989e-05
49  6.72070531438e-06  3.86863790696e-05  -5.40977250566e-05
50  7.66445503571e-06  3.90502605959e-06  -5.51469985942e-07
51  5.97556004541e-06  3.2186667277e-05  5.16344448773e-05
52  2.52939887173e-07  -2.56660215585e-08  2.74145634722e-07
53  -4.57318784846e-07  -5.84393708169e-06  2.25708878147e-06
