1  -7.84095212702e-08  -0.0130546397583  -0.0025081682568
2  -0.0128583518743  -0.000526796760766  0.0121241984015
3  -0.0178791657376  0.00443277929899  0.000403590459999
4  0.00232907652772  -0.0134166470784  -0.00808080100582
5  -0.000674042709151  -0.00863689221051  0.0116596681334
6  -0.00410690937115  -0.00109106730911  0.00448794803682
7  -0.000430893389762  -0.00113835157395  -0.00253302361516
8  -0.000768414680276  -0.00128117998445  0.00144710923786
9  -0.000423297832402  -0.00164002631433  0.000914480452069
10  -0.000712665208511  -0.000325341480896  0.0014561709785
11  -0.000657104248835  -0.000284418801772  -0.00169688829944
12  -0.000239068741744  -0.000399522879565  0.000820399548813
13  -8.59391928434e-05  0.000112556298219  -0.000181824406095
14  -0.00209996852313  -0.000330013380074  -0.000299041457325
15  -0.000611270796104  -4.19217629003e-05  -0.000619764442481
16  7.27703274051e-05  -4.68009548122e-05  -0.00024057738631
17  -0.00023998894436  -0.000119940755286  -0.000995467615142
18  -0.000656581025929  -0.000523419133466  0.00163743509308
19  -0.000239049547684  -0.000127326648581  0.000993771632862
20  -0.00210058256985  0.000505666030394  1.58737512954e-05
21  -0.00197673341954  7.72402315428e-05  0.00101763423283
22  -0.00833854664211  -0.00101246955407  -0.00921004906892
23  -0.0143339969085  0.0033044374361  -0.00133841305246
24  0.00232654582266  -0.0129236817741  0.00619696983671
25  -0.00155713195873  -0.0125118188195  -0.0137288022839
26  -8.09747940681e-08  -0.0130381245414  0.00249720731508
27  -0.0128750398594  -0.00345146339245  -0.0133323290075
28  -0.000438128817176  -0.00360844242906  0.00326272442701
29  -0.00363745280115  -0.000465001644712  -0.00569833305645
30  0.000223970994199  -0.00139734809629  -0.000247566977287
31  -0.000735780977463  -0.000956150621493  0.00210329220359
32  -8.83084026592e-05  -0.00159358873416  0.00150336626734
33  -0.000423019811507  -0.000595008626207  -0.000754208736193
34  -0.000735498860057  -0.000202105904843  -0.00165885126807
35  0.000212759019552  -0.0012612817978  0.000314063670973
36  -0.00151721230215  -0.0123277340758  0.0151310827512
37  0.00166503904501  -0.014985516471  -0.004352022081
38  -0.00194029632139  -0.00419022026481  0.00874406709952
39  -0.00503986105988  0.00192858440627  -0.00013845069395
40  -0.000196320759382  -0.00593563089709  0.00699476236499
41  -0.00839962531562  0.00157694572083  0.00793564502773
42  -0.00095417294297  -0.00146110590685  -0.0017344099353
43  -0.00271643971741  -0.000371407494322  -0.00669345498588
44  -0.00266766123397  -0.0013778134084  0.00440295888234
45  -0.000737595930135  -0.00121935853274  -0.00236120587759
46  -0.00163346607748  -0.00770171650617  0.0127533984538
47  -0.000588119255521  -0.00615606191873  -0.0113998547081
48  -0.0023599542199  -0.0114425147114  0.0162508427964
49  -0.00148061233263  -0.00916096931519  0.0145589405273
50  -0.0157270211203  0.00172795886442  -0.000792145543162
51  -0.00229107744098  -0.011250317044  -0.0202916799966
52  -0.00215639423353  -0.00115319083321  -0.001142294394
53  -0.000581179572046  -0.0046837676734  0.00356291725993
