1  -4.97443366513e-07  -0.0219283062075  -0.0032661833944
2  -0.0210101795705  -0.00166338746581  0.019932797609
3  -0.0293656477541  0.00647812818458  0.000354160882066
4  0.00265364968165  -0.0200721746696  -0.0119441945325
5  -0.00122312144788  -0.0128007060784  0.016299282147
6  -0.00536604494441  -0.00125543675527  0.0056432930664
7  -0.000398170539953  -0.00134485734272  -0.00273227574905
8  -0.000804341181127  -0.00119643806289  0.00130800869679
9  -0.000438359563871  -0.00156773981021  0.000770173496916
10  -0.000660682936248  -0.000370528083676  0.0014319335738
11  -0.000664121919438  -0.00025481552618  -0.00162987005683
12  -0.000189332732114  -0.00034769814557  0.000703610559892
13  -7.19911345137e-05  0.000102797459004  -0.000139502335742
14  -0.00230407693278  -0.000354977306025  -0.000581592915422
15  -0.00051221272472  -4.42854389845e-05  -0.000551558406243
16  6.92507780854e-05  -4.52274760362e-05  -0.000186015587338
17  -0.000189881442337  -0.000138298985338  -0.000923947487183
18  -0.000669630521809  -0.000431327050132  0.00148168579823
19  -0.000189341847678  -0.00013171672177  0.000934767651154
20  -0.00231877141992  0.000541697927771  0.000195757746639
21  -0.00231032943346  8.27745076507e-05  0.00129347263288
22  -0.0117789243952  -0.00171127462325  -0.0126524088003
23  -0.021465830571  0.00413172742873  -0.00223661861732
24  0.00264295457778  -0.0193767580513  0.00890447570758
25  -0.00267155796869  -0.0202601931761  -0.0210847478156
26  -4.95745199961e-07  -0.0219116874829  0.00326075080999
27  -0.021081791876  -0.00567386715654  -0.021873755587
28  -0.000408223493801  -0.00449513069618  0.0037588424703
29  -0.00477508788024  -0.000774691175966  -0.00718877891004
30  0.000176264610781  -0.00128417103992  -0.000347893025548
31  -0.000691962678036  -0.00112888101588  0.00220149282417
32  -0.000178179617739  -0.00162331498079  0.00172466187778
33  -0.000444444248042  -0.000593518644504  -0.000657612164506
34  -0.000690310366062  -0.000228226200534  -0.00161235637865
35  0.000182549507827  -0.00122246880126  0.000386130936374
36  -0.0026133426937  -0.020460834405  0.0236838247859
37  0.00218598947097  -0.0248758635492  -0.00637821575602
38  -0.00277614847123  -0.00541806676814  0.0114668746323
39  -0.00639566724352  0.0024569613295  -0.00016884877838
40  -0.000247127179158  -0.00794450314437  0.00892088418303
41  -0.011852317912  0.00202866960207  0.010789744329
42  -0.00116563107763  -0.00149168609748  -0.00203433399226
43  -0.00343953129452  -0.000471061174664  -0.00852924459414
44  -0.00339316371357  -0.00151520171763  0.00527998182366
45  -0.000813685677259  -0.00147354841304  -0.00277586290432
46  -0.00290364303047  -0.0111825503914  0.0182150571946
47  -0.00111539982867  -0.00860141278327  -0.0158135239765
48  -0.00453381204627  -0.0184144189364  0.0261970142749
49  -0.00290836615642  -0.0139356021744  0.0210585901413
50  -0.025159292199  0.00225415038625  -0.000682660048478
51  -0.00441617160836  -0.0186845428354  -0.032653318356
52  -0.00251880125901  -0.00120757710698  -0.00153071623282
53  -0.000629636801986  -0.00609132462295  0.00441135136263
