1  2.058305881e-08  -0.0116141329032  -0.00205507676336
2  -0.0107886896515  -0.000713690941939  0.0105886105151
3  -0.00776605953826  0.00218639233307  -0.000901825826488
4  0.000892574346261  -0.0031262690634  -0.00260096518237
5  -0.00018315626358  -0.00121528651819  0.00257980377502
6  0.000371572631626  0.000199302812426  -0.000317670603279
7  6.99993616307e-05  0.000320896506001  0.000581021463913
8  0.000213844691949  0.000315599690516  -0.000360199863068
9  0.000105170389997  0.000424246003015  -0.000205283963314
10  0.000189551115995  9.45927856539e-05  -0.000386580078487
11  0.000208907491541  5.30277305195e-05  0.000483912722422
12  5.7396378487e-05  9.9514823974e-05  -0.000246258470899
13  3.6754492843e-05  -4.44053645686e-05  3.84229098983e-05
14  0.000507998332248  9.93576787037e-05  7.18560852176e-05
15  0.000168431332984  3.54886352576e-06  0.000187402613816
16  -3.63545390943e-05  2.01846207229e-05  7.29898606735e-05
17  5.78009323797e-05  9.57900583255e-05  0.000342787466795
18  0.000213594221765  0.000119783085716  -0.000435970217599
19  5.75397787586e-05  8.21222708187e-05  -0.000350054323809
20  0.000516598876684  -0.000118580053155  -8.92930859951e-05
21  0.00039124297273  7.49692068383e-05  -0.000189302021401
22  -0.000663167580664  -6.52190563997e-05  -0.000780994826246
23  -0.00345568614968  0.001246557648  -0.000847317646784
24  0.000892847104979  -0.00497441974918  0.00357409508701
25  -0.000831247652134  -0.0082040198624  -0.00933367938177
26  2.23043986234e-08  -0.0115917884678  0.0020549123342
27  -0.0107965658383  -0.00289491780341  -0.0111812650315
28  7.06218647186e-05  0.000613297097057  -0.000484978437481
29  0.000332652949133  0.000203090699869  0.000251445443095
30  -3.47425495303e-05  0.000389174211388  0.00014487052198
31  0.000185588217081  0.000332473597416  -0.000629210590044
32  5.84117476989e-05  0.000451795238627  -0.000504275086773
33  0.000113847736007  0.000158052764437  0.000213783442828
34  0.00018391392975  8.56211479403e-05  0.000495439459767
35  -5.80691898469e-05  0.000329961460829  -8.03480724161e-05
36  -0.000810954788372  -0.00759780860618  0.00940089407838
37  0.00136899452157  -0.0128099158501  -0.00319729202573
38  0.000267640234648  -0.000107776304846  -0.000187235992927
39  0.000461559307432  -6.46430608386e-05  0.000406859764149
40  -9.96158069048e-05  0.000253654720752  0.000191275892164
41  -0.000678852423121  0.000409331384418  0.000157755456238
42  0.000251583583783  0.000364430215468  0.000407075879635
43  0.000473917416969  -8.93591407517e-05  0.0003629711446
44  0.000465821503874  0.000210864332154  -0.000669817944466
45  0.000174809690863  0.000278207531305  0.000363164846324
46  0.00015480689606  -0.00156026137843  0.00218149050883
47  -0.000170389386344  -7.04029539526e-05  -0.00108811671822
48  -0.00134499153789  -0.00700260032139  0.0101535133974
49  -2.20114103215e-05  -0.00410226000472  0.00550286878348
50  -0.0104006709857  0.00141275845314  -0.000609351945207
51  -0.00136143068315  -0.00432163766657  -0.00942348620373
52  0.000400273582998  0.000278608057213  0.000144129985092
53  0.000158443528732  0.00040612234056  -0.000245425599664
