1  8.19860051238e-08  0.0124222684484  0.00256197825227
2  0.0100000142386  0.000858663313441  -0.0110259948316
3  0.00683969107921  -0.001681452134  0.000600031453231
4  -0.00107958897458  0.003442301182  0.00228939311354
5  0.000171913702635  0.00194717563803  -0.00333887496368
6  -0.000180824224454  -0.000231443774792  0.000116061038187
7  -0.000118705895628  -0.000259943057485  -0.000581290929159
8  -0.000218781518763  -0.000464844967965  0.000530409442391
9  -0.00013757378255  -0.000554712640507  0.000392143967718
10  -0.000271673556944  -7.50772636676e-05  0.000436613851605
11  -0.000226684587194  -9.01379445413e-05  -0.000563618705255
12  -9.92174807927e-05  -0.000162752663518  0.000337261156648
13  -4.01198549409e-05  4.9730611223e-05  -7.73330901325e-05
14  -0.000491037920523  -0.000129950221887  7.88092254215e-05
15  -0.000248880682449  -5.18051567738e-06  -0.000243668768789
16  3.05789239264e-05  -3.14929045587e-05  -9.41617763847e-05
17  -9.89097182657e-05  -5.53514035978e-05  -0.000396914778606
18  -0.000220419972275  -0.000218403391186  0.000588634842598
19  -9.93236878978e-05  -7.0574381432e-05  0.000391377856245
20  -0.000481471158759  0.00010861122523  -1.07924009854e-05
21  -0.00034328397745  -0.000102638981181  6.81009257884e-05
22  0.000949750605174  7.85039523169e-05  0.00113647797391
23  0.00371287773973  -0.00135571793808  0.000372987962646
24  -0.00107880739441  0.00657935531319  -0.00428387751615
25  0.000819344434533  0.007942092274  0.00998520634096
26  8.10778559923e-08  0.012431703512  -0.00257010601193
27  0.0100320054891  0.00269080396187  0.0103911809513
28  -0.000112465530771  -0.000441553794955  0.00039243546062
29  -0.000187140810727  -0.000197154644806  1.81743598909e-05
30  7.51848001795e-05  -0.000506022668507  -3.19402290038e-05
31  -0.000241095970572  -0.000263453822061  0.000620047170886
32  -2.1607333514e-05  -0.000492126106414  0.000420174572582
33  -0.000127363189857  -0.00021416691991  -0.000351485094334
34  -0.000242771790329  -6.84778871065e-05  -0.000561387118718
35  6.66392337144e-05  -0.00041964267066  2.84945487402e-05
36  0.000797733908822  0.00802492779276  -0.0102721866718
37  -0.00164486955688  0.0124711007563  0.00219220239816
38  -0.000110283044846  0.00031091315219  -0.00037640998192
39  -0.000259615069099  -2.15474218591e-05  -0.000319287801468
40  7.22598658871e-05  0.000122749286648  -0.000571986053797
41  0.000981052933771  -0.000426457724261  -0.000536392493967
42  -0.00019538881925  -0.000417135035114  -0.000279816427386
43  -0.000342458725087  7.0833040434e-05  -0.000102085998985
44  -0.000326566487146  -0.000231892100224  0.000509504430139
45  -0.000220113400081  -0.000228646083266  -0.000269585319
46  7.60393733867e-05  0.00205768887496  -0.00321522309821
47  0.000151637879793  0.000371438917081  0.00146631734636
48  0.00126035345661  0.00753185808905  -0.0109725239692
49  0.000295469720753  0.00523081317217  -0.00719489103845
50  0.0104372642701  -0.00171577055146  0.00123277825192
51  0.00127202787823  0.00397820079867  0.00800442778243
52  -0.000365730246529  -0.000345300328191  6.94597742702e-06
53  -0.000206499912876  -0.000208713140326  9.91962331308e-05
