1  1.2964812665e-08  0.0134651293998  0.00276702067455
2  0.0108106430935  0.000956118254319  -0.0119786476481
3  0.00761154361096  -0.00179815124613  0.000606503226412
4  -0.00121861863447  0.0039808076591  0.00255974601602
5  0.0001970408519  0.00233196680084  -0.00385590539031
6  -0.000194322811777  -0.000287434918793  0.000134309125758
7  -0.000156878898282  -0.000314921394698  -0.000733989911538
8  -0.000263769449012  -0.000542092184879  0.000624090165155
9  -0.000154005322052  -0.000658014478515  0.00044892411283
10  -0.000335439040032  -8.38649784181e-05  0.000544666559454
11  -0.000283697676938  -0.000117081941568  -0.00071678614848
12  -0.000121337650688  -0.000177939713272  0.00041611549269
13  -5.85366376515e-05  6.41188854274e-05  -8.41849916617e-05
14  -0.000612267460314  -0.000145480614735  0.000114295701937
15  -0.000303109704419  3.24486887641e-06  -0.00028973431141
16  4.30547498652e-05  -4.23339254249e-05  -0.000118797746719
17  -0.000121305748278  -9.67473774204e-05  -0.000527957207777
18  -0.000277520430184  -0.000249244693408  0.000712266465351
19  -0.000121495587352  -0.000104727480114  0.000523723466836
20  -0.00060969742844  0.000137358708142  -3.29772880091e-05
21  -0.000412799172435  -0.000121599329202  5.60448713601e-05
22  0.00112595771339  9.57035217791e-05  0.00133923682661
23  0.00427533873388  -0.00152239530788  0.000353862351054
24  -0.00121703518023  0.00753641375816  -0.00478707453216
25  0.000928901847819  0.00875101356168  0.0109540058891
26  1.79095212986e-08  0.0134794575582  -0.00277179764074
27  0.0108577713097  0.0029129935609  0.0112478653797
28  -0.000151833536924  -0.000514041820239  0.000525990615501
29  -0.000194574132518  -0.000221227249705  4.57498470541e-05
30  9.28366285122e-05  -0.00061271197669  -7.25420432149e-05
31  -0.000308770744758  -0.000337200446221  0.000823059840668
32  -1.43775547837e-05  -0.000636999117734  0.000549709853542
33  -0.000150073134689  -0.000252785024054  -0.000440758464408
34  -0.000309320650453  -8.33286950426e-05  -0.000706565393782
35  8.82591498492e-05  -0.000514245341428  2.84087231612e-05
36  0.000899945821482  0.00886922272831  -0.0112974522532
37  -0.00178648436809  0.0135473065346  0.00232850943296
38  -9.53470738549e-05  0.000369455793181  -0.000495019613922
39  -0.000297369609005  -2.71676602913e-05  -0.000347785045008
40  7.05626792841e-05  0.000199702015322  -0.00067500070784
41  0.00115983041903  -0.000473066496683  -0.000674035478926
42  -0.000222715892518  -0.000526768455285  -0.000362032324639
43  -0.000381833023687  6.84138930174e-05  -0.000124420784312
44  -0.000364491267893  -0.000301198023428  0.000635489552817
45  -0.000274082366183  -0.000263219964002  -0.000318347347213
46  0.000145462200751  0.00239869483207  -0.00378125842682
47  0.00017639763519  0.000475186566248  0.00171581190188
48  0.00141983026827  0.00832056395462  -0.0120841147954
49  0.000399674381095  0.00595088311588  -0.00823145444827
50  0.0115321257619  -0.00185687929223  0.00133572224335
51  0.00143976553883  0.00447409457079  0.00882819348151
52  -0.000431885334735  -0.000420128723065  1.42871223888e-05
53  -0.000259659511853  -0.000220065408599  0.000123597562231
