1  1.3918128933e-07  0.000805930126923  -2.73836180014e-06
2  0.000495844218983  0.000190226810334  -0.000611230700103
3  -0.00136654992138  0.000355253839982  0.000323899743077
4  0.000416089325654  -0.00181361344317  -0.000911835531934
5  -2.01357969823e-05  -0.00146369243995  0.00192738396065
6  -0.000787002287952  -8.39079936915e-05  0.000860838296131
7  2.34305947073e-05  -0.000229246488144  -0.000304311414712
8  -0.000122788653552  -0.000161914011859  0.000163431839707
9  -6.6205691701e-05  -0.000225203873263  8.18950851922e-05
10  -2.24366355502e-05  -8.47300485133e-05  0.000172104129213
11  -9.27152819545e-05  9.37219331605e-06  -0.000133789149026
12  -1.56783407598e-05  -0.000117316622079  7.60342949266e-05
13  1.35982802419e-05  4.81385554964e-06  -3.78360073191e-05
14  -0.000274184677563  -5.89763540997e-05  -0.000222128369709
15  -5.94434178951e-05  -5.43828457241e-05  -0.000111239207612
16  -6.83074305847e-06  7.70791110072e-06  -1.22056802947e-05
17  -1.30571350072e-05  5.25068796617e-05  7.89607033091e-06
18  -6.80510811773e-05  -7.721881455e-05  0.000160871454921
19  -1.55590212102e-05  3.55331256513e-05  -3.82477494354e-06
20  -0.00029037767076  7.88908917064e-05  0.000149520810966
21  -0.000343099227016  5.71413770259e-05  0.00036174161089
22  -0.00132638229463  -6.58241209752e-05  -0.00158518458664
23  -0.00188874852203  0.000502096297704  5.31860077786e-05
24  0.00042105471361  -0.00169230256221  0.000618182055194
25  -9.26814037188e-05  -0.000288352183115  -0.000335869315712
26  1.39265468312e-07  0.000798002477785  -1.78047776534e-07
27  0.000506338602744  0.000136873082467  0.000526519488446
28  1.60854369866e-05  -0.000707918321345  0.000428359582102
29  -0.000692472124217  -3.99396664601e-05  -0.00119883365981
30  3.21004269134e-05  -0.000157153598134  1.01218501333e-05
31  -3.07880974391e-05  -0.000134990414337  0.000127123371246
32  -7.84748200724e-05  -9.04203047997e-05  0.000168615025031
33  -6.5644334928e-05  -4.78071728584e-05  5.01016925415e-05
34  -2.30753195327e-05  -3.10536907427e-05  -0.000148199797784
35  -6.86075208161e-06  -0.000111079681276  0.000135700531504
36  -8.3191119902e-05  -0.000533301826598  0.000828290179184
37  -3.44664929462e-06  0.000693439045555  -6.09808435956e-05
38  -0.000396171601709  -0.000751859923101  0.00178445264804
39  -0.000914867043417  0.000347401188181  -0.000210132321396
40  4.5513128284e-05  -0.00120654012563  0.00133827630767
41  -0.00133513208316  0.000218130383528  0.00147552434251
42  -0.000211390768471  -0.000120923756784  -0.000301051447068
43  -0.000575815913607  1.80856821218e-05  -0.00114119462483
44  -0.000560761158123  -0.000116765721698  0.000714112727405
45  -1.49374091634e-05  -0.000283332709948  -0.00047428104362
46  -0.000262012230995  -0.00121851550954  0.00221099938191
47  -6.79252402679e-06  -0.00110465416783  -0.00183071541003
48  -3.25187489942e-05  -0.000582464038964  0.000739591494623
49  -0.000199619850953  -0.00107538595797  0.00203188574507
50  -0.00036342349089  1.86156331497e-07  -4.91264724197e-05
51  -2.68699975242e-05  -0.000971264813951  -0.00148886156387
52  -0.000395031279623  -0.000110037458093  -0.000341571799496
53  7.17600341224e-06  -0.000889458010962  0.000668332295528
