1  -7.77827419877e-08  0.00722268516063  0.00184730703371
2  0.00616615392329  0.000184434667159  -0.0066108746258
3  0.00766658213802  -0.00180205259363  -0.000214925302328
4  -0.00184189100314  0.00701494533091  0.0035235566179
5  0.000223448014111  0.00577814614793  -0.00811855045439
6  0.00252882788794  0.00066578188053  -0.00266458434522
7  0.000258988410574  0.000822317243523  0.00172498021664
8  0.000522403684622  0.000598964806992  -0.000682278849237
9  0.000252184611037  0.000865452396864  -0.000285805039769
10  0.000402871812775  0.000243859765662  -0.000915912722245
11  0.000465749637315  0.000166927422369  0.00109902744309
12  9.40530770186e-05  0.000167890180938  -0.000425062437392
13  7.87077253068e-05  -8.18266243893e-05  3.49433907057e-05
14  0.00144707172546  0.000166698631517  0.000301809237857
15  0.000285875585215  -1.98396846612e-05  0.00031036769443
16  -7.23305722903e-05  6.69564478366e-05  9.3607394767e-05
17  9.55608155411e-05  0.000225140536328  0.000786715684036
18  0.000477426117488  0.000142018804063  -0.000895615881548
19  9.3962442948e-05  0.000217692630521  -0.000781696495842
20  0.00144475859592  -0.000349621898981  -9.32637453885e-05
21  0.00126326519028  -7.14745256085e-06  -0.000714825450598
22  0.00443018042257  0.000369679564843  0.00513365106375
23  0.00735389919993  -0.00218511948429  -0.000218137031783
24  -0.00183675283674  0.00929337995687  -0.0049733051828
25  0.000678077055743  0.00622828157419  0.00762993162617
26  -7.95082374107e-08  0.00722185693898  -0.00184960219873
27  0.00619629614226  0.00165919914927  0.00641276551043
28  0.000260649459384  0.00257487210583  -0.0023487391331
29  0.00223361014442  0.000194940198003  0.003650324172
30  -0.000120014062258  0.000738997802818  0.000399321451583
31  0.000463201858834  0.000809684847923  -0.00165972738223
32  8.52459778696e-05  0.00117183773307  -0.00130874910275
33  0.000252064638363  0.00035132106429  0.000403034386624
34  0.000466097280094  0.000175506330898  0.00110709125393
35  -0.00012716886632  0.000773742513698  -0.000268746908769
36  0.000658295173783  0.00696217299676  -0.0090650105749
37  -0.00119718626809  0.00754806659377  0.00174733851279
38  0.00137923890142  0.00307793497817  -0.00666115832647
39  0.0030567393566  -0.00102853035896  0.000565018709229
40  1.46796323494e-05  0.00443298291228  -0.00529851875408
41  0.00448577092879  -0.000637083473312  -0.00467736026869
42  0.000668757313415  0.000943209533878  0.00129445986493
43  0.0019313645192  0.000110916660683  0.00371593742024
44  0.00189005812875  0.000941709976871  -0.00318056171145
45  0.000457566930219  0.000827468036505  0.00147733867916
46  0.00089858761284  0.00511359489376  -0.00886733194376
47  0.000172134375239  0.00363959511577  0.00595408972391
48  0.00105763158372  0.00654996314513  -0.00960013907319
49  0.000706307433905  0.00676022614353  -0.010550248647
50  0.00814556979175  -0.00124404736001  0.00085728552008
51  0.00102667009488  0.00485714852784  0.00863756274043
52  0.00137555435591  0.000687930755984  0.000788753967078
53  0.000357322844897  0.00285795860378  -0.00210228126993
