1  2.27880031877e-07  0.0151011402958  0.00311689971002
2  0.011953805017  0.00109792625232  -0.0133688145995
3  0.00934788309692  -0.00200732694965  0.000355578945757
4  -0.00182227729219  0.0065736585301  0.00354448420083
5  0.00022682227037  0.00497634646132  -0.00720572781347
6  0.00149039900235  0.000332661352071  -0.00165476920003
7  0.000140900957076  0.000391688292944  0.000884739036551
8  0.000241992240348  0.000257183980145  -0.000299936003693
9  0.000104434954253  0.000397059452361  -0.000103985997449
10  0.000179796075374  0.000108330691937  -0.000457572506779
11  0.000206569012189  8.97545115887e-05  0.000547841421401
12  4.69592985661e-05  7.59613217678e-05  -0.000201536830264
13  4.37968222807e-05  -3.3702571656e-05  7.25696684578e-06
14  0.000730770293322  5.75707853653e-05  0.000172729881911
15  0.000128925186264  -1.33059485002e-05  0.0001349935081
16  -3.30366215416e-05  2.54391150794e-05  4.99512455415e-05
17  4.41545277512e-05  8.92461306352e-05  0.000372712309157
18  0.000217118862591  5.12886127271e-05  -0.000411276809489
19  4.68893578391e-05  8.12866129411e-05  -0.000385683785302
20  0.000738434548741  -0.00018193977748  -1.39408595085e-05
21  0.000658618828349  -6.11118389902e-05  -0.000395246782506
22  0.0033575475577  0.000279207012907  0.00388768921719
23  0.00689252170394  -0.00218119360324  -3.7814578356e-05
24  -0.00184010740621  0.0106573142888  -0.00612149317871
25  0.0011132118676  0.0102194480954  0.012648629798
26  2.24524426663e-07  0.0151224075169  -0.00312197088543
27  0.0119127707763  0.0031975477464  0.0123436875449
28  0.000147108043835  0.00139818968756  -0.00135122848775
29  0.00130639797129  7.87652409508e-06  0.00230114889874
30  -5.77129945996e-05  0.000347774941813  0.000214905737983
31  0.000235202300295  0.000370059410853  -0.000824080112946
32  1.6474484329e-06  0.000558730137497  -0.000589541605535
33  0.000112759996341  0.000145483140976  0.000161695121028
34  0.000228621496745  7.39569105761e-05  0.000520988726875
35  -7.74144634974e-05  0.000354598460611  -0.00013249088002
36  0.00107938617113  0.0105306022215  -0.0133608022325
37  -0.00196934778117  0.0148097812808  0.00243018267468
38  0.00079564673728  0.00211851910678  -0.00437971010855
39  0.00182938767255  -0.000690380495354  0.000130113178118
40  5.77891044319e-05  0.00286920002178  -0.00365570049205
41  0.00339492972857  -0.000654003159154  -0.00328762357018
42  0.000311713047787  0.000467643570289  0.000685040938202
43  0.00103356773108  0.000119682044316  0.00237995116099
44  0.000998399494185  0.000526062077914  -0.0017802288201
45  0.000205220148259  0.000400393874651  0.000826181745933
46  0.000677420986651  0.00453763548869  -0.00769858766948
47  0.000196226609168  0.0025093179643  0.00463041195833
48  0.0017241919412  0.00985483152109  -0.014309554951
49  0.000779092369119  0.00806485349059  -0.0117887303096
50  0.0132351286025  -0.00206214887755  0.00146082758059
51  0.00171337223268  0.00572128327535  0.0105640733909
52  0.000715308469883  0.000319955356544  0.000468137418735
53  0.000147774239113  0.00169658690084  -0.00131288140165
