1  -9.58803612898e-08  -0.00394875305215  -0.000724146089126
2  -0.00352428483946  -0.000265174027483  0.00357239697937
3  -0.00205960242017  0.000618730006482  -0.000262925803788
4  0.000297968062168  -0.000924538461729  -0.000723228202958
5  -3.37361733154e-05  -0.000454988382774  0.000899143943162
6  -0.000145084598798  -0.00012823169875  0.000162554409955
7  -0.000103359897935  -3.04548809608e-05  -0.000249993601218
8  -8.0266064305e-05  -0.000297277838087  0.000344700655206
9  -6.65723736168e-05  -0.000317212903835  0.000307132624891
10  -0.000168652180871  9.88258513262e-08  0.000222720816288
11  -7.25309067807e-05  -7.45633444095e-05  -0.000282418462564
12  -7.53833180337e-05  -0.00010467894952  0.000198219991881
13  -1.43729581518e-05  1.90202487377e-05  -6.63969500414e-05
14  -0.000182755260464  -6.54033646885e-05  0.000155144721063
15  -0.000162268961241  -7.93497081555e-06  -0.000133434457984
16  3.42738267132e-06  -1.03884391213e-05  -6.34356547565e-05
17  -7.57593761624e-05  4.24046546659e-05  -0.00016748014613
18  -6.49694376025e-05  -0.000172271448767  0.000352070638636
19  -7.54144942603e-05  2.50088698516e-05  0.000159797781073
20  -0.000170526449331  4.05931504624e-05  -0.000133387693661
21  -0.000129802673407  -1.51246264108e-05  -4.46894301696e-05
22  -0.000387912573701  -3.86375659555e-05  -0.000439017637679
23  -0.00100468167379  0.000391825365525  -0.000184384209229
24  0.000298785736798  -0.00141128761554  0.00105200307445
25  -0.000222330481664  -0.00238559541793  -0.00288385563564
26  -1.01609939842e-07  -0.00393337417233  0.000713985408965
27  -0.00353861353513  -0.000945759736014  -0.00365878744643
28  -0.000101038575222  -0.000127297078097  0.000217997226114
29  -0.000138406656815  1.19964773844e-06  -0.000232802732767
30  6.3923456452e-05  -0.000289068119856  9.30258027351e-05
31  -0.000145422339913  -5.45060731569e-07  0.000202556433382
32  5.01111268748e-05  -0.000204067045793  2.56973264234e-05
33  -5.66868269118e-05  -0.000115894240006  -0.000237586588902
34  -0.000147269866986  6.96699495249e-06  -0.000248985185073
35  5.36229485789e-05  -0.000228847115092  -4.50854003449e-05
36  -0.000211340559772  -0.00222921443051  0.00285103506124
37  0.000477370942736  -0.00427583909028  -0.000969542411344
38  -1.85527626839e-05  -0.00024347619506  0.000361711305286
39  -0.000218897382188  8.10900903636e-05  7.55471450185e-05
40  -4.58807276799e-05  -0.00022534484908  0.000397152053762
41  -0.000389081434417  0.000126295729549  0.000327105803403
42  -2.10660149467e-05  -0.000212004694306  -2.56422982062e-05
43  -8.37523674358e-05  -5.25287676614e-05  -0.000306909896454
44  -7.27680648306e-05  -0.000158917676407  0.000216890811303
45  -0.000113476155951  -3.92631367208e-05  -0.000113084500693
46  4.20393177157e-05  -0.000527094223891  0.000801853196893
47  -2.94097031482e-05  -0.000226188940175  -0.000572454706115
48  -0.000339139520112  -0.00210021213587  0.00306651444016
49  3.91815773041e-05  -0.00115651153819  0.00159041926514
50  -0.00310522592539  0.000490205520778  -0.000259363956374
51  -0.000354370813021  -0.0011203511871  -0.00254907113116
52  -0.000141636751188  -0.000185846990091  8.00146270329e-05
53  -0.000103541790183  -0.000174648139279  0.000148234287471
