1  4.51833213937e-08  0.00254622239595  0.000557763918559
2  0.00218803103195  0.000125566447385  -0.00232286308684
3  0.0013836940338  -0.000398206607322  0.000186169493098
4  -0.000166776847358  0.000469273813921  0.000430406939386
5  4.59557272377e-05  0.000105775424109  -0.000357123271337
6  -0.000318457437843  -0.000231542745777  0.000290375577825
7  -0.00014523397743  -0.00015661972623  -0.000509504841663
8  -0.000193775550971  -0.000592638209309  0.000687921497342
9  -0.000143754656374  -0.000638788750207  0.000597726678628
10  -0.00030179972821  -3.34048941864e-05  0.000431428911094
11  -0.000173663358006  -0.000109623999451  -0.000536995441771
12  -0.000134426978489  -0.000232641779901  0.000381229122297
13  -2.81464719481e-05  3.57515788725e-05  -0.000117236426733
14  -0.00039503205138  -0.000150118472076  0.000188133657998
15  -0.000311800203631  -4.04534526264e-05  -0.000293381138642
16  1.06587298273e-05  -1.58510007372e-05  -0.000121121372236
17  -0.000135681750099  6.14725065729e-05  -0.000304552558352
18  -0.000156040578237  -0.000335316623893  0.000680374994047
19  -0.00013434865506  4.72306193793e-05  0.000287595482784
20  -0.000380777611568  8.74603460123e-05  -0.000110895660896
21  -0.000309808091103  -5.9781113848e-05  4.12043379157e-05
22  -8.69166376016e-05  -1.47804164619e-05  -7.26613633032e-05
23  0.000519249190843  -0.00022423528708  0.00016072034882
24  -0.000164221627294  0.00107833463026  -0.000831113990104
25  0.000131918184276  0.00165517198801  0.00205526205903
26  4.94181350179e-08  0.00258478728546  -0.000570478264525
27  0.0021830950059  0.000585275322293  0.00226071871149
28  -0.000137153004502  -0.000389311025067  0.000361900714363
29  -0.000312154503658  -0.000103427817288  -0.000358517391004
30  0.000111589089905  -0.00057095936373  0.000160566057085
31  -0.000248636748595  -0.000100373958521  0.000394944904963
32  2.51138564551e-05  -0.000393808575446  0.000155197735624
33  -0.000127721412088  -0.000234144834133  -0.000396598195983
34  -0.00025677731023  -1.23993201757e-05  -0.000511341355812
35  8.63664644499e-05  -0.000443142441178  -2.76321381259e-05
36  0.000121639071483  0.00161337566174  -0.00203579212338
37  -0.000359828351293  0.00261919261538  0.000582799023411
38  -0.000143148187451  -0.000179310042499  0.00042000599439
39  -0.000423075218108  0.000106533264353  -0.000113075013964
40  8.89786621335e-06  -0.000337462141324  0.00026539671674
41  -7.47766502708e-05  -7.48516111332e-05  0.000260707082242
42  -0.000145160637305  -0.000395488653868  -0.000131042038435
43  -0.000304540466957  -3.04163555912e-07  -0.000446416932977
44  -0.000283035829331  -0.000250740204142  0.000461971455037
45  -0.000205259766631  -0.000177890365871  -0.000281590644237
46  -5.83128850861e-05  0.000214624350477  -0.000245924530376
47  4.25569206816e-05  -0.00020716895935  -7.22524355159e-05
48  0.000249902701652  0.00146079354383  -0.00219541238138
49  -6.99750678319e-06  0.000937112635115  -0.00116848410201
50  0.00213145246542  -0.000379885147217  0.000207060409583
51  0.000256629412973  0.000756713249738  0.00170213343117
52  -0.000347319450257  -0.000359720382483  7.33645848411e-05
53  -0.000183210513549  -0.000363104226557  0.000233733396986
