1  -5.95351884136e-08  -0.010985476246  -0.00205210479031
2  -0.0104442196189  -0.000554641435752  0.0100860939853
3  -0.0097874937359  0.00267445221589  -0.000484186695063
4  0.00134495786071  -0.00566395733238  -0.0038881070678
5  -0.000254182903794  -0.00318561747928  0.00509131247965
6  -0.000939237515077  -0.000211690228966  0.00104747358691
7  -0.000122782803099  -0.000109119362188  -0.000434345605452
8  -0.000133999992588  -0.000442382459243  0.000503297855561
9  -0.000102148950417  -0.000471441974391  0.000448909931082
10  -0.000194490204053  -2.14084124059e-05  0.00031357455634
11  -7.64892376262e-05  -8.70028117502e-05  -0.000335653630273
12  -0.00010103053773  -0.000172077108906  0.000244195010365
13  3.00797987394e-06  9.86934203792e-06  -0.000107032298775
14  -0.000321739171937  -0.000103276477061  7.06131319965e-05
15  -0.000218995196158  -5.08537824389e-05  -0.00019853222787
16  -1.15022450439e-05  1.17018745927e-05  -9.14214728985e-05
17  -0.000103044255547  0.000129725311718  -9.06177912145e-05
18  -6.46850292224e-05  -0.000270329196386  0.000474406503667
19  -0.000101022901114  0.000115854194931  7.60971674773e-05
20  -0.000311853558519  8.14132319223e-05  -0.000131767860602
21  -0.000364322486069  6.98557700099e-05  0.000172795857868
22  -0.0026971239658  -0.000249458030905  -0.00311648905063
23  -0.00612058981751  0.00183188980939  -0.00088644109585
24  0.00134422694393  -0.00688806585154  0.00412982424549
25  -0.000973442477716  -0.0087116009072  -0.00986933942181
26  -6.11000380517e-08  -0.0109508349721  0.00204270569527
27  -0.0104180588779  -0.00279094488997  -0.0107844769384
28  -0.000125731811784  -0.000644856376378  0.000611257470855
29  -0.000820591412911  4.94971806807e-05  -0.00156239229604
30  8.99416739311e-05  -0.000396238427498  0.000192349350099
31  -0.000170391943833  1.22926463771e-05  0.00015992786861
32  3.7098586443e-05  -0.000214762937503  -1.74986091635e-05
33  -9.48625323222e-05  -0.000150348121489  -0.000225319151871
34  -0.000175290232873  2.42629488298e-05  -0.000295781441504
35  6.62778118141e-05  -0.000300199190341  -3.522198117e-06
36  -0.00095192820039  -0.00827260245005  0.0103684743924
37  0.00135130460605  -0.0122263712823  -0.00327269174039
38  -0.000367657188282  -0.00134349579145  0.0025397951195
39  -0.00114445695537  0.000500947537748  0.0001779404414
40  -0.000113604424174  -0.00159158915619  0.0022918971393
41  -0.00273981028665  0.00072540685882  0.00235095301232
42  -0.000130128000145  -0.000284507002193  -0.000165688819104
43  -0.000483782577317  -0.000155728908915  -0.00164560397538
44  -0.000480579776955  -0.000300650474355  0.000811153689805
45  -0.000127988997434  -0.000192454602636  -0.000487218257008
46  -0.000274851418692  -0.00317880874959  0.00510569238958
47  -0.000210812673165  -0.00176082774683  -0.00385535505953
48  -0.00145668277041  -0.00773385041985  0.0110766453066
49  -0.000356142933317  -0.00521539610184  0.00779712593323
50  -0.0109764553571  0.00139924672481  -0.000674250644424
51  -0.00143598498113  -0.00578058263288  -0.0115963812056
52  -0.000410095122421  -0.000265187929299  -0.000137942058457
53  -9.18382425303e-05  -0.00105874500343  0.000842184574707
