1  6.54633116559e-07  0.0217896828028  0.00414169273843
2  0.0165110561755  0.00197806344726  -0.0190550396943
3  0.0152871531706  -0.00185739532162  0.000204388008544
4  -0.00293923790772  0.013598916205  0.00591473799207
5  0.000706437622123  0.0116315918667  -0.0148812793605
6  0.00415479118863  0.000938781802961  -0.00388623914512
7  0.000278341891219  0.00119270054571  0.00224275363904
8  0.000659915657574  0.000865459439194  -0.00091714409598
9  0.000362023707131  0.00115462285577  -0.000481902868956
10  0.000515606972583  0.000317464845752  -0.0011292796266
11  0.000558547230291  0.00019718512803  0.00133245759867
12  0.000112285202622  0.000288630300505  -0.000502590498305
13  8.38283120584e-05  -8.15581396215e-05  4.21718276796e-05
14  0.00192917206226  0.000324044627781  0.000594535425699
15  0.00035198631722  2.29618199613e-05  0.00041918747476
16  -7.14221082197e-05  6.84835432443e-05  0.000105313375521
17  0.000112465070722  0.000184308333785  0.000887865690414
18  0.000558053083577  0.000231039813152  -0.00109639628401
19  0.00011217170589  0.000167213154917  -0.000875842084704
20  0.00193719745498  -0.000437400403192  -0.000297577001535
21  0.00181101628363  6.31559938936e-05  -0.00109109238386
22  0.00767794086755  0.000967755376372  0.00854496679647
23  0.0140971433354  -0.00347270043246  -0.000982264399046
24  -0.002962432646  0.0209956764153  -0.0108996579555
25  0.00200846223087  0.016674113458  0.0193964082469
26  6.63176298723e-07  0.0218222554794  -0.00414337712187
27  0.0164933390611  0.00443925623775  0.0171135223796
28  0.000286315430807  0.00408580769427  -0.00326446145342
29  0.00370160399882  0.000554676085597  0.00566790750117
30  -0.000139866669891  0.000922205013669  0.00041134944391
31  0.000556585761324  0.00107933865667  -0.00200151993635
32  0.000178233782222  0.00142224893904  -0.00165082687656
33  0.000359190887522  0.000493371226413  0.0005400600159
34  0.000555217750457  0.000200289475029  0.00133657073163
35  -0.000141078156261  0.000974088777878  -0.000318085420771
36  0.00195212183978  0.0169895094907  -0.0199074046723
37  -0.00264407139173  0.0209558278438  0.0026808338789
38  0.00275590574711  0.00526114789608  -0.0117661976492
39  0.00472855985614  -0.00149020225499  0.00122544207471
40  -4.7402693762e-05  0.0080710798893  -0.00897620538031
41  0.00777237669305  -0.000620418541942  -0.00787618112251
42  0.00102425575996  0.00119318311625  0.00170360199036
43  0.00317835277347  9.01313117616e-05  0.00552977371303
44  0.0031017697216  0.00126120222018  -0.00469556695633
45  0.000636707191004  0.00126423464939  0.00203898263767
46  0.00251372969594  0.00985262688016  -0.016875612238
47  0.000606466962763  0.00650007461371  0.00976530330954
48  0.00360939528387  0.0153260490726  -0.0221935844664
49  0.00248613392993  0.0155826896988  -0.0226862127572
50  0.0213107022502  -0.00276415744024  0.00173799148299
51  0.00352268608795  0.00996763707582  0.0157760509041
52  0.00198260437488  0.000973864363225  0.00117496254706
53  0.000511831411367  0.00459863612059  -0.00296902213263
